ReferenceID	uniqueReadCount	totalReadCount	multimapAdjustedReadCount	multimapAdjustedBarcodeCount
tRNA-Gly-GCC-1-5	2050	82718	13605.105474857217	0.0
tRNA-Gly-GCC-1-3	2050	82718	13605.105474857217	0.0
tRNA-Gly-GCC-1-4	2050	82718	13605.105474857217	0.0
tRNA-Gly-GCC-1-1	2050	82718	13605.105474857217	0.0
tRNA-Gly-GCC-1-2	2050	82718	13605.105474857217	0.0
tRNA-Gly-CCC-1-2	2087	121355	12168.942476744092	0.0
tRNA-Gly-CCC-1-1	2087	121355	12168.942476744092	0.0
tRNA-Gly-GCC-2-1	2315	125442	11741.16080841247	0.0
tRNA-Gly-GCC-2-5	2315	125442	11741.16080841247	0.0
tRNA-Gly-GCC-2-4	2315	125442	11741.16080841247	0.0
tRNA-Gly-GCC-2-3	2315	125442	11741.16080841247	0.0
tRNA-Gly-GCC-2-2	2315	125442	11741.16080841247	0.0
tRNA-Gly-GCC-2-6	2315	125442	11741.16080841247	0.0
tRNA-Gly-GCC-3-1	2295	125413	11738.400901652558	0.0
tRNA-Gly-GCC-5-1	2036	124367	11602.671536573174	0.0
tRNA-Glu-CTC-1-7	2372	82913	10325.7386002886	0.0
tRNA-Glu-CTC-1-6	2372	82913	10325.7386002886	0.0
tRNA-Glu-CTC-1-5	2372	82913	10325.7386002886	0.0
tRNA-Glu-CTC-1-4	2372	82913	10325.7386002886	0.0
tRNA-Glu-CTC-1-3	2372	82913	10325.7386002886	0.0
tRNA-Glu-CTC-1-2	2372	82913	10325.7386002886	0.0
tRNA-Glu-CTC-1-1	2372	82913	10325.7386002886	0.0
tRNA-Glu-CTC-2-1	2217	82181	10243.73888888889	0.0
tRNA-His-GTG-1-4	1402	33649	3713.3888888889255	0.0
tRNA-His-GTG-1-5	1402	33649	3713.3888888889255	0.0
tRNA-His-GTG-1-2	1402	33649	3713.3888888889255	0.0
tRNA-His-GTG-1-3	1402	33649	3713.3888888889255	0.0
tRNA-His-GTG-1-1	1402	33649	3713.3888888889255	0.0
tRNA-His-GTG-1-9	1402	33649	3713.3888888889255	0.0
tRNA-His-GTG-1-8	1402	33649	3713.3888888889255	0.0
tRNA-His-GTG-1-7	1402	33649	3713.3888888889255	0.0
tRNA-His-GTG-1-6	1402	33649	3713.3888888889255	0.0
tRNA-Lys-CTT-1-1	675	7919	2648.095314407826	0.0
tRNA-Lys-CTT-1-2	675	7919	2648.095314407826	0.0
tRNA-Glu-TTC-2-2	704	5566	2559.0	0.0
tRNA-Glu-TTC-2-1	704	5566	2559.0	0.0
tRNA-Lys-CTT-4-1	564	7107	2433.695566933077	0.0
tRNA-Val-CAC-2-1	253	2307	2269.1245331465916	0.0
tRNA-Val-CAC-8-1	639	17383	1160.7950668011028	0.0
tRNA-Glu-TTC-9-1	603	17253	1001.2014372280586	0.0
tRNA-Gly-CCC-6-1	613	16987	998.0999870442564	0.0
tRNA-Lys-CTT-2-1	522	5813	994.8897323264972	0.0
tRNA-Lys-CTT-2-3	522	5813	994.8897323264972	0.0
tRNA-Lys-CTT-2-2	522	5813	994.8897323264972	0.0
tRNA-Lys-CTT-2-5	522	5813	994.8897323264972	0.0
tRNA-Lys-CTT-2-4	522	5813	994.8897323264972	0.0
tRNA-Val-AAC-2-1	118	1066	979.589014580191	0.0
tRNA-Glu-TTC-4-1	575	4623	916.1076118326132	0.0
tRNA-Glu-TTC-4-2	575	4623	916.1076118326132	0.0
tRNA-Glu-TTC-3-1	431	3912	838.9793290043302	0.0
tRNA-Glu-TTC-8-1	396	3852	826.1035714285725	0.0
tRNA-Lys-CTT-3-1	253	3518	632.7183217925852	0.0
tRNA-Glu-TTC-1-2	285	1708	630.0	0.0
tRNA-Glu-TTC-1-1	285	1708	630.0	0.0
tRNA-His-GTG-2-1	210	2613	556.5000000000009	0.0
tRNA-Gly-CCC-chr1-16	245	7925	398.9430014430018	0.0
tRNA-Gly-CCC-chr1-19	245	7925	398.9430014430018	0.0
tRNA-Ala-CGC-3-1	78	2696	363.70436507936506	0.0
tRNA-Lys-TTT-3-4	288	2280	360.10079626256123	0.0
tRNA-Lys-TTT-3-5	288	2280	360.10079626256123	0.0
tRNA-Lys-TTT-3-2	288	2280	360.10079626256123	0.0
tRNA-Lys-TTT-3-3	288	2280	360.10079626256123	0.0
tRNA-Lys-TTT-3-1	288	2280	360.10079626256123	0.0
tRNA-Lys-TTT-5-1	250	2230	350.7328308945962	0.0
tRNA-Ala-TGC-4-1	76	2685	346.8948412698413	0.0
tRNA-Ala-TGC-2-1	76	2682	336.9948412698413	0.0
tRNA-Ala-TGC-3-2	75	2681	336.6615079365079	0.0
tRNA-Ala-TGC-3-1	75	2681	336.6615079365079	0.0
tRNA-Ala-CGC-1-1	74	2680	336.49484126984134	0.0
tRNA-Ala-CGC-2-1	72	2677	335.161507936508	0.0
tRNA-Ala-AGC-4-1	68	2672	333.7281746031747	0.0
tRNA-Cys-GCA-6-1	151	1810	236.72234881976246	0.0
tRNA-Leu-CAA-4-1	66	264	235.77857142857144	0.0
tRNA-Gln-CTG-2-1	328	2021	223.00770340770308	0.0
tRNA-Gln-CTG-1-4	345	2050	218.80770340770306	0.0
tRNA-Gln-CTG-1-3	345	2050	218.80770340770306	0.0
tRNA-Gln-CTG-1-5	345	2050	218.80770340770306	0.0
tRNA-Gln-CTG-1-1	345	2050	218.80770340770306	0.0
tRNA-Gln-CTG-1-2	345	2050	218.80770340770306	0.0
tRNA-Val-CAC-1-5	282	3362	217.43495664122582	0.0
tRNA-Val-CAC-1-4	282	3362	217.43495664122582	0.0
tRNA-Val-CAC-1-6	282	3362	217.43495664122582	0.0
tRNA-Val-CAC-1-1	282	3362	217.43495664122582	0.0
tRNA-Val-CAC-1-3	282	3362	217.43495664122582	0.0
tRNA-Val-CAC-1-2	282	3362	217.43495664122582	0.0
tRNA-Val-CAC-4-1	275	3352	216.69136689763607	0.0
tRNA-Lys-CTT-6-1	243	826	213.21217948717953	0.0
tRNA-Val-CAC-5-1	264	3302	211.32524609033885	0.0
tRNA-Val-AAC-1-1	259	3300	209.3730518793211	0.0
tRNA-Val-AAC-1-2	259	3300	209.3730518793211	0.0
tRNA-Val-AAC-1-3	259	3300	209.3730518793211	0.0
tRNA-Val-AAC-1-4	259	3300	209.3730518793211	0.0
tRNA-Val-AAC-1-5	259	3300	209.3730518793211	0.0
tRNA-Val-AAC-4-1	252	3291	208.74038650547925	0.0
tRNA-Val-AAC-3-1	248	3284	208.24038650547925	0.0
tRNA-Gln-CTG-5-1	254	1789	186.87258852258822	0.0
tRNA-Glu-TTC-10-1	164	945	179.63134920634906	0.0
tRNA-Val-TAC-1-1	133	402	168.95175438596502	0.0
tRNA-Val-TAC-1-2	133	402	168.95175438596502	0.0
tRNA-Ala-AGC-2-1	145	1804	164.10392385392365	0.0
tRNA-Ala-AGC-2-2	145	1804	164.10392385392365	0.0
tRNA-Ala-AGC-3-1	139	1797	161.93725718725696	0.0
tRNA-Ala-CGC-4-1	138	1795	160.60392385392362	0.0
tRNA-Ala-AGC-7-1	138	1795	159.93725718725696	0.0
tRNA-Ala-AGC-5-1	137	1794	159.60392385392362	0.0
tRNA-Gly-CCC-2-2	115	299	148.7	0.0
tRNA-Gly-CCC-2-1	115	299	148.7	0.0
tRNA-Ala-TGC-6-1	98	1566	144.48992673992655	0.0
tRNA-Gln-TTG-2-1	155	1178	137.77973137973134	0.0
tRNA-Gln-TTG-3-1	159	1181	133.32937062937057	0.0
tRNA-Gln-TTG-3-2	159	1181	133.32937062937057	0.0
tRNA-Gln-TTG-3-3	159	1181	133.32937062937057	0.0
tRNA-Gln-TTG-1-1	153	1179	133.2849261849262	0.0
tRNA-Val-TAC-2-1	91	238	127.24999999999996	0.0
tRNA-Cys-GCA-5-1	55	202	125.29948181748385	0.0
tRNA-Ala-TGC-1-1	99	1567	124.06820956820964	0.0
tRNA-Ala-TGC-5-1	98	1565	123.90154290154297	0.0
tRNA-Val-AAC-6-1	91	1550	123.1555111555112	0.0
tRNA-Ala-TGC-7-1	97	1564	122.90154290154297	0.0
tRNA-Asp-GTC-1-1	71	138	119.53846153846156	0.0
tRNA-Ala-TGC-8-1	89	1545	119.01265401265407	0.0
tRNA-Lys-CTT-7-1	155	807	114.73491630918103	0.0
tRNA-Pro-TGG-2-1	97	283	109.03521303258157	0.0
tRNA-Lys-CTT-11-1	133	779	105.06067388493858	0.0
tRNA-Val-CAC-3-1	48	129	104.14313725490199	0.0
tRNA-Ser-TGA-2-1	77	1210	102.05629984051036	0.0
tRNA-Ser-TGA-4-1	76	1209	101.55629984051036	0.0
tRNA-Ser-TGA-3-1	76	1209	101.31387559808611	0.0
tRNA-Ser-AGA-1-1	75	1207	101.05629984051036	0.0
tRNA-Ser-AGA-4-1	65	1185	100.49090909090906	0.0
tRNA-Ser-AGA-2-6	74	1206	100.31387559808611	0.0
tRNA-Ser-AGA-2-1	74	1206	100.31387559808611	0.0
tRNA-Ser-AGA-2-3	74	1206	100.31387559808611	0.0
tRNA-Ser-AGA-2-2	74	1206	100.31387559808611	0.0
tRNA-Ser-AGA-2-5	74	1206	100.31387559808611	0.0
tRNA-Ser-AGA-2-4	74	1206	100.31387559808611	0.0
tRNA-Ser-AGA-3-1	73	1205	100.22296650717702	0.0
tRNA-Asp-GTC-2-4	308	1145	96.91142191142193	0.0
tRNA-Asp-GTC-2-3	308	1145	96.91142191142193	0.0
tRNA-Asp-GTC-2-2	308	1145	96.91142191142193	0.0
tRNA-Asp-GTC-2-1	308	1145	96.91142191142193	0.0
tRNA-Asp-GTC-2-9	308	1145	96.91142191142193	0.0
tRNA-Asp-GTC-2-8	308	1145	96.91142191142193	0.0
tRNA-Asp-GTC-2-7	308	1145	96.91142191142193	0.0
tRNA-Asp-GTC-2-6	308	1145	96.91142191142193	0.0
tRNA-Asp-GTC-2-5	308	1145	96.91142191142193	0.0
tRNA-Asp-GTC-2-10	308	1145	96.91142191142193	0.0
tRNA-Asp-GTC-2-11	308	1145	96.91142191142193	0.0
tRNA-Pro-TGG-1-1	73	145	91.58760381345523	0.0
tRNA-Gly-CCC-3-1	64	187	89.74329004329006	0.0
tRNA-Gly-CCC-4-1	104	943	88.87598512598517	0.0
tRNA-Val-AAC-5-1	78	1432	87.74260405916755	0.0
tRNA-Val-CAC-7-1	31	1178	81.17728758169936	0.0
tRNA-Lys-TTT-4-1	126	505	76.8446454689102	0.0
tRNA-Gly-CCC-5-1	122	1230	71.90607433502181	0.0
tRNA-Cys-GCA-2-3	93	530	70.8565673789812	0.0
tRNA-Cys-GCA-2-4	93	530	70.8565673789812	0.0
tRNA-Cys-GCA-2-1	93	530	70.8565673789812	0.0
tRNA-Cys-GCA-2-2	93	530	70.8565673789812	0.0
tRNA-Cys-GCA-4-1	91	527	70.37964430205811	0.0
tRNA-Gly-GCC-4-1	98	559	65.70920672894361	0.0
tRNA-Lys-CTT-chr15-5	57	251	62.04999999999999	0.0
tRNA-Asp-GTC-3-1	219	714	60.35256410256431	0.0
tRNA-Lys-TTT-6-1	107	476	59.55270823947297	0.0
tRNA-Arg-CCG-2-1	38	57	52.5	0.0
tRNA-Arg-CCT-4-1	77	117	50.80000000000001	0.0
tRNA-SeC-TCA-1-1	26	55	50.0	0.0
tRNA-Gly-CCC-7-1	49	220	49.32222222222224	0.0
tRNA-Ala-AGC-6-1	25	53	47.92857142857143	0.0
tRNA-Gly-TCC-1-1	33	61	43.394444444444446	0.0
tRNA-Ser-GCT-3-1	45	272	42.36127819548875	0.0
tRNA-Pro-TGG-3-5	179	654	42.16757457368917	0.0
tRNA-Pro-TGG-3-3	179	654	42.16757457368917	0.0
tRNA-Pro-TGG-3-4	179	654	42.16757457368917	0.0
tRNA-Pro-TGG-3-1	179	654	42.16757457368917	0.0
tRNA-Pro-TGG-3-2	179	654	42.16757457368917	0.0
tRNA-Ala-AGC-1-1	35	266	39.69246031746034	0.0
tRNA-Ser-GCT-5-1	43	271	39.539849624060174	0.0
tRNA-Ser-GCT-2-1	43	270	39.33984962406017	0.0
tRNA-Val-TAC-3-1	23	53	38.95175438596492	0.0
tRNA-iMet-CAT-1-8	63	382	38.85833333333334	0.0
tRNA-iMet-CAT-1-7	63	382	38.85833333333334	0.0
tRNA-iMet-CAT-1-6	63	382	38.85833333333334	0.0
tRNA-iMet-CAT-1-5	63	382	38.85833333333334	0.0
tRNA-iMet-CAT-1-4	63	382	38.85833333333334	0.0
tRNA-iMet-CAT-1-3	63	382	38.85833333333334	0.0
tRNA-iMet-CAT-1-2	63	382	38.85833333333334	0.0
tRNA-iMet-CAT-1-1	63	382	38.85833333333334	0.0
tRNA-iMet-CAT-2-1	62	381	38.73333333333334	0.0
tRNA-Ser-GCT-4-3	45	273	38.539849624060174	0.0
tRNA-Ser-GCT-4-2	45	273	38.539849624060174	0.0
tRNA-Ser-GCT-4-1	45	273	38.539849624060174	0.0
tRNA-Ser-GCT-1-1	41	268	37.33984962406017	0.0
tRNA-Gln-CTG-6-1	57	376	36.45416250416251	0.0
tRNA-Pro-CGG-1-1	163	619	36.21757457368917	0.0
tRNA-Pro-CGG-1-2	163	619	36.21757457368917	0.0
tRNA-Pro-CGG-1-3	163	619	36.21757457368917	0.0
tRNA-Cys-GCA-chr5-2	66	272	35.46697641439022	0.0
tRNA-Pro-CGG-2-1	155	609	35.36708437761073	0.0
tRNA-Asp-ATC-chr6-103	24	260	34.88492063492064	0.0
tRNA-Pro-AGG-2-4	154	608	33.28424124035584	0.0
tRNA-Pro-AGG-2-3	154	608	33.28424124035584	0.0
tRNA-Pro-AGG-2-6	154	608	33.28424124035584	0.0
tRNA-Pro-AGG-2-5	154	608	33.28424124035584	0.0
tRNA-Pro-AGG-2-8	154	608	33.28424124035584	0.0
tRNA-Pro-AGG-2-7	154	608	33.28424124035584	0.0
tRNA-Pro-AGG-2-1	154	608	33.28424124035584	0.0
tRNA-Pro-AGG-2-2	154	608	33.28424124035584	0.0
tRNA-Pro-AGG-1-1	150	601	32.739306599832965	0.0
tRNA-Cys-GCA-1-1	63	219	32.683165780579586	0.0
tRNA-Thr-CGT-6-1	35	324	32.40000000000001	0.0
tRNA-Arg-CCT-3-1	60	96	29.549999999999983	0.0
tRNA-Gln-CTG-3-1	46	363	27.96087246087245	0.0
tRNA-Gln-CTG-3-2	46	363	27.96087246087245	0.0
tRNA-Gln-CTG-4-2	46	362	27.627539127539116	0.0
tRNA-Gln-CTG-4-1	46	362	27.627539127539116	0.0
tRNA-Glu-TTC-6-1	39	112	26.844480519480513	0.0
tRNA-Und-NNN-3-1	24	134	26.0265873015873	0.0
tRNA-Met-CAT-1-1	16	40	25.0	0.0
tRNA-Leu-AAG-2-1	53	210	24.870127971443754	0.0
tRNA-Leu-AAG-2-3	53	210	24.870127971443754	0.0
tRNA-Leu-AAG-2-2	53	210	24.870127971443754	0.0
tRNA-Leu-AAG-2-4	53	210	24.870127971443754	0.0
tRNA-Gln-CTG-chr19-4	27	333	24.805860805860807	0.0
tRNA-Gln-CTG-7-1	29	336	24.786630036630033	0.0
tRNA-Leu-CAG-2-2	39	219	24.103425229741013	0.0
tRNA-Leu-CAG-2-1	39	219	24.103425229741013	0.0
tRNA-Trp-CCA-4-1	12	24	24.0	0.0
tRNA-Leu-AAG-3-1	48	202	23.909016860332642	0.0
tRNA-Leu-CAA-1-1	39	70	23.778571428571425	0.0
tRNA-Leu-CAG-1-7	38	217	23.46056808688387	0.0
tRNA-Leu-CAG-1-6	38	217	23.46056808688387	0.0
tRNA-Leu-CAG-1-5	38	217	23.46056808688387	0.0
tRNA-Leu-CAG-1-4	38	217	23.46056808688387	0.0
tRNA-Leu-CAG-1-3	38	217	23.46056808688387	0.0
tRNA-Leu-CAG-1-2	38	217	23.46056808688387	0.0
tRNA-Leu-CAG-1-1	38	217	23.46056808688387	0.0
tRNA-Leu-CAA-1-2	38	69	22.778571428571425	0.0
tRNA-Leu-TAG-1-1	38	187	22.5379851143009	0.0
tRNA-Gly-TCC-3-1	26	40	22.394444444444442	0.0
tRNA-Glu-CTC-3-1	39	163	22.08585858585858	0.0
tRNA-Leu-AAG-1-3	38	187	21.6629851143009	0.0
tRNA-Leu-AAG-1-1	38	187	21.6629851143009	0.0
tRNA-Leu-AAG-1-2	38	187	21.6629851143009	0.0
tRNA-Gly-TCC-2-6	73	139	21.1563492063492	0.0
tRNA-Gly-TCC-2-5	73	139	21.1563492063492	0.0
tRNA-Gly-TCC-2-4	73	139	21.1563492063492	0.0
tRNA-Gly-TCC-2-3	73	139	21.1563492063492	0.0
tRNA-Gly-TCC-2-2	73	139	21.1563492063492	0.0
tRNA-Gly-TCC-2-1	73	139	21.1563492063492	0.0
tRNA-Arg-CCT-1-1	47	82	20.79999999999999	0.0
tRNA-Arg-CCT-2-1	47	82	20.79999999999999	0.0
tRNA-Cys-GCA-15-1	72	237	20.446920898011168	0.0
tRNA-Cys-GCA-8-1	74	239	20.134955086045355	0.0
tRNA-Cys-GCA-9-4	74	241	20.033032009122277	0.0
tRNA-Cys-GCA-9-2	74	241	20.033032009122277	0.0
tRNA-Cys-GCA-9-3	74	241	20.033032009122277	0.0
tRNA-Cys-GCA-9-1	74	241	20.033032009122277	0.0
tRNA-Cys-GCA-10-1	74	241	20.033032009122277	0.0
tRNA-Arg-TCT-1-1	23	45	19.5	0.0
tRNA-Cys-GCA-13-1	71	236	19.446920898011168	0.0
tRNA-Asp-GTC-5-1	51	211	19.314102564102566	0.0
tRNA-Cys-GCA-14-1	69	234	19.283459359549628	0.0
tRNA-Cys-GCA-19-1	67	232	19.136633962724233	0.0
tRNA-Cys-ACA-1-1	34	129	18.938224683812916	0.0
tRNA-Met-CAT-6-1	10	33	18.0	0.0
tRNA-Gln-TTG-4-1	22	122	17.3301282051282	0.0
tRNA-Arg-TCT-3-1	33	55	15.283333333333331	0.0
tRNA-Leu-TAG-3-1	13	18	14.702020202020202	0.0
tRNA-Trp-CCA-2-1	10	18	14.666666666666666	0.0
tRNA-Met-CAT-3-2	28	61	14.45238095238095	0.0
tRNA-Met-CAT-3-1	28	61	14.45238095238095	0.0
tRNA-Arg-TCT-3-2	32	54	14.283333333333335	0.0
tRNA-Ala-AGC-8-1	13	30	14.166666666666666	0.0
tRNA-Ala-AGC-8-2	13	30	14.166666666666666	0.0
tRNA-Ala-AGC-11-1	12	17	14.166666666666666	0.0
tRNA-Tyr-GTA-1-1	26	40	13.577922077922077	0.0
tRNA-Lys-CTT-5-1	41	73	13.194733044733045	0.0
tRNA-Arg-CCT-5-1	34	62	12.799999999999999	0.0
tRNA-Arg-TCT-2-1	26	46	12.533333333333331	0.0
tRNA-Und-NNN-4-1	30	95	12.377777777777771	0.0
tRNA-Leu-TAA-1-1	12	14	11.476190476190474	0.0
tRNA-Arg-TCT-5-1	23	43	11.450000000000001	0.0
tRNA-Gly-GCC-6-1	13	28	11.333333333333334	0.0
tRNA-Asn-GTT-6-1	27	46	10.833473879062115	0.0
tRNA-Lys-CTT-chr7-30	35	68	10.104256854256855	0.0
tRNA-Tyr-GTA-8-1	21	35	9.911255411255413	0.0
tRNA-Cys-GCA-17-1	41	113	9.562868838959103	0.0
tRNA-Lys-TTT-1-1	25	34	9.136158286158286	0.0
tRNA-Lys-TTT-2-1	24	33	8.969491619491619	0.0
tRNA-Tyr-GTA-2-1	27	43	8.661255411255414	0.0
tRNA-Leu-TAG-2-1	27	41	8.050683526999316	0.0
tRNA-Gly-TCC-4-1	26	50	7.873015873015874	0.0
tRNA-Val-TAC-4-1	13	28	7.73937908496732	0.0
tRNA-Cys-GCA-chr11-21	37	111	7.636683912774177	0.0
tRNA-Cys-GCA-7-1	13	30	7.4767693991831905	0.0
tRNA-Asn-GTT-2-1	44	71	7.139117269488112	0.0
tRNA-Asn-GTT-2-2	44	71	7.139117269488112	0.0
tRNA-Asn-GTT-2-3	44	71	7.139117269488112	0.0
tRNA-Asn-GTT-2-4	44	71	7.139117269488112	0.0
tRNA-Asn-GTT-2-5	44	71	7.139117269488112	0.0
tRNA-Asn-GTT-2-6	44	71	7.139117269488112	0.0
tRNA-Asn-GTT-3-1	39	64	6.972310057092665	0.0
tRNA-Asn-GTT-3-2	39	64	6.972310057092665	0.0
tRNA-Cys-GCA-22-1	34	97	6.507313283403547	0.0
tRNA-Cys-GCA-20-1	34	97	6.507313283403547	0.0
tRNA-Met-CAT-4-3	15	45	6.452380952380953	0.0
tRNA-Met-CAT-4-1	15	45	6.452380952380953	0.0
tRNA-Met-CAT-4-2	15	45	6.452380952380953	0.0
tRNA-Met-CAT-2-1	15	45	6.452380952380953	0.0
tRNA-Met-CAT-5-1	14	44	6.2857142857142865	0.0
tRNA-Arg-TCG-1-1	7	7	6.166666666666667	0.0
tRNA-Ile-TAT-2-1	13	22	6.1000000000000005	0.0
tRNA-SeC-TCA-2-1	9	11	6.0	0.0
tRNA-Thr-AGT-3-1	4	6	6.0	0.0
tRNA-Lys-TTT-15-1	6	6	6.0	0.0
tRNA-Leu-CAA-3-1	20	34	5.778571428571429	0.0
tRNA-Tyr-GTA-5-4	25	35	5.7234848484848495	0.0
tRNA-Cys-GCA-3-1	15	49	5.6641025641025635	0.0
tRNA-Tyr-GTA-3-1	16	27	5.577922077922079	0.0
tRNA-Cys-GCA-16-1	14	48	5.564102564102564	0.0
tRNA-Ile-TAT-1-1	11	20	5.433333333333334	0.0
tRNA-Arg-CCG-1-3	15	19	5.351190476190476	0.0
tRNA-Arg-CCG-1-2	15	19	5.351190476190476	0.0
tRNA-Arg-CCG-1-1	15	19	5.351190476190476	0.0
tRNA-Val-CAC-6-1	20	31	5.295284780578897	0.0
tRNA-Thr-TGT-4-1	9	13	4.999999999999999	0.0
tRNA-Lys-TTT-11-1	9	11	4.934065934065934	0.0
tRNA-Cys-GCA-18-1	19	44	4.802215603305867	0.0
tRNA-Leu-CAA-2-1	19	33	4.778571428571429	0.0
tRNA-Ile-TAT-2-3	11	16	4.766666666666667	0.0
tRNA-Tyr-GTA-5-5	24	34	4.723484848484848	0.0
tRNA-Tyr-GTA-5-3	24	34	4.723484848484848	0.0
tRNA-Tyr-GTA-5-2	24	34	4.723484848484848	0.0
tRNA-Tyr-GTA-5-1	24	34	4.723484848484848	0.0
tRNA-Leu-AAG-4-1	14	23	4.357142857142857	0.0
tRNA-Lys-CTT-10-1	13	16	4.277340551605257	0.0
tRNA-Asn-GTT-1-1	24	44	4.100228380599225	0.0
tRNA-Asn-GTT-8-1	4	6	4.086956521739131	0.0
tRNA-Lys-TTT-7-1	4	9	4.0476190476190474	0.0
tRNA-Ile-TAT-3-1	7	11	3.9333333333333336	0.0
tRNA-Ile-TAT-2-2	10	15	3.766666666666667	0.0
tRNA-Tyr-GTA-7-1	12	17	3.7083333333333335	0.0
tRNA-Lys-CTT-16-1	14	20	3.65	0.0
tRNA-Thr-TGT-6-1	5	8	3.5	0.0
tRNA-Sup-TTA-1-1	8	11	3.4484126984126986	0.0
tRNA-Arg-ACG-2-3	10	14	3.071428571428571	0.0
tRNA-Arg-ACG-2-2	10	14	3.071428571428571	0.0
tRNA-Arg-ACG-2-4	10	14	3.071428571428571	0.0
tRNA-Arg-ACG-2-1	10	14	3.071428571428571	0.0
tRNA-Thr-TGT-3-1	5	6	3.0	0.0
tRNA-Thr-TGT-1-1	3	3	3.0	0.0
tRNA-Lys-CTT-12-1	13	21	2.868939393939394	0.0
tRNA-Phe-GAA-10-1	9	10	2.787337662337662	0.0
tRNA-Glu-TTC-7-1	12	20	2.739393939393939	0.0
tRNA-Asn-GTT-5-1	19	28	2.714466919837764	0.0
tRNA-Tyr-GTA-6-1	14	19	2.640151515151515	0.0
tRNA-Thr-TGT-5-1	7	8	2.5	0.0
tRNA-Phe-GAA-1-6	11	19	2.483730158730159	0.0
tRNA-Phe-GAA-1-1	11	19	2.483730158730159	0.0
tRNA-Phe-GAA-1-2	11	19	2.483730158730159	0.0
tRNA-Phe-GAA-1-3	11	19	2.483730158730159	0.0
tRNA-Phe-GAA-1-4	11	19	2.483730158730159	0.0
tRNA-Phe-GAA-1-5	11	19	2.483730158730159	0.0
tRNA-Cys-GCA-11-1	9	10	2.4565673789811724	0.0
tRNA-Arg-TCG-5-1	6	7	2.267857142857143	0.0
tRNA-Arg-TCG-4-1	6	7	2.267857142857143	0.0
tRNA-Arg-TCG-3-1	8	10	2.1845238095238093	0.0
tRNA-Lys-CTT-chr16-1	13	22	2.118939393939394	0.0
tRNA-Ile-AAT-7-2	12	20	2.118686868686869	0.0
tRNA-Ile-AAT-7-1	12	20	2.118686868686869	0.0
tRNA-Ile-AAT-8-1	10	12	2.0853535353535353	0.0
tRNA-Tyr-GTA-chr14-8	5	7	2.066666666666667	0.0
tRNA-Tyr-GTA-chr1-127	5	7	2.066666666666667	0.0
tRNA-Tyr-GTA-chr21-2	5	7	2.066666666666667	0.0
tRNA-Trp-CCA-5-1	4	11	2.0666666666666664	0.0
tRNA-Trp-CCA-3-2	4	11	2.0666666666666664	0.0
tRNA-Trp-CCA-3-1	4	11	2.0666666666666664	0.0
tRNA-Trp-CCA-3-3	4	11	2.0666666666666664	0.0
tRNA-Trp-CCA-1-1	4	11	2.0666666666666664	0.0
tRNA-Ser-ACT-1-1	6	14	2.0242424242424244	0.0
tRNA-Gln-CTG-12-1	6	8	2.0164835164835164	0.0
tRNA-Sup-CTA-chr5-1	1	2	2.0	0.0
tRNA-Val-CAC-11-1	3	4	2.0	0.0
tRNA-Val-CAC-11-2	3	4	2.0	0.0
tRNA-Thr-TGT-2-1	4	5	2.0	0.0
tRNA-Glu-CTC-5-1	9	11	1.9777777777777779	0.0
tRNA-Ile-AAT-5-5	14	22	1.9095959595959593	0.0
tRNA-Ile-AAT-5-4	14	22	1.9095959595959593	0.0
tRNA-Ile-AAT-5-3	14	22	1.9095959595959593	0.0
tRNA-Ile-AAT-5-2	14	22	1.9095959595959593	0.0
tRNA-Ile-AAT-5-1	14	22	1.9095959595959593	0.0
tRNA-Tyr-GTA-4-1	12	17	1.8901515151515154	0.0
tRNA-Ser-GCT-6-1	9	15	1.7969924812030074	0.0
tRNA-Arg-TCG-2-1	5	5	1.7678571428571428	0.0
tRNA-Ile-AAT-1-1	12	20	1.7186868686868686	0.0
tRNA-Ala-CGC-5-1	4	4	1.6428571428571428	0.0
tRNA-Leu-CAG-chr9-3	3	3	1.625	0.0
tRNA-Arg-ACG-1-3	5	7	1.5714285714285712	0.0
tRNA-Arg-ACG-1-1	5	7	1.5714285714285712	0.0
tRNA-Arg-ACG-1-2	5	7	1.5714285714285712	0.0
tRNA-Ser-TGA-1-1	4	5	1.567099567099567	0.0
tRNA-Ala-AGC-20-1	3	3	1.5	0.0
tRNA-Gln-CTG-8-2	2	3	1.5	0.0
tRNA-Gln-CTG-8-1	2	3	1.5	0.0
tRNA-Cys-GCA-12-1	9	25	1.4995044255946892	0.0
tRNA-Asn-GTT-7-1	5	7	1.4508981214863568	0.0
tRNA-Phe-GAA-2-1	6	12	1.3646825396825397	0.0
tRNA-Ser-CGA-4-1	4	5	1.292857142857143	0.0
tRNA-Ile-AAT-2-1	9	15	1.165151515151515	0.0
tRNA-Cys-GCA-25-1	4	4	1.1510989010989012	0.0
tRNA-Leu-TAA-3-1	2	2	1.1428571428571428	0.0
tRNA-Ile-AAT-4-1	8	14	1.0818181818181818	0.0
tRNA-Asn-GTT-4-1	10	14	1.0752283805992247	0.0
tRNA-Lys-CTT-9-1	1	1	1.0	0.0
tRNA-Thr-CGT-3-1	3	4	1.0	0.0
tRNA-Thr-AGT-6-1	3	4	1.0	0.0
tRNA-Ala-AGC-23-1	1	1	1.0	0.0
tRNA-Ala-TGC-9-1	1	1	1.0	0.0
tRNA-Thr-AGT-2-2	3	4	1.0	0.0
tRNA-Thr-AGT-2-1	3	4	1.0	0.0
tRNA-Lys-TTT-13-1	2	2	1.0	0.0
tRNA-Phe-GAA-5-1	5	9	0.9857142857142858	0.0
tRNA-Lys-CTT-14-1	8	11	0.9545454545454546	0.0
tRNA-Ile-AAT-6-1	6	12	0.9075757575757577	0.0
tRNA-Leu-CAG-chr9-7	6	13	0.85	0.0
tRNA-Lys-CTT-8-1	6	9	0.8333333333333334	0.0
tRNA-Gln-CTG-9-1	3	6	0.8333333333333333	0.0
tRNA-Phe-GAA-3-1	4	8	0.8111111111111112	0.0
tRNA-Phe-GAA-6-1	4	8	0.8111111111111112	0.0
tRNA-Asp-GTC-4-1	6	10	0.7692307692307692	0.0
tRNA-Leu-CAA-6-1	5	12	0.75	0.0
tRNA-Arg-TCT-4-1	2	3	0.7	0.0
tRNA-Lys-TTT-8-1	7	8	0.6996503496503497	0.0
tRNA-Asn-GTT-21-1	3	4	0.692156862745098	0.0
tRNA-Tyr-GTA-9-1	5	6	0.6666666666666667	0.0
tRNA-Val-CAC-10-1	2	3	0.6111111111111112	0.0
tRNA-Ser-CGA-2-1	3	4	0.5670995670995671	0.0
tRNA-Ser-CGA-1-1	3	4	0.5670995670995671	0.0
tRNA-Ile-GAT-1-1	2	8	0.5333333333333333	0.0
tRNA-Ile-GAT-1-3	2	8	0.5333333333333333	0.0
tRNA-Ile-GAT-1-2	2	8	0.5333333333333333	0.0
tRNA-Ile-AAT-3-1	6	6	0.5318181818181817	0.0
tRNA-Pro-AGG-3-1	6	10	0.506265664160401	0.0
tRNA-Ala-AGC-22-1	2	2	0.5	0.0
tRNA-Thr-AGT-1-1	2	2	0.5	0.0
tRNA-Thr-AGT-1-3	2	2	0.5	0.0
tRNA-Asn-GTT-22-1	1	1	0.5	0.0
tRNA-Thr-AGT-1-2	2	2	0.5	0.0
tRNA-Thr-AGT-5-1	2	2	0.5	0.0
tRNA-Leu-TAA-2-1	2	3	0.47619047619047616	0.0
tRNA-Ala-AGC-13-2	2	2	0.4583333333333333	0.0
tRNA-Ala-AGC-13-1	2	2	0.4583333333333333	0.0
tRNA-Asn-GTT-9-2	5	7	0.4255780309488749	0.0
tRNA-Asn-GTT-9-1	5	7	0.4255780309488749	0.0
tRNA-Tyr-GTA-chr10-3	1	2	0.4	0.0
tRNA-Tyr-GTA-chr9-10	1	2	0.4	0.0
tRNA-Lys-TTT-14-1	4	4	0.3496503496503497	0.0
tRNA-Ser-CGA-3-1	1	2	0.3333333333333333	0.0
tRNA-Asn-GTT-15-1	3	4	0.31756478815302347	0.0
tRNA-Asn-GTT-13-1	3	4	0.269079939668175	0.0
tRNA-Asn-GTT-18-1	3	4	0.269079939668175	0.0
tRNA-Cys-GCA-21-1	5	6	0.25454717696097007	0.0
tRNA-Cys-GCA-23-1	5	6	0.25454717696097007	0.0
tRNA-Arg-TCG-6-1	1	1	0.16666666666666666	0.0
tRNA-Ala-AGC-9-1	1	1	0.16666666666666666	0.0
tRNA-Ala-AGC-9-2	1	1	0.16666666666666666	0.0
tRNA-Lys-TTT-10-1	1	2	0.16666666666666666	0.0
tRNA-Cys-GCA-24-1	3	3	0.15109890109890112	0.0
tRNA-Asn-GTT-16-1	2	3	0.14251207729468598	0.0
tRNA-Asn-GTT-16-2	2	3	0.14251207729468598	0.0
tRNA-Asn-GTT-16-3	2	3	0.14251207729468598	0.0
tRNA-Asn-GTT-16-4	2	3	0.14251207729468598	0.0
tRNA-Asn-GTT-16-5	2	3	0.14251207729468598	0.0
tRNA-Phe-GAA-4-1	1	1	0.125	0.0
tRNA-Lys-CTT-15-1	1	2	0.125	0.0
tRNA-Lys-CTT-13-1	1	2	0.125	0.0
tRNA-Ala-AGC-12-3	1	1	0.125	0.0
tRNA-Ala-AGC-12-1	1	1	0.125	0.0
tRNA-Ala-AGC-12-2	1	1	0.125	0.0
tRNA-Ala-AGC-14-1	1	1	0.125	0.0
tRNA-Ala-AGC-16-1	1	1	0.125	0.0
tRNA-Gln-TTG-6-1	1	1	0.125	0.0
tRNA-Ala-AGC-17-1	1	1	0.125	0.0
tRNA-Tyr-GTA-11-1	1	1	0.1111111111111111	0.0
tRNA-Ser-AGA-5-1	1	1	0.1	0.0
tRNA-Ile-AAT-9-1	1	1	0.1	0.0
tRNA-Asn-GTT-12-1	1	2	0.08695652173913043	0.0
tRNA-Asn-GTT-10-1	1	2	0.08695652173913043	0.0
tRNA-Asn-ATT-1-2	1	2	0.08695652173913043	0.0
tRNA-Asn-ATT-1-1	1	2	0.08695652173913043	0.0
tRNA-Leu-AAG-6-1	1	1	0.05	0.0
