ReferenceID	uniqueReadCount	totalReadCount	multimapAdjustedReadCount	multimapAdjustedBarcodeCount
tRNA-Gly-GCC-1-5	3298	89959	15252.815490276045	0.0
tRNA-Gly-GCC-1-3	3298	89959	15252.815490276045	0.0
tRNA-Gly-GCC-1-4	3298	89959	15252.815490276045	0.0
tRNA-Gly-GCC-1-1	3298	89959	15252.815490276045	0.0
tRNA-Gly-GCC-1-2	3298	89959	15252.815490276045	0.0
tRNA-Gly-CCC-1-2	3016	86528	10099.407265167609	0.0
tRNA-Gly-CCC-1-1	3016	86528	10099.407265167609	0.0
tRNA-Gly-GCC-2-1	3640	98347	9351.278197013607	0.0
tRNA-Gly-GCC-2-5	3640	98347	9351.278197013607	0.0
tRNA-Gly-GCC-2-4	3640	98347	9351.278197013607	0.0
tRNA-Gly-GCC-2-3	3640	98347	9351.278197013607	0.0
tRNA-Gly-GCC-2-2	3640	98347	9351.278197013607	0.0
tRNA-Gly-GCC-2-6	3640	98347	9351.278197013607	0.0
tRNA-Gly-GCC-3-1	3603	98291	9343.529945265358	0.0
tRNA-Gly-GCC-5-1	3244	94411	9094.36758744767	0.0
tRNA-Glu-CTC-1-7	2024	37497	4644.762914862917	0.0
tRNA-Glu-CTC-1-6	2024	37497	4644.762914862917	0.0
tRNA-Glu-CTC-1-5	2024	37497	4644.762914862917	0.0
tRNA-Glu-CTC-1-4	2024	37497	4644.762914862917	0.0
tRNA-Glu-CTC-1-3	2024	37497	4644.762914862917	0.0
tRNA-Glu-CTC-1-2	2024	37497	4644.762914862917	0.0
tRNA-Glu-CTC-1-1	2024	37497	4644.762914862917	0.0
tRNA-Glu-CTC-2-1	1801	36493	4533.529292929296	0.0
tRNA-Lys-CTT-2-1	1809	21674	3581.6914252414326	0.0
tRNA-Lys-CTT-2-3	1809	21674	3581.6914252414326	0.0
tRNA-Lys-CTT-2-2	1809	21674	3581.6914252414326	0.0
tRNA-Lys-CTT-2-5	1809	21674	3581.6914252414326	0.0
tRNA-Lys-CTT-2-4	1809	21674	3581.6914252414326	0.0
tRNA-Lys-TTT-3-4	2020	20518	3122.5380203130085	0.0
tRNA-Lys-TTT-3-5	2020	20518	3122.5380203130085	0.0
tRNA-Lys-TTT-3-2	2020	20518	3122.5380203130085	0.0
tRNA-Lys-TTT-3-3	2020	20518	3122.5380203130085	0.0
tRNA-Lys-TTT-3-1	2020	20518	3122.5380203130085	0.0
tRNA-Lys-TTT-5-1	1785	19726	3043.478099678094	0.0
tRNA-Glu-TTC-2-2	726	6017	2796.25	0.0
tRNA-Glu-TTC-2-1	726	6017	2796.25	0.0
tRNA-His-GTG-1-4	1647	24001	2652.033333333371	0.0
tRNA-His-GTG-1-5	1647	24001	2652.033333333371	0.0
tRNA-His-GTG-1-2	1647	24001	2652.033333333371	0.0
tRNA-His-GTG-1-3	1647	24001	2652.033333333371	0.0
tRNA-His-GTG-1-1	1647	24001	2652.033333333371	0.0
tRNA-His-GTG-1-9	1647	24001	2652.033333333371	0.0
tRNA-His-GTG-1-8	1647	24001	2652.033333333371	0.0
tRNA-His-GTG-1-7	1647	24001	2652.033333333371	0.0
tRNA-His-GTG-1-6	1647	24001	2652.033333333371	0.0
tRNA-Val-CAC-2-1	454	2661	2313.5326680672247	0.0
tRNA-Lys-CTT-3-1	982	13912	2204.6573704073667	0.0
tRNA-Lys-CTT-4-1	1012	7310	1891.3161186036127	0.0
tRNA-Lys-CTT-1-1	1024	7407	1872.5642954267903	0.0
tRNA-Lys-CTT-1-2	1024	7407	1872.5642954267903	0.0
tRNA-Gly-CCC-6-1	1037	14472	1481.119315127413	0.0
tRNA-Val-CAC-8-1	1024	14740	1417.5634582434968	0.0
tRNA-Glu-TTC-9-1	892	13997	1167.7130974931347	0.0
tRNA-Val-AAC-2-1	271	1331	1154.8293507146448	0.0
tRNA-Lys-TTT-4-1	1011	8015	1126.5242576867538	0.0
tRNA-Val-TAC-1-1	373	2227	988.3885964912291	0.0
tRNA-Val-TAC-1-2	373	2227	988.3885964912291	0.0
tRNA-Gly-CCC-2-2	361	1338	668.6	0.0
tRNA-Gly-CCC-2-1	361	1338	668.6	0.0
tRNA-Glu-TTC-4-1	645	3869	667.2585137085144	0.0
tRNA-Glu-TTC-4-2	645	3869	667.2585137085144	0.0
tRNA-Glu-TTC-1-2	419	1714	644.75	0.0
tRNA-Glu-TTC-1-1	419	1714	644.75	0.0
tRNA-Gln-CTG-5-1	491	2253	635.2923687423687	0.0
tRNA-Arg-CCT-1-1	222	2596	596.5166666666676	0.0
tRNA-Arg-CCT-2-1	221	2595	595.5166666666676	0.0
tRNA-Arg-CCT-4-1	259	2556	584.8500000000005	0.0
tRNA-Arg-CCT-3-1	246	2541	569.1833333333336	0.0
tRNA-Glu-TTC-3-1	410	2844	556.3534632034642	0.0
tRNA-Lys-TTT-6-1	672	4406	548.6561050061051	0.0
tRNA-Glu-TTC-8-1	380	2800	547.4428571428582	0.0
tRNA-Gln-TTG-2-1	479	2277	520.2911782661772	0.0
tRNA-Arg-CCT-5-1	165	2337	467.53333333333273	0.0
tRNA-Val-TAC-2-1	214	935	463.1166666666661	0.0
tRNA-Val-CAC-1-5	731	6514	453.8603841806622	0.0
tRNA-Val-CAC-1-4	731	6514	453.8603841806622	0.0
tRNA-Val-CAC-1-6	731	6514	453.8603841806622	0.0
tRNA-Val-CAC-1-1	731	6514	453.8603841806622	0.0
tRNA-Val-CAC-1-3	731	6514	453.8603841806622	0.0
tRNA-Val-CAC-1-2	731	6514	453.8603841806622	0.0
tRNA-Val-CAC-4-1	717	6491	453.1048896751678	0.0
tRNA-Val-CAC-5-1	661	6335	439.6080175930013	0.0
tRNA-Val-AAC-3-1	590	5924	425.3151604501446	0.0
tRNA-Lys-CTT-7-1	579	2927	422.600767288268	0.0
tRNA-Gln-TTG-1-1	446	2155	404.1626068376058	0.0
tRNA-Lys-CTT-11-1	547	2887	395.79243395493467	0.0
tRNA-Val-AAC-1-1	612	5976	390.20601910129704	0.0
tRNA-Val-AAC-1-2	612	5976	390.20601910129704	0.0
tRNA-Val-AAC-1-3	612	5976	390.20601910129704	0.0
tRNA-Val-AAC-1-4	612	5976	390.20601910129704	0.0
tRNA-Val-AAC-1-5	612	5976	390.20601910129704	0.0
tRNA-Val-AAC-4-1	582	5902	385.6400994000832	0.0
tRNA-Leu-CAA-1-2	154	1019	378.80535714285725	0.0
tRNA-Tyr-GTA-chr14-8	315	1123	368.7916666666655	0.0
tRNA-Leu-CAA-1-1	143	1007	367.80535714285725	0.0
tRNA-Tyr-GTA-chr1-127	317	1124	367.7916666666655	0.0
tRNA-Tyr-GTA-chr21-2	317	1124	367.7916666666655	0.0
tRNA-Ala-TGC-3-2	132	1899	350.4285714285713	0.0
tRNA-Ala-TGC-3-1	132	1899	350.4285714285713	0.0
tRNA-Ala-CGC-2-1	123	1888	348.9309523809522	0.0
tRNA-Gln-CTG-2-1	617	2620	347.7340270840275	0.0
tRNA-Ala-CGC-1-1	118	1869	346.93095238095225	0.0
tRNA-Ala-TGC-2-1	124	1877	346.345238095238	0.0
tRNA-Ala-AGC-1-1	69	379	336.47023809523813	0.0
tRNA-Lys-CTT-6-1	381	1351	323.9557276057274	0.0
tRNA-Gln-CTG-1-4	627	2655	314.4673604173611	0.0
tRNA-Gln-CTG-1-3	627	2655	314.4673604173611	0.0
tRNA-Gln-CTG-1-5	627	2655	314.4673604173611	0.0
tRNA-Gln-CTG-1-1	627	2655	314.4673604173611	0.0
tRNA-Gln-CTG-1-2	627	2655	314.4673604173611	0.0
tRNA-Gln-TTG-3-1	423	1884	313.89038461538416	0.0
tRNA-Gln-TTG-3-2	423	1884	313.89038461538416	0.0
tRNA-Gln-TTG-3-3	423	1884	313.89038461538416	0.0
tRNA-Glu-TTC-10-1	244	1433	272.4112332112332	0.0
tRNA-Met-CAT-3-2	185	1825	267.3373015873016	0.0
tRNA-Met-CAT-3-1	185	1825	267.3373015873016	0.0
tRNA-Ala-TGC-4-1	125	723	263.44523809523804	0.0
tRNA-Met-CAT-4-3	170	1805	257.670634920635	0.0
tRNA-Met-CAT-4-1	170	1805	257.670634920635	0.0
tRNA-Met-CAT-4-2	170	1805	257.670634920635	0.0
tRNA-Met-CAT-2-1	170	1805	257.670634920635	0.0
tRNA-Met-CAT-5-1	164	1798	256.5039682539682	0.0
tRNA-Val-CAC-3-1	146	443	255.69542483660118	0.0
tRNA-Leu-CAA-4-1	146	587	238.80535714285705	0.0
tRNA-Gly-TCC-1-1	207	827	237.0583333333334	0.0
tRNA-Pro-AGG-1-1	505	2290	219.1026733500419	0.0
tRNA-Gly-TCC-3-1	202	788	198.5583333333334	0.0
tRNA-Gln-TTG-4-1	143	637	197.9249084249083	0.0
tRNA-Lys-TTT-2-1	257	1190	195.96543734043755	0.0
tRNA-Lys-TTT-1-1	257	1190	195.7987706737709	0.0
tRNA-His-GTG-2-1	252	1390	195.69999999999968	0.0
tRNA-Met-CAT-1-1	96	358	188.11111111111114	0.0
tRNA-Leu-TAA-1-1	97	224	183.90238095238095	0.0
tRNA-Met-CAT-6-1	91	354	182.0277777777778	0.0
tRNA-Ala-TGC-6-1	83	472	175.95391941391944	0.0
tRNA-Pro-TGG-3-5	594	2537	165.17279473192815	0.0
tRNA-Pro-TGG-3-3	594	2537	165.17279473192815	0.0
tRNA-Pro-TGG-3-4	594	2537	165.17279473192815	0.0
tRNA-Pro-TGG-3-1	594	2537	165.17279473192815	0.0
tRNA-Pro-TGG-3-2	594	2537	165.17279473192815	0.0
tRNA-Gly-CCC-chr1-16	208	1786	153.2582771157142	0.0
tRNA-Gly-CCC-chr1-19	208	1786	153.2582771157142	0.0
tRNA-Val-TAC-3-1	82	205	153.22192982456139	0.0
tRNA-Cys-GCA-6-1	157	506	152.33893059048225	0.0
tRNA-Pro-CGG-2-1	503	2220	146.51328320802025	0.0
tRNA-Pro-CGG-1-1	544	2372	145.83469949383286	0.0
tRNA-Pro-CGG-1-2	544	2372	145.83469949383286	0.0
tRNA-Pro-CGG-1-3	544	2372	145.83469949383286	0.0
tRNA-Pro-TGG-2-1	283	866	144.55588972431104	0.0
tRNA-Lys-TTT-7-1	64	366	140.3710317460317	0.0
tRNA-Pro-TGG-1-1	166	505	133.9581748488871	0.0
tRNA-Ala-AGC-2-1	106	612	129.9840781440782	0.0
tRNA-Ala-AGC-2-2	106	612	129.9840781440782	0.0
tRNA-Pro-AGG-2-4	522	2314	126.45969949383316	0.0
tRNA-Pro-AGG-2-3	522	2314	126.45969949383316	0.0
tRNA-Pro-AGG-2-6	522	2314	126.45969949383316	0.0
tRNA-Pro-AGG-2-5	522	2314	126.45969949383316	0.0
tRNA-Pro-AGG-2-8	522	2314	126.45969949383316	0.0
tRNA-Pro-AGG-2-7	522	2314	126.45969949383316	0.0
tRNA-Pro-AGG-2-1	522	2314	126.45969949383316	0.0
tRNA-Pro-AGG-2-2	522	2314	126.45969949383316	0.0
tRNA-Ala-AGC-3-1	96	597	124.3174114774115	0.0
tRNA-Gly-TCC-2-6	260	925	124.17738095238109	0.0
tRNA-Gly-TCC-2-5	260	925	124.17738095238109	0.0
tRNA-Gly-TCC-2-4	260	925	124.17738095238109	0.0
tRNA-Gly-TCC-2-3	260	925	124.17738095238109	0.0
tRNA-Gly-TCC-2-2	260	925	124.17738095238109	0.0
tRNA-Gly-TCC-2-1	260	925	124.17738095238109	0.0
tRNA-Gly-CCC-5-1	122	1256	123.18294017195628	0.0
tRNA-Gly-CCC-4-1	119	919	120.74984285991151	0.0
tRNA-Gly-CCC-3-1	83	651	113.92211327955035	0.0
tRNA-Thr-TGT-4-1	96	407	112.83333333333334	0.0
tRNA-Ala-CGC-3-1	72	542	111.51190476190476	0.0
tRNA-Thr-TGT-5-1	91	391	110.50000000000001	0.0
tRNA-Asn-GTT-2-1	197	1084	106.98739218298026	0.0
tRNA-Asn-GTT-2-2	197	1084	106.98739218298026	0.0
tRNA-Asn-GTT-2-3	197	1084	106.98739218298026	0.0
tRNA-Asn-GTT-2-4	197	1084	106.98739218298026	0.0
tRNA-Asn-GTT-2-5	197	1084	106.98739218298026	0.0
tRNA-Asn-GTT-2-6	197	1084	106.98739218298026	0.0
tRNA-Asn-GTT-3-1	172	1048	105.11596736596722	0.0
tRNA-Asn-GTT-3-2	172	1048	105.11596736596722	0.0
tRNA-Asn-GTT-1-1	177	1059	104.97628107186915	0.0
tRNA-Ala-TGC-1-1	76	463	104.81264957264959	0.0
tRNA-Thr-CGT-4-1	33	107	104.5	0.0
tRNA-Asn-GTT-6-1	154	1026	102.02040084098896	0.0
tRNA-Thr-TGT-1-1	85	268	101.85787545787542	0.0
tRNA-Leu-TAG-3-1	64	133	100.73737373737373	0.0
tRNA-Leu-CAG-2-2	165	810	96.50737734487744	0.0
tRNA-Leu-CAG-2-1	165	810	96.50737734487744	0.0
tRNA-Ala-AGC-4-1	80	397	95.62619047619046	0.0
tRNA-Arg-CCG-2-1	71	96	94.4	0.0
tRNA-Asp-GTC-2-4	362	1048	90.73118548118558	0.0
tRNA-Asp-GTC-2-3	362	1048	90.73118548118558	0.0
tRNA-Asp-GTC-2-2	362	1048	90.73118548118558	0.0
tRNA-Asp-GTC-2-1	362	1048	90.73118548118558	0.0
tRNA-Asp-GTC-2-9	362	1048	90.73118548118558	0.0
tRNA-Asp-GTC-2-8	362	1048	90.73118548118558	0.0
tRNA-Asp-GTC-2-7	362	1048	90.73118548118558	0.0
tRNA-Asp-GTC-2-6	362	1048	90.73118548118558	0.0
tRNA-Asp-GTC-2-5	362	1048	90.73118548118558	0.0
tRNA-Asp-GTC-2-10	362	1048	90.73118548118558	0.0
tRNA-Asp-GTC-2-11	362	1048	90.73118548118558	0.0
tRNA-Gly-GCC-4-1	159	751	89.17398208516639	0.0
tRNA-Arg-TCT-1-1	99	183	87.30000000000003	0.0
tRNA-Thr-TGT-3-1	58	337	86.66666666666667	0.0
tRNA-Thr-TGT-2-1	56	336	86.33333333333334	0.0
tRNA-iMet-CAT-1-8	180	732	80.23888888888905	0.0
tRNA-iMet-CAT-1-7	180	732	80.23888888888905	0.0
tRNA-iMet-CAT-1-6	180	732	80.23888888888905	0.0
tRNA-iMet-CAT-1-5	180	732	80.23888888888905	0.0
tRNA-iMet-CAT-1-4	180	732	80.23888888888905	0.0
tRNA-iMet-CAT-1-3	180	732	80.23888888888905	0.0
tRNA-iMet-CAT-1-2	180	732	80.23888888888905	0.0
tRNA-iMet-CAT-1-1	180	732	80.23888888888905	0.0
tRNA-Asp-GTC-1-1	85	131	77.86813186813188	0.0
tRNA-Cys-GCA-4-1	180	556	77.51162155448907	0.0
tRNA-Leu-CAG-1-7	148	669	76.00737734487745	0.0
tRNA-Leu-CAG-1-6	148	669	76.00737734487745	0.0
tRNA-Leu-CAG-1-5	148	669	76.00737734487745	0.0
tRNA-Leu-CAG-1-4	148	669	76.00737734487745	0.0
tRNA-Leu-CAG-1-3	148	669	76.00737734487745	0.0
tRNA-Leu-CAG-1-2	148	669	76.00737734487745	0.0
tRNA-Leu-CAG-1-1	148	669	76.00737734487745	0.0
tRNA-Cys-GCA-2-3	178	551	75.99657687694445	0.0
tRNA-Cys-GCA-2-4	178	551	75.99657687694445	0.0
tRNA-Cys-GCA-2-1	178	551	75.99657687694445	0.0
tRNA-Cys-GCA-2-2	178	551	75.99657687694445	0.0
tRNA-Leu-CAA-2-1	105	425	75.80535714285719	0.0
tRNA-Val-AAC-5-1	136	1132	75.6881879944961	0.0
tRNA-Lys-TTT-8-1	184	796	74.78722666222674	0.0
tRNA-Leu-CAA-3-1	103	421	72.8053571428572	0.0
tRNA-Cys-GCA-5-1	63	128	72.43549525131169	0.0
tRNA-iMet-CAT-2-1	165	658	70.98888888888904	0.0
tRNA-Cys-GCA-chr5-2	136	462	65.56000705787461	0.0
tRNA-Arg-TCT-3-1	126	224	65.05000000000001	0.0
tRNA-Gln-CTG-6-1	152	668	64.95594405594419	0.0
tRNA-Arg-TCT-2-1	112	210	64.55000000000001	0.0
tRNA-Arg-TCT-3-2	127	227	63.550000000000004	0.0
tRNA-Lys-TTT-14-1	143	690	63.309859584859645	0.0
tRNA-Ser-GCT-3-1	112	289	63.067669172932376	0.0
tRNA-Val-CAC-7-1	57	730	61.3075980392157	0.0
tRNA-Tyr-GTA-1-1	64	119	57.82259407259407	0.0
tRNA-Ile-TAT-2-1	30	160	54.55	0.0
tRNA-Arg-ACG-2-3	98	358	53.12500000000003	0.0
tRNA-Arg-ACG-2-2	98	358	53.12500000000003	0.0
tRNA-Arg-ACG-2-4	98	358	53.12500000000003	0.0
tRNA-Arg-ACG-2-1	98	358	53.12500000000003	0.0
tRNA-Thr-AGT-3-1	73	211	51.27731990231992	0.0
tRNA-Gln-CTG-4-2	138	631	50.38094405594418	0.0
tRNA-Gln-CTG-4-1	138	631	50.38094405594418	0.0
tRNA-Tyr-GTA-5-1	83	210	50.292832167832145	0.0
tRNA-Gln-CTG-3-1	138	630	50.255944055944155	0.0
tRNA-Gln-CTG-3-2	138	630	50.255944055944155	0.0
tRNA-Ile-TAT-3-1	24	151	49.8	0.0
tRNA-Arg-ACG-1-3	89	343	49.79166666666669	0.0
tRNA-Arg-ACG-1-1	89	343	49.79166666666669	0.0
tRNA-Arg-ACG-1-2	89	343	49.79166666666669	0.0
tRNA-Lys-CTT-5-1	128	287	49.76066156066164	0.0
tRNA-Ile-TAT-1-1	26	153	49.55	0.0
tRNA-Ser-GCT-5-1	106	282	49.424812030075216	0.0
tRNA-Ala-AGC-6-1	42	54	47.69548872180451	0.0
tRNA-Lys-CTT-chr15-5	80	202	47.607575757575745	0.0
tRNA-Leu-TAG-1-1	88	195	47.32272727272726	0.0
tRNA-Leu-TAG-2-1	66	103	46.96320346320347	0.0
tRNA-Ser-GCT-4-3	111	286	43.9248120300752	0.0
tRNA-Ser-GCT-4-2	111	286	43.9248120300752	0.0
tRNA-Ser-GCT-4-1	111	286	43.9248120300752	0.0
tRNA-Tyr-GTA-2-1	85	218	43.90592740592738	0.0
tRNA-Thr-CGT-1-1	71	228	42.45787545787545	0.0
tRNA-Trp-CCA-2-1	30	44	42.333333333333336	0.0
tRNA-Tyr-GTA-5-5	76	202	42.292832167832145	0.0
tRNA-Gln-CTG-7-1	75	527	40.560164835164876	0.0
tRNA-Arg-TCT-5-1	93	180	40.54999999999999	0.0
tRNA-Gln-CTG-chr19-4	65	512	38.88846153846156	0.0
tRNA-Thr-CGT-3-1	64	191	38.476923076923086	0.0
tRNA-Tyr-GTA-5-4	70	195	34.79283216783216	0.0
tRNA-Ser-GCT-2-1	90	228	34.42481203007518	0.0
tRNA-Thr-CGT-2-1	15	35	32.5	0.0
tRNA-Asp-GTC-5-1	126	332	32.46336996336994	0.0
tRNA-Ser-GCT-1-1	90	226	32.42481203007519	0.0
tRNA-Cys-GCA-1-1	110	285	32.184023275574994	0.0
tRNA-Gly-CCC-7-1	37	80	32.03535353535353	0.0
tRNA-Tyr-GTA-5-2	66	191	31.29283216783218	0.0
tRNA-Leu-TAA-3-1	39	70	30.402380952380952	0.0
tRNA-Tyr-GTA-5-3	65	190	30.29283216783218	0.0
tRNA-Tyr-GTA-8-1	40	74	30.155927405927404	0.0
tRNA-Thr-AGT-1-1	85	227	29.635653235653216	0.0
tRNA-Thr-AGT-1-3	85	227	29.635653235653216	0.0
tRNA-Thr-AGT-1-2	85	227	29.635653235653216	0.0
tRNA-Ala-AGC-5-1	74	263	29.184078144078143	0.0
tRNA-Gly-TCC-4-1	70	127	29.11904761904759	0.0
tRNA-Val-CAC-6-1	109	310	28.894187675070018	0.0
tRNA-Arg-CCG-1-3	70	110	28.472222222222214	0.0
tRNA-Arg-CCG-1-2	70	110	28.472222222222214	0.0
tRNA-Arg-CCG-1-1	70	110	28.472222222222214	0.0
tRNA-Ala-AGC-7-1	76	264	27.850744810744807	0.0
tRNA-Leu-AAG-2-1	98	234	27.838203463203445	0.0
tRNA-Leu-AAG-2-3	98	234	27.838203463203445	0.0
tRNA-Leu-AAG-2-2	98	234	27.838203463203445	0.0
tRNA-Leu-AAG-2-4	98	234	27.838203463203445	0.0
tRNA-Thr-TGT-6-1	38	70	27.666666666666657	0.0
tRNA-Ser-AGA-1-1	82	257	26.964314194577334	0.0
tRNA-Ser-TGA-2-1	75	249	26.755980861243998	0.0
tRNA-SeC-TCA-1-1	14	30	26.5	0.0
tRNA-Ala-CGC-4-1	69	255	25.874554334554333	0.0
tRNA-Lys-CTT-chr7-30	108	217	25.43804251304249	0.0
tRNA-Leu-AAG-1-3	90	204	24.864393939393928	0.0
tRNA-Leu-AAG-1-1	90	204	24.864393939393928	0.0
tRNA-Leu-AAG-1-2	90	204	24.864393939393928	0.0
tRNA-Leu-AAG-3-1	93	207	24.749314574314564	0.0
tRNA-Ala-TGC-5-1	61	239	24.42931623931624	0.0
tRNA-Ser-TGA-4-1	58	211	24.255980861244	0.0
tRNA-Lys-TTT-15-1	11	36	24.083333333333332	0.0
tRNA-Ser-AGA-3-1	68	238	23.441586921850085	0.0
tRNA-Lys-TTT-11-1	66	213	23.276043401043395	0.0
tRNA-Ser-ACT-1-1	39	47	23.23333333333333	0.0
tRNA-Ala-TGC-7-1	59	237	22.42931623931624	0.0
tRNA-Ser-AGA-4-1	64	220	22.41590909090907	0.0
tRNA-Cys-ACA-1-1	56	125	21.70198412698412	0.0
tRNA-Tyr-GTA-3-1	40	65	21.322594072594075	0.0
tRNA-Asp-GTC-3-1	97	202	21.276556776556788	0.0
tRNA-Thr-AGT-5-1	61	167	20.588034188034186	0.0
tRNA-Ser-AGA-2-6	78	237	20.546889952153112	0.0
tRNA-Ser-AGA-2-1	78	237	20.546889952153112	0.0
tRNA-Ser-AGA-2-3	78	237	20.546889952153112	0.0
tRNA-Ser-AGA-2-2	78	237	20.546889952153112	0.0
tRNA-Ser-AGA-2-5	78	237	20.546889952153112	0.0
tRNA-Ser-AGA-2-4	78	237	20.546889952153112	0.0
tRNA-Arg-TCG-3-1	62	91	20.305555555555557	0.0
tRNA-Val-AAC-6-1	44	212	20.078919413919415	0.0
tRNA-Ser-TGA-3-1	70	228	19.838556618819776	0.0
tRNA-Ile-AAT-2-1	76	210	19.62064602064602	0.0
tRNA-Cys-GCA-9-4	128	239	19.33828889042113	0.0
tRNA-Cys-GCA-9-2	128	239	19.33828889042113	0.0
tRNA-Cys-GCA-9-3	128	239	19.33828889042113	0.0
tRNA-Cys-GCA-9-1	128	239	19.33828889042113	0.0
tRNA-Thr-CGT-6-1	14	191	19.100000000000005	0.0
tRNA-Cys-GCA-10-1	126	232	18.747379799512032	0.0
tRNA-Glu-TTC-6-1	36	71	17.620634920634917	0.0
tRNA-Thr-AGT-2-2	58	152	17.588034188034186	0.0
tRNA-Thr-AGT-2-1	58	152	17.588034188034186	0.0
tRNA-Ile-AAT-5-5	81	216	17.587312687312686	0.0
tRNA-Ile-AAT-5-4	81	216	17.587312687312686	0.0
tRNA-Ile-AAT-5-3	81	216	17.587312687312686	0.0
tRNA-Ile-AAT-5-2	81	216	17.587312687312686	0.0
tRNA-Ile-AAT-5-1	81	216	17.587312687312686	0.0
tRNA-Cys-GCA-8-1	125	230	17.519048408680625	0.0
tRNA-Ile-AAT-3-1	56	185	17.47620157620158	0.0
tRNA-Ser-TGA-1-1	19	23	17.276623376623377	0.0
tRNA-Ile-AAT-8-1	60	191	17.24084804084804	0.0
tRNA-Lys-TTT-9-1	12	23	16.707875457875456	0.0
tRNA-Ala-TGC-8-1	39	207	16.62058608058608	0.0
tRNA-Lys-CTT-16-1	40	86	16.491666666666664	0.0
tRNA-Ile-AAT-7-2	64	199	15.863070263070265	0.0
tRNA-Ile-AAT-7-1	64	199	15.863070263070265	0.0
tRNA-Thr-AGT-6-1	53	147	15.713034188034193	0.0
tRNA-Lys-CTT-10-1	55	90	15.650593850593847	0.0
tRNA-Phe-GAA-1-6	75	117	15.235317460317447	0.0
tRNA-Phe-GAA-1-1	75	117	15.235317460317447	0.0
tRNA-Phe-GAA-1-2	75	117	15.235317460317447	0.0
tRNA-Phe-GAA-1-3	75	117	15.235317460317447	0.0
tRNA-Phe-GAA-1-4	75	117	15.235317460317447	0.0
tRNA-Phe-GAA-1-5	75	117	15.235317460317447	0.0
tRNA-Ile-AAT-4-1	62	193	15.217615717615717	0.0
tRNA-Phe-GAA-3-1	39	53	14.899999999999997	0.0
tRNA-Cys-GCA-13-1	109	191	14.895582985215201	0.0
tRNA-Cys-GCA-15-1	109	194	14.754248486380703	0.0
tRNA-Val-TAC-4-1	27	53	14.32066993464052	0.0
tRNA-Cys-GCA-14-1	105	186	14.257550739682955	0.0
tRNA-Cys-GCA-19-1	102	186	14.205880188012403	0.0
tRNA-Leu-TAA-2-1	26	53	14.06904761904762	0.0
tRNA-Und-NNN-3-1	30	79	14.055433455433452	0.0
tRNA-Arg-TCG-2-1	32	43	13.63888888888889	0.0
tRNA-Lys-CTT-8-1	47	89	13.422313797313796	0.0
tRNA-Phe-GAA-2-1	53	90	12.806746031746025	0.0
tRNA-Ala-AGC-11-1	15	25	12.75	0.0
tRNA-Leu-TAA-4-1	22	49	12.283333333333333	0.0
tRNA-Trp-CCA-4-1	23	46	12.266666666666667	0.0
tRNA-Arg-TCG-1-1	20	28	12.180555555555554	0.0
tRNA-Thr-AGT-4-1	43	130	12.088034188034191	0.0
tRNA-Cys-GCA-17-1	87	163	11.403201156517582	0.0
tRNA-Trp-CCA-1-1	17	36	11.133333333333333	0.0
tRNA-Tyr-GTA-chr9-10	30	54	10.749999999999998	0.0
tRNA-Leu-AAG-4-1	28	53	10.690476190476192	0.0
tRNA-Tyr-GTA-chr10-3	29	53	10.499999999999998	0.0
tRNA-Ala-AGC-8-1	14	26	10.25	0.0
tRNA-Ala-AGC-8-2	14	26	10.25	0.0
tRNA-Arg-TCG-5-1	30	41	10.13888888888889	0.0
tRNA-Cys-GCA-7-1	39	102	10.02569132974305	0.0
tRNA-Trp-CCA-3-2	22	45	9.633333333333331	0.0
tRNA-Trp-CCA-3-1	22	45	9.633333333333331	0.0
tRNA-Trp-CCA-3-3	22	45	9.633333333333331	0.0
tRNA-Ile-GAT-1-1	17	109	9.557142857142857	0.0
tRNA-Ile-GAT-1-3	17	109	9.557142857142857	0.0
tRNA-Ile-GAT-1-2	17	109	9.557142857142857	0.0
tRNA-Thr-CGT-chr1-118	24	61	9.380952380952378	0.0
tRNA-Ile-AAT-1-1	64	106	9.293145743145738	0.0
tRNA-Cys-GCA-22-1	76	129	9.191879145195571	0.0
tRNA-Cys-GCA-20-1	76	129	9.191879145195571	0.0
tRNA-Arg-TCG-4-1	29	40	9.138888888888888	0.0
tRNA-Ile-TAT-2-2	18	21	9.049999999999999	0.0
tRNA-Tyr-GTA-6-1	21	38	8.709498834498834	0.0
tRNA-Glu-CTC-3-1	25	58	8.705050505050508	0.0
tRNA-Tyr-GTA-4-1	21	37	8.459498834498834	0.0
tRNA-Cys-GCA-chr11-21	72	123	8.443901289717717	0.0
tRNA-Cys-GCA-18-1	44	87	7.331124621941049	0.0
tRNA-Sup-TTA-1-1	23	40	7.296464646464645	0.0
tRNA-Asn-GTT-4-1	37	46	7.189750935339169	0.0
nmt-tRNA-Val-TAC-1-1	6	7	7.0	0.0
tRNA-Asn-GTT-9-2	27	89	6.978989474577709	0.0
tRNA-Asn-GTT-9-1	27	89	6.978989474577709	0.0
tRNA-Und-NNN-4-1	21	38	6.868686868686867	0.0
tRNA-Lys-CTT-chr16-1	36	70	6.813367188367187	0.0
tRNA-Ser-CGA-4-1	9	9	6.785714285714286	0.0
tRNA-Ser-GCT-6-1	41	51	6.567669172932331	0.0
tRNA-Ala-AGC-15-1	6	14	5.75	0.0
tRNA-Gly-GCC-6-1	11	20	5.6	0.0
tRNA-Lys-CTT-12-1	33	67	5.577256077256077	0.0
tRNA-Asp-ATC-chr6-103	17	34	5.303571428571429	0.0
tRNA-Lys-CTT-14-1	30	63	5.177256077256077	0.0
tRNA-Phe-GAA-5-1	31	44	4.884126984126983	0.0
tRNA-Pro-AGG-3-1	26	101	4.8243107769423546	0.0
tRNA-Cys-GCA-11-1	27	55	4.806643710695434	0.0
tRNA-Asn-GTT-5-1	35	47	4.740100585688819	0.0
tRNA-Asn-GTT-8-1	9	9	4.238095238095238	0.0
tRNA-Phe-GAA-6-1	29	40	4.15	0.0
tRNA-Ile-AAT-6-1	27	33	4.07894327894328	0.0
tRNA-Ile-TAT-2-3	15	16	4.050000000000001	0.0
tRNA-Thr-CGT-5-1	4	4	4.0	0.0
tRNA-Glu-TTC-5-1	4	4	4.0	0.0
tRNA-Met-CAT-7-1	3	4	4.0	0.0
tRNA-Lys-TTT-10-1	14	23	3.981684981684982	0.0
tRNA-Cys-GCA-3-1	23	41	3.689717826033616	0.0
tRNA-Gln-CTG-12-1	8	9	3.5419413919413922	0.0
tRNA-Ala-AGC-20-1	4	7	3.5	0.0
tRNA-SeC-TCA-2-1	6	7	3.5	0.0
tRNA-Cys-GCA-23-1	22	48	3.2842771883289132	0.0
tRNA-Asn-GTT-10-1	8	8	3.238095238095238	0.0
tRNA-Phe-GAA-4-1	11	21	3.1805555555555554	0.0
tRNA-Glu-TTC-7-1	13	24	3.136796536796536	0.0
tRNA-Cys-GCA-21-1	21	46	3.084277188328913	0.0
tRNA-Arg-TCG-6-1	8	14	3.0555555555555554	0.0
tRNA-Phe-GAA-10-1	5	9	2.9837662337662336	0.0
tRNA-Tyr-GTA-7-1	12	24	2.8685897435897436	0.0
tRNA-Gln-CTG-9-1	4	15	2.8666666666666667	0.0
tRNA-Cys-GCA-25-1	18	40	2.863012820512821	0.0
tRNA-Cys-GCA-24-1	16	38	2.7963461538461543	0.0
tRNA-Asp-GTC-4-1	19	31	2.348901098901099	0.0
tRNA-Phe-GAA-8-1	4	5	2.3333333333333335	0.0
tRNA-Leu-AAG-5-1	3	10	2.125	0.0
tRNA-Tyr-GTA-10-1	2	3	2.076923076923077	0.0
tRNA-Lys-CTT-9-1	5	11	2.0666666666666664	0.0
tRNA-Cys-GCA-12-1	12	20	2.0204913663077964	0.0
tRNA-Leu-AAG-6-1	2	2	2.0	0.0
nmt-tRNA-Gln-TTG-9-1	3	3	2.0	0.0
tRNA-Ala-AGC-19-1	1	2	2.0	0.0
tRNA-Leu-CAG-chr9-3	5	5	1.75	0.0
tRNA-Lys-TTT-13-1	5	6	1.6363636363636362	0.0
tRNA-Asn-GTT-7-1	8	8	1.5508981214863566	0.0
tRNA-Arg-TCT-4-1	2	2	1.5	0.0
tRNA-Cys-GCA-16-1	9	17	1.3309765672923568	0.0
tRNA-Ser-CGA-1-1	11	13	1.2660173160173158	0.0
tRNA-Gln-CTG-8-2	3	3	1.25	0.0
tRNA-Gln-CTG-8-1	3	3	1.25	0.0
tRNA-Tyr-GTA-chr7-6	6	6	1.225	0.0
tRNA-Tyr-GTA-chr7-1	6	6	1.225	0.0
tRNA-Asn-GTT-16-1	12	19	1.1472222222222221	0.0
tRNA-Asn-GTT-16-2	12	19	1.1472222222222221	0.0
tRNA-Asn-GTT-16-3	12	19	1.1472222222222221	0.0
tRNA-Asn-GTT-16-4	12	19	1.1472222222222221	0.0
tRNA-Asn-GTT-16-5	12	19	1.1472222222222221	0.0
tRNA-SeC-TCA-3-1	2	2	1.125	0.0
tRNA-Tyr-ATA-1-1	1	1	1.0	0.0
tRNA-Glu-CTC-5-1	2	2	1.0	0.0
nmt-tRNA-Gln-TTG-7-1	2	2	1.0	0.0
tRNA-Val-AAC-7-1	1	2	1.0	0.0
tRNA-Ala-AGC-23-1	1	1	1.0	0.0
tRNA-Undet-NNN-chr2-20	4	4	1.0	0.0
tRNA-Lys-TTT-12-1	1	1	1.0	0.0
tRNA-Leu-CAA-5-1	1	2	1.0	0.0
tRNA-Undet-NNN-chr2-8	4	4	1.0	0.0
tRNA-Gln-TTG-6-1	1	1	1.0	0.0
tRNA-Ser-CGA-2-1	4	4	0.8766233766233766	0.0
tRNA-Asn-GTT-13-1	6	6	0.8524132730015083	0.0
tRNA-Asn-GTT-18-1	6	6	0.8524132730015083	0.0
tRNA-Ser-AGA-5-1	4	10	0.8496503496503497	0.0
tRNA-Asn-GTT-12-1	3	3	0.738095238095238	0.0
tRNA-Val-TAC-chr17-24	2	2	0.7	0.0
tRNA-Ala-AGC-22-1	2	4	0.6666666666666666	0.0
tRNA-Ala-AGC-9-1	2	4	0.6666666666666666	0.0
tRNA-Ala-AGC-9-2	2	4	0.6666666666666666	0.0
tRNA-Asn-ATT-1-2	2	2	0.55	0.0
tRNA-Asn-ATT-1-1	2	2	0.55	0.0
tRNA-Tyr-GTA-11-1	4	5	0.5222222222222223	0.0
tRNA-Ala-CGC-5-1	1	1	0.5	0.0
tRNA-Ser-CGA-3-1	1	1	0.5	0.0
tRNA-Asn-GTT-15-1	5	6	0.4993829699712053	0.0
tRNA-Asn-GTT-11-2	2	3	0.48717948717948717	0.0
tRNA-Asn-GTT-11-1	2	3	0.48717948717948717	0.0
tRNA-Asn-GTT-14-1	2	3	0.48717948717948717	0.0
tRNA-Trp-CCA-5-1	2	2	0.3666666666666667	0.0
tRNA-Ile-AAT-9-1	4	4	0.3622766122766123	0.0
tRNA-Phe-GAA-7-1	1	3	0.3333333333333333	0.0
tRNA-Leu-CAG-chr9-7	3	3	0.2534090909090909	0.0
tRNA-Gln-CTG-10-1	1	1	0.25	0.0
tRNA-Tyr-GTA-chr9-4	1	1	0.25	0.0
nmt-tRNA-Tyr-GTA-chr2-10	2	2	0.225	0.0
tRNA-Tyr-GTA-chr2-12	2	2	0.225	0.0
nmt-tRNA-Tyr-GTA-chr4-1	2	2	0.225	0.0
tRNA-Asn-GTT-21-1	3	3	0.19215686274509802	0.0
tRNA-Lys-TTT-chr3-2	2	2	0.16666666666666666	0.0
tRNA-Leu-CAA-6-1	2	2	0.1534090909090909	0.0
tRNA-Leu-AAG-7-1	1	1	0.09090909090909091	0.0
tRNA-Tyr-GTA-9-1	1	1	0.07692307692307693	0.0
tRNA-Thr-AGT-7-1	1	1	0.07692307692307693	0.0
tRNA-Lys-CTT-15-1	1	1	0.07142857142857142	0.0
tRNA-Ile-GAT-chrX-5	1	1	0.07142857142857142	0.0
tRNA-Ile-GAT-chrX-7	1	1	0.07142857142857142	0.0
tRNA-Val-CAC-10-1	1	1	0.05555555555555555	0.0
