GeneSymbol	uniqueReadCount	totalReadCount	multimapAdjustedReadCount	multimapAdjustedBarcodeCount
LUZP2	6	244	244.0	0.0
TBC1D8B	264	626	197.41706349206365	0.0
RP11-259O2.3	244	604	196.584523809524	0.0
SLC38A6	241	599	191.16785714285726	0.0
AC010970.2	73	148	146.5	0.0
RBBP7	12	118	118.0	0.0
HIF1AN	8	57	56.5	0.0
HSPA8P20	16	56	55.5	0.0
CTD-2328D6.1	46	55	55.0	0.0
KDM3B	8	50	50.0	0.0
MT-ND5	35	47	44.5	0.0
KSR2	7	42	42.0	0.0
RYK	6	37	37.0	0.0
KCNQ1OT1	58	84	32.29404761904761	0.0
RP1-140C12.2	5	30	30.0	0.0
PPP2R2A	7	28	28.0	0.0
GNPDA1	6	25	24.714285714285715	0.0
LURAP1L	1	22	22.0	0.0
IL16	13	22	20.999999999999996	0.0
MT-CYB	15	21	19.5	0.0
RP11-346D14.1	25	29	18.28571428571429	0.0
MT-ND4	23	25	18.083333333333332	0.0
RP11-142G1.3	27	52	15.034523809523812	0.0
SMC1A	5	15	15.0	0.0
RP4-712E4.1	3	27	13.5	0.0
RP4-712E4.2	3	27	13.5	0.0
TTC39B	3	12	13.0	0.0
RP11-87E22.2	5	13	13.0	0.0
MT-RNR2	13	15	12.75	0.0
MT-CO1	15	18	12.0	0.0
TOR3A	4	12	12.0	0.0
MYO1F	5	12	12.0	0.0
PTPRQ	22	24	11.816666666666665	0.0
C1orf51	3	9	11.0	0.0
ESRG	14	14	11.0	0.0
MROH2B	6	11	10.999999999999998	0.0
KCNA5	3	10	10.0	0.0
ECD	3	10	10.0	0.0
ESYT1	7	10	10.0	0.0
RP11-677M14.7	3	10	10.0	0.0
RP11-284J1.1	5	10	10.0	0.0
AC103828.1	4	10	10.0	0.0
RP11-501E14.1	6	11	9.333333333333332	0.0
AC072062.1	8	10	9.25	0.0
UGDH-AS1	18	24	9.183333333333334	0.0
DIAPH2	7	9	9.0	0.0
PI4K2A	2	9	9.0	0.0
ZSWIM3	4	9	9.0	0.0
GGT1	10	15	8.932407407407407	0.0
MIPOL1	16	21	8.720238095238095	0.0
NEDD4	19	22	8.665079365079364	0.0
C4orf36	6	7	8.5	0.0
RP13-254B10.1	5	8	8.0	0.0
TMEM104	5	8	8.0	0.0
PHF14	2	8	8.0	0.0
KIAA1328	11	14	7.9523809523809526	0.0
SAFB	6	8	7.8000000000000025	0.0
RPAP2	16	17	7.726190476190476	0.0
RP11-946L20.4	10	11	7.583333333333333	0.0
TPH2	2	6	7.25	0.0
NFAT5	4	8	7.25	0.0
TPTEP1	4	7	7.0	0.0
MT-TP	7	7	7.0	0.0
MT-ATP6	7	9	7.0	0.0
IFT57	2	7	7.0	0.0
MUC12	4	7	7.0	0.0
CCND3	3	7	7.0	0.0
ARHGAP39	4	7	7.0	0.0
IGDCC3	5	7	7.0	0.0
HHLA1	7	11	6.9222222222222225	0.0
AGBL2	1	8	6.666666666666666	0.0
GGTLC1	6	11	6.555555555555555	0.0
CHRNA1	3	6	6.000000000000001	0.0
TPH1	4	6	6.0	0.0
DNAJC11	2	6	6.0	0.0
CDC37	2	6	6.0	0.0
ZNF296	1	6	6.0	0.0
RP11-727A23.10	6	6	6.0	0.0
LINC00263	6	8	6.0	0.0
AC018890.4	2	6	6.0	0.0
RP11-1060J15.4	4	5	6.0	0.0
EHMT1	1	4	6.0	0.0
SLC12A9	3	6	6.0	0.0
SESN3	3	6	6.0	0.0
ASTN2	5	6	6.0	0.0
LRBA	2	3	6.0	0.0
CA1	3	6	5.999999999999998	0.0
MT-CO2	9	10	5.833333333333333	0.0
MT-ND1	6	8	5.75	0.0
LINC00504	8	10	5.583333333333332	0.0
MT-CO3	5	6	5.5	0.0
hsa-mir-6723.1	9	11	5.5	0.0
CDHR3	4	6	5.5	0.0
ABHD2	3	6	5.285714285714286	0.0
MT-ND6	3	6	5.25	0.0
C10orf76	3	5	5.0	0.0
LINC00174	3	5	5.0	0.0
AC005154.6	3	4	5.0	0.0
CTD-2247C11.4	3	5	5.0	0.0
NEDD4L	1	5	5.0	0.0
CCDC125	5	6	5.0	0.0
RAE1	2	5	5.0	0.0
LPL	2	5	5.0	0.0
TSIX	4	5	5.0	0.0
ZKSCAN1	2	5	5.0	0.0
RP11-382J12.1	5	5	5.0	0.0
SERAC1	1	3	5.0	0.0
CTD-2583A14.8	2	5	5.0	0.0
MT-ND4L	4	5	4.5	0.0
USE1	2	5	4.5	0.0
ADAMTSL3	6	8	4.285714285714286	0.0
MTRR	2	4	4.000000000000001	0.0
GRHPR	1	4	4.000000000000001	0.0
AP000462.1	4	4	4.0	0.0
MT-TQ	4	4	4.0	0.0
RP11-528A4.2	4	4	4.0	0.0
NAV3	1	3	4.0	0.0
NF2	2	4	4.0	0.0
UNC80	4	4	4.0	0.0
MTND4P12	7	9	4.0	0.0
TLE1	1	3	4.0	0.0
AL035610.1	1	4	4.0	0.0
LSM11	1	4	4.0	0.0
RP4-657D16.3	1	4	4.0	0.0
ERVW-1	4	4	4.0	0.0
ZBTB43	1	4	4.0	0.0
ZBTB44	2	4	4.0	0.0
FARP2	2	4	4.0	0.0
RP11-1149O23.1	1	4	4.0	0.0
RP11-169F17.1	1	4	4.0	0.0
TMEM131	3	4	4.0	0.0
GRIN2C	1	4	4.0	0.0
MUC3A	2	4	4.0	0.0
KHDRBS3	3	4	4.0	0.0
RP11-320M2.1	1	4	4.0	0.0
SET	2	4	4.0	0.0
CCNL1	3	4	4.0	0.0
CAPN2	2	4	4.0	0.0
ITCH	3	4	4.0	0.0
RP11-855O10.2	1	4	4.0	0.0
STXBP3	3	4	4.0	0.0
LRRC28	3	5	4.0	0.0
AGTRAP	3	4	3.999999999999999	0.0
SEC22C	3	4	3.999999999999999	0.0
MICAL3	2	3	3.833333333333333	0.0
MORC4	19	22	3.8325396825396827	0.0
HMGA1	3	5	3.75	0.0
SPINK9	3	5	3.6666666666666665	0.0
RTN3	4	4	3.636363636363637	0.0
TTI2	3	4	3.6	0.0
AC092669.3	2	4	3.3333333333333335	0.0
AP000354.4	7	10	3.268518518518518	0.0
TRIM22	11	14	3.25	0.0
RP11-545I5.3	17	20	3.1658730158730157	0.0
COL4A3BP	2	3	3.1	0.0
AL590867.1	14	16	3.032539682539682	0.0
INCA1	3	3	3.0000000000000004	0.0
LARS2	2	3	3.0000000000000004	0.0
SLC17A8	1	3	3.0	0.0
IFNAR1	2	3	3.0	0.0
LDB3	2	3	3.0	0.0
CASC3	1	3	3.0	0.0
PAQR3	2	3	3.0	0.0
TFPI2	2	3	3.0	0.0
STARD8	3	3	3.0	0.0
CASP8AP2	1	2	3.0	0.0
FAM76B	2	3	3.0	0.0
IP6K1	3	3	3.0	0.0
AGBL5	2	3	3.0	0.0
SLC14A2	2	3	3.0	0.0
FAM9C	2	4	3.0	0.0
KMT2C	2	3	3.0	0.0
MT-ND3	1	3	3.0	0.0
AC108004.2	2	3	3.0	0.0
MS4A15	3	3	3.0	0.0
INTU	2	3	3.0	0.0
PLK1S1	2	3	3.0	0.0
RP11-53B2.3	2	3	3.0	0.0
MXD4	1	3	3.0	0.0
RTN1	1	3	3.0	0.0
DAAM1	1	3	3.0	0.0
GBP7	1	3	3.0	0.0
KLHL36	1	3	3.0	0.0
PRKCD	2	3	3.0	0.0
PPIP5K2	3	3	3.0	0.0
NOVA1	1	3	3.0	0.0
CTD-2540B15.6	1	3	3.0	0.0
SEPT3	1	3	3.0	0.0
YWHAG	2	3	3.0	0.0
SOD2	3	3	3.0	0.0
CYP27B1	1	3	3.0	0.0
C12orf50	3	3	3.0	0.0
C12orf76	1	2	3.0	0.0
AC073409.1	1	3	3.0	0.0
NEK10	1	3	3.0	0.0
CNTLN	2	3	3.0	0.0
SLC1A3	1	3	3.0	0.0
CASP6	2	3	3.0	0.0
HP	1	3	3.0	0.0
AR	1	3	3.0	0.0
CEACAM21	2	3	3.0	0.0
SRSF3	2	3	3.0	0.0
RP11-268G13.1	3	3	3.0	0.0
TBC1D15	2	3	3.0	0.0
SHROOM3	2	3	3.0	0.0
RP11-103B5.2	2	3	3.0	0.0
CTB-25B13.12	1	3	3.0	0.0
EFNB2	3	3	3.0	0.0
CRY1	2	3	3.0	0.0
RAVER2	2	3	3.0	0.0
HRNR	2	3	3.0	0.0
PIP5K1B	2	3	3.0	0.0
KIR3DL2	1	3	3.0	0.0
HMGCL	1	3	3.0	0.0
TMPRSS2	2	4	3.0	0.0
KB-1208A12.3	1	3	3.0	0.0
ZNF891	1	3	3.0	0.0
C22orf23	2	3	3.0	0.0
LIMA1	3	3	3.0	0.0
PRPF40A	1	3	3.0	0.0
MT-RNR1	2	3	3.0	0.0
CROCC	1	2	3.0	0.0
ZNF804B	1	3	3.0	0.0
LINC00649	2	3	3.0	0.0
FRK	2	3	3.0	0.0
RP11-375O18.2	1	3	3.0	0.0
FOXK1	3	3	3.0	0.0
AC016903.1	3	3	3.0	0.0
RP11-480G7.2	2	3	3.0	0.0
SLC16A4	2	3	3.0	0.0
CYP4F12	1	3	3.0	0.0
RP1-184J9.2	1	3	3.0	0.0
GPR162	3	3	3.0	0.0
RP11-138A9.2	3	3	3.0	0.0
RP11-622C24.1	3	4	3.0	0.0
FAM66C	1	3	3.0	0.0
UBR5	1	3	3.0	0.0
COL10A1	3	3	3.0	0.0
AMZ2P1	1	3	3.0	0.0
SLC45A2	1	3	3.0	0.0
HDAC2	1	3	3.0	0.0
NXPE1	1	3	3.0	0.0
ZC3H13	1	3	3.0	0.0
ZNF792	2	3	3.0	0.0
EFCAB11	1	3	3.0	0.0
HOXB-AS3	1	2	2.9999999999999996	0.0
PIK3R3	2	3	2.9999999999999996	0.0
UBXN1	1	3	2.9999999999999996	0.0
TP53BP1	3	3	2.9999999999999996	0.0
RP5-857K21.7	6	7	2.8333333333333335	0.0
MTND1P23	3	5	2.75	0.0
EIF3E	1	3	2.6666666666666665	0.0
STK3	2	4	2.5	0.0
TRIP11	2	4	2.5	0.0
OR11A1	1	5	2.5	0.0
MTND5P11	4	5	2.5	0.0
CYP2E1	3	3	2.5	0.0
OR5V1	1	5	2.5	0.0
TFPI	3	3	2.5	0.0
EIF4E	1	2	2.3333333333333335	0.0
AL139147.1	3	3	2.3333333333333335	0.0
RP5-998N21.4	3	7	2.333333333333333	0.0
STRN	3	3	2.333333333333333	0.0
RP11-196G18.3	3	7	2.333333333333333	0.0
RP11-439A17.9	3	7	2.333333333333333	0.0
PDE4DIP	4	5	2.316666666666667	0.0
NBPF1	1	2	2.25	0.0
KIAA1009	1	3	2.25	0.0
RP11-703G6.1	6	10	2.208333333333333	0.0
NXF1	2	2	2.1666666666666665	0.0
LRRC37BP1	2	3	2.125	0.0
AC007743.1	13	15	2.032539682539682	0.0
CTSB	1	2	2.0000000000000004	0.0
MTA1	1	2	2.0000000000000004	0.0
DNMT3A	1	2	2.0000000000000004	0.0
MAGI1	1	2	2.0000000000000004	0.0
CIRBP	1	2	2.0000000000000004	0.0
GRIN1	2	2	2.0000000000000004	0.0
NLRC5	1	2	2.0000000000000004	0.0
MLNR	2	2	2.0	0.0
PSMG3	2	2	2.0	0.0
NDUFA9	1	2	2.0	0.0
ZNF701	1	2	2.0	0.0
GSG1L	1	2	2.0	0.0
RP11-116D17.2	1	2	2.0	0.0
MPP5	2	2	2.0	0.0
MMEL1	1	2	2.0	0.0
WBSCR17	2	2	2.0	0.0
TPP1	1	2	2.0	0.0
CASC7	1	2	2.0	0.0
UST	1	2	2.0	0.0
ENTPD8	1	2	2.0	0.0
AC106786.1	2	2	2.0	0.0
BPIFC	2	2	2.0	0.0
RBM10	1	2	2.0	0.0
SRRM3	2	2	2.0	0.0
UBQLN4	2	2	2.0	0.0
RBM15	1	2	2.0	0.0
SAMD9	2	2	2.0	0.0
TENM2	1	2	2.0	0.0
AFF4	1	2	2.0	0.0
RBM25	1	2	2.0	0.0
FAT2	1	2	2.0	0.0
AC009158.1	1	2	2.0	0.0
AIM1L	1	2	2.0	0.0
DNAJC25	2	2	2.0	0.0
AC016629.8	1	2	2.0	0.0
RP11-133F8.2	1	2	2.0	0.0
DNAJC18	1	2	2.0	0.0
KIAA0368	2	2	2.0	0.0
NOTCH3	1	2	2.0	0.0
DENND1C	1	2	2.0	0.0
POLN	1	2	2.0	0.0
RP11-510H23.1	1	2	2.0	0.0
GCC2	2	2	2.0	0.0
HTRA3	1	2	2.0	0.0
TCEANC2	1	2	2.0	0.0
RCAN3	1	2	2.0	0.0
VHL	1	2	2.0	0.0
MLXIP	2	2	2.0	0.0
PKD1L2	1	1	2.0	0.0
TSPYL4	1	2	2.0	0.0
RNF6P1	2	2	2.0	0.0
CTD-2194L12.2	1	2	2.0	0.0
CYB5R4	1	2	2.0	0.0
DDX52	1	2	2.0	0.0
CTD-2207A17.1	1	2	2.0	0.0
SGSM1	2	2	2.0	0.0
ELOVL7	1	2	2.0	0.0
PRKAR2A	1	2	2.0	0.0
MAMDC2-AS1	2	2	2.0	0.0
STYX	2	2	2.0	0.0
ZNF256	1	2	2.0	0.0
HTR2B	1	2	2.0	0.0
RASSF5	2	2	2.0	0.0
PDZRN4	2	2	2.0	0.0
ZNF267	2	2	2.0	0.0
DGKB	1	2	2.0	0.0
UNC79	1	2	2.0	0.0
PLEKHG4	2	2	2.0	0.0
RP11-523O18.5	2	2	2.0	0.0
KCNH6	1	2	2.0	0.0
GRIPAP1	2	2	2.0	0.0
HIST2H2AB	2	2	2.0	0.0
MTATP6P1	4	4	2.0	0.0
TLL2	1	2	2.0	0.0
HMGCS2	1	2	2.0	0.0
FNBP1	1	2	2.0	0.0
WDR66	1	2	2.0	0.0
PCNT	1	2	2.0	0.0
RP11-368I23.3	1	2	2.0	0.0
TADA2A	1	2	2.0	0.0
CTD-2639E6.9	1	2	2.0	0.0
C19orf43	1	2	2.0	0.0
RP11-510I6.2	2	2	2.0	0.0
MEF2BNB	1	2	2.0	0.0
IRF8	1	2	2.0	0.0
RP11-256I9.2	3	3	2.0	0.0
IRF9	2	2	2.0	0.0
PSRC1	1	2	2.0	0.0
TMEM14E	2	2	2.0	0.0
RP1-274L7.1	1	2	2.0	0.0
RP11-554A11.9	1	2	2.0	0.0
MPV17L	2	3	2.0	0.0
PUF60	1	2	2.0	0.0
LDOC1	1	2	2.0	0.0
ITGA5	1	2	2.0	0.0
HTT	1	2	2.0	0.0
DBIL5P	1	2	2.0	0.0
DBX1	1	2	2.0	0.0
HEG1	1	2	2.0	0.0
LMTK2	1	2	2.0	0.0
SNCAIP	1	2	2.0	0.0
TMTC2	1	2	2.0	0.0
CAPG	1	2	2.0	0.0
AC018890.6	1	2	2.0	0.0
PEX14	1	2	2.0	0.0
ZNF859P	2	2	2.0	0.0
TPCN2	1	2	2.0	0.0
VENTXP1	1	2	2.0	0.0
FKBP11	1	2	2.0	0.0
PLA2G6	2	2	2.0	0.0
AP000479.1	1	2	2.0	0.0
LINC00871	2	2	2.0	0.0
ZEB2	2	2	2.0	0.0
STAG3L5P	1	2	2.0	0.0
ETS1	2	2	2.0	0.0
PAXIP1	2	3	2.0	0.0
EEF1A1P14	1	2	2.0	0.0
LINC00499	2	2	2.0	0.0
PEX5L	1	2	2.0	0.0
EXT1	1	2	2.0	0.0
MLLT11	1	2	2.0	0.0
C9orf16	1	2	2.0	0.0
DENND4A	1	2	2.0	0.0
KRT8P22	1	2	2.0	0.0
SFI1	1	2	2.0	0.0
TUBB8P4	1	2	2.0	0.0
CNTN5	1	2	2.0	0.0
EEF1A1P38	1	2	2.0	0.0
ACSF3	2	2	2.0	0.0
RP11-427H3.3	1	2	2.0	0.0
P2RX4	1	2	2.0	0.0
SYT11	2	2	2.0	0.0
RAB8A	1	2	2.0	0.0
DNAJA2	1	2	2.0	0.0
GABRP	1	2	2.0	0.0
RP11-379B18.5	2	2	2.0	0.0
SYAP1	2	2	2.0	0.0
ME2	1	2	2.0	0.0
CMBL	1	2	2.0	0.0
SRP19	1	2	2.0	0.0
PRSS22	2	2	2.0	0.0
RP11-286E11.1	2	3	2.0	0.0
NBEAL1	1	1	2.0	0.0
GS1-122H1.2	2	2	2.0	0.0
CEACAM19	1	2	2.0	0.0
RP11-345I18.4	1	2	2.0	0.0
ELF3	1	2	2.0	0.0
LYL1	2	2	2.0	0.0
RP11-442N1.2	1	2	2.0	0.0
ZNF514	1	2	2.0	0.0
HSPBAP1	1	2	2.0	0.0
UNC13B	2	2	2.0	0.0
SERPINF2	1	2	2.0	0.0
KIAA1522	2	2	2.0	0.0
NCAPD2	1	2	2.0	0.0
KRTAP10-9	1	2	2.0	0.0
LPCAT3	1	2	2.0	0.0
USHBP1	1	2	2.0	0.0
PGAM5	1	2	2.0	0.0
PPP2R5C	2	2	2.0	0.0
RP11-175B12.2	1	2	2.0	0.0
SUMF1	1	2	2.0	0.0
RP11-798G7.5	1	2	2.0	0.0
MTND2P23	2	2	2.0	0.0
N4BP3	1	2	2.0	0.0
ZNF702P	1	1	2.0	0.0
AC016747.3	1	2	2.0	0.0
RP11-12A20.2	1	2	2.0	0.0
FASLG	1	2	2.0	0.0
HOXB8	2	2	2.0	0.0
HOXB7	2	2	2.0	0.0
SLC30A9	1	2	2.0	0.0
TSHZ2	2	2	2.0	0.0
PTHLH	1	2	2.0	0.0
RP11-89F3.2	1	2	2.0	0.0
SLC4A3	1	2	2.0	0.0
GSTM5	1	2	2.0	0.0
RNF39	1	2	2.0	0.0
PHF21A	2	2	2.0	0.0
ADCY9	1	1	2.0	0.0
POLR3E	2	2	2.0	0.0
CC2D1A	1	2	2.0	0.0
AGO2	2	2	2.0	0.0
COL2A1	1	2	2.0	0.0
ADAM12	1	1	2.0	0.0
ASH1L	1	2	2.0	0.0
POLR1C	1	2	2.0	0.0
LTBR	2	2	2.0	0.0
RP13-494C23.1	1	2	2.0	0.0
AC092171.4	1	2	2.0	0.0
AP006621.8	1	2	2.0	0.0
AC005307.3	1	2	2.0	0.0
TAF9B	1	2	2.0	0.0
ADD2	1	2	2.0	0.0
RP4-569M23.2	1	2	2.0	0.0
TMEM185B	1	2	2.0	0.0
FRMD4A	1	2	2.0	0.0
ARID5B	2	2	2.0	0.0
AP003774.5	1	2	2.0	0.0
FTH1P14	2	2	2.0	0.0
AC016251.1	1	2	2.0	0.0
WIPI2	2	2	2.0	0.0
SMG1	1	2	2.0	0.0
DOCK2	1	2	2.0	0.0
CX3CL1	1	2	2.0	0.0
DCDC2B	1	2	2.0	0.0
NETO2	1	2	2.0	0.0
SLC34A2	2	2	2.0	0.0
SIX2	1	2	2.0	0.0
RP11-6B19.1	2	2	2.0	0.0
FAHD2CP	1	2	2.0	0.0
ZNF451	1	2	2.0	0.0
RAD17P2	1	2	2.0	0.0
NT5C3B	1	2	2.0	0.0
AC159540.1	2	3	2.0	0.0
ACTC1	1	2	2.0	0.0
SRGAP1	2	2	2.0	0.0
TRUB2	1	2	2.0	0.0
NUP205	1	2	2.0	0.0
MROH1	1	2	2.0	0.0
GPR98	2	2	2.0	0.0
TRPV6	1	2	2.0	0.0
GPR82	1	2	2.0	0.0
IFIT6P	1	2	2.0	0.0
MT-TS1	2	2	2.0	0.0
RP11-169K16.9	2	2	2.0	0.0
NTAN1	1	2	2.0	0.0
FAM163A	2	2	2.0	0.0
RP11-349A22.5	1	2	2.0	0.0
MACC1-AS1	2	2	2.0	0.0
CTD-3064M3.4	2	2	2.0	0.0
AL157902.3	1	2	2.0	0.0
SLC25A48	1	2	2.0	0.0
ARHGAP44	2	4	2.0	0.0
GLIS2	2	2	2.0	0.0
CYTH1	1	2	2.0	0.0
SP100	1	2	2.0	0.0
LINC00672	1	2	2.0	0.0
CTC-492K19.4	1	2	2.0	0.0
ACOT13	2	2	2.0	0.0
ANG	1	2	2.0	0.0
ARHGAP21	1	2	2.0	0.0
OR6K6	1	2	2.0	0.0
PLEKHA3	2	2	2.0	0.0
NTPCR	1	2	2.0	0.0
PPTC7	1	2	2.0	0.0
RP11-182J23.1	2	3	2.0	0.0
MRPS15	1	2	2.0	0.0
NEBL	1	1	2.0	0.0
LRRC37A17P	1	2	2.0	0.0
AC012146.7	1	2	2.0	0.0
TOR1AIP2	1	1	2.0	0.0
OR5B21	1	2	2.0	0.0
RP1-93I3.1	2	2	2.0	0.0
LRRC37A16P	1	2	2.0	0.0
FCGR2A	2	2	2.0	0.0
YJEFN3	2	2	2.0	0.0
TEX2	2	2	2.0	0.0
CTD-2555K7.4	1	2	2.0	0.0
RP11-613F22.8	1	2	2.0	0.0
GOLM1	1	2	2.0	0.0
CTC-436P18.3	2	2	2.0	0.0
SENP5	1	2	2.0	0.0
PRKAR2A-AS1	1	2	2.0	0.0
GREB1	1	2	2.0	0.0
KDR	1	2	2.0	0.0
NEK1	2	2	2.0	0.0
HARS	2	2	2.0	0.0
AF001550.7	1	2	2.0	0.0
RP11-338E21.3	1	2	2.0	0.0
CD44	1	1	2.0	0.0
DDX11	1	2	2.0	0.0
HS2ST1	1	2	2.0	0.0
MEGF11	1	2	2.0	0.0
CTD-2525I3.3	1	2	2.0	0.0
RNF115	2	3	2.0	0.0
NFRKB	1	2	2.0	0.0
EHD1	2	2	2.0	0.0
TMED5	1	2	2.0	0.0
FSIP2	2	2	2.0	0.0
COA1	2	2	2.0	0.0
LRRC8B	2	2	2.0	0.0
ADRA1B	1	2	2.0	0.0
CSAD	2	2	2.0	0.0
BMPR2	2	2	2.0	0.0
MLST8	1	2	2.0	0.0
GALR1	1	2	2.0	0.0
SF3B2	1	2	2.0	0.0
RP11-24J23.2	2	2	2.0	0.0
BRF1	1	1	2.0	0.0
TYR	1	2	2.0	0.0
POP7	1	2	2.0	0.0
CYP46A1	1	2	2.0	0.0
GDNF-AS1	2	2	2.0	0.0
EIF2AK4	2	2	2.0	0.0
ZNF789	1	2	2.0	0.0
RP13-492C18.2	1	2	2.0	0.0
ZNF773	1	2	2.0	0.0
PIK3R5	2	2	1.9999999999999998	0.0
CEP85L	2	2	1.9999999999999998	0.0
MN1	2	2	1.9999999999999998	0.0
UNC13D	2	2	1.9999999999999998	0.0
ITSN1	2	2	1.9999999999999998	0.0
LIPC	2	2	1.9999999999999998	0.0
STAU1	1	2	1.9999999999999996	0.0
FAM135A	1	2	1.9999999999999996	0.0
ASH2L	1	2	1.9999999999999996	0.0
ZNF423	2	2	1.9999999999999996	0.0
SSUH2	1	2	1.9999999999999996	0.0
CD63	2	2	1.9999999999999993	0.0
ATG13	3	9	1.9583333333333333	0.0
RP11-47I22.3	4	4	1.8666666666666665	0.0
RP11-1407O15.2	2	2	1.857142857142857	0.0
GGT2	9	14	1.8305555555555555	0.0
NAIP	2	2	1.75	0.0
MTRNR2L8	3	3	1.75	0.0
COMMD2	2	2	1.75	0.0
ANKRD36BP2	3	3	1.7333333333333332	0.0
MCF2L	2	2	1.7222222222222225	0.0
IRGQ	2	2	1.6666666666666665	0.0
PSMD2	1	2	1.6	0.0
ANKRD36	2	2	1.5333333333333332	0.0
GPR75-ASB3	2	2	1.5	0.0
CBX5	2	2	1.5	0.0
RP11-17A4.2	3	3	1.5	0.0
PPP1R3E	1	2	1.5	0.0
RP11-691G17.1	2	2	1.5	0.0
RP11-529H20.6	1	3	1.5	0.0
RP11-7F17.1	1	3	1.5	0.0
C5orf20	1	3	1.5	0.0
ELMOD3	1	3	1.5	0.0
H6PD	1	2	1.5	0.0
ADCY8	2	2	1.5	0.0
EVPL	2	3	1.5	0.0
MTRNR2L11	2	3	1.5	0.0
CD55	1	2	1.5	0.0
DEAF1	1	3	1.5	0.0
VPS33A	1	2	1.5	0.0
XAF1	2	2	1.5	0.0
TIFAB	1	3	1.5	0.0
FAM154B	1	2	1.5	0.0
LINC01057	3	5	1.422222222222222	0.0
RP11-475J5.6	4	4	1.4166666666666665	0.0
ABHD12B	3	5	1.3444444444444446	0.0
RABL6	1	2	1.3333333333333333	0.0
OR52M1	2	2	1.3333333333333333	0.0
TMEM154	2	2	1.3333333333333333	0.0
ACTR3C	2	2	1.3333333333333333	0.0
PEAK1	2	2	1.3333333333333333	0.0
ZBTB37	2	2	1.3333333333333333	0.0
ARHGAP23P1	1	8	1.3333333333333333	0.0
LINC00301	1	2	1.3333333333333333	0.0
MAB21L3	4	5	1.3333333333333333	0.0
CTD-2303H24.2	1	1	1.3333333333333333	0.0
LRIG2	2	2	1.3333333333333333	0.0
PRRC2C	1	1	1.3333333333333333	0.0
CTD-2501M5.1	2	2	1.3333333333333333	0.0
RP11-749H20.3	2	2	1.3333333333333333	0.0
ANKRD36C	2	2	1.3333333333333333	0.0
NFE2L3	1	2	1.3333333333333333	0.0
AC092415.1	2	2	1.3333333333333333	0.0
TESC	2	2	1.2608695652173911	0.0
C2orf81	3	5	1.25	0.0
PSAPL1	2	2	1.25	0.0
PI4K2B	2	2	1.25	0.0
RP11-81H3.2	1	1	1.25	0.0
FTX	1	1	1.25	0.0
GGT3P	9	14	1.2203703703703703	0.0
GGTLC3	9	14	1.2203703703703703	0.0
TERT	1	2	1.2000000000000002	0.0
PLCH2	1	2	1.2	0.0
ACP2	1	2	1.2	0.0
RP11-561I11.3	4	6	1.172222222222222	0.0
ZBTB34	2	2	1.1666666666666665	0.0
TNFRSF13B	1	1	1.1111111111111112	0.0
SLC27A5	2	2	1.1	0.0
KMT2E	1	1	1.0000000000000002	0.0
DDX42	1	1	1.0000000000000002	0.0
RAB40C	1	1	1.0000000000000002	0.0
CS	1	1	1.0000000000000002	0.0
MEN1	1	1	1.0000000000000002	0.0
PTPN7	1	1	1.0000000000000002	0.0
TRPC7	1	1	1.0000000000000002	0.0
DRD2	1	1	1.0000000000000002	0.0
PUM1	1	1	1.0000000000000002	0.0
DNM2	1	1	1.0000000000000002	0.0
ALS2CL	1	1	1.0000000000000002	0.0
PARP8	1	1	1.0000000000000002	0.0
KCNN3	1	1	1.0	0.0
RP11-909B2.1	1	1	1.0	0.0
LINC00514	1	1	1.0	0.0
GMCL1	1	1	1.0	0.0
RP11-752L20.5	1	1	1.0	0.0
WNT2B	1	1	1.0	0.0
A2ML1	1	1	1.0	0.0
PPP1R13L	1	1	1.0	0.0
INF2	1	1	1.0	0.0
ZNF707	1	1	1.0	0.0
RP11-30M20.1	1	1	1.0	0.0
AC092568.1	1	1	1.0	0.0
DDHD1	1	1	1.0	0.0
RP11-19N8.4	1	1	1.0	0.0
ACVR2A	1	1	1.0	0.0
MCTP1	1	1	1.0	0.0
RP11-59H7.3	1	1	1.0	0.0
MCM4	1	1	1.0	0.0
REV1	1	1	1.0	0.0
PSMD8	1	1	1.0	0.0
C10orf68	1	1	1.0	0.0
DCAF4L1	1	1	1.0	0.0
MTSS1L	1	1	1.0	0.0
RN7SKP163	1	1	1.0	0.0
KCTD16	1	1	1.0	0.0
RP11-357H14.17	1	1	1.0	0.0
MSL1	1	1	1.0	0.0
RP11-382A20.5	1	1	1.0	0.0
RIMKLA	1	1	1.0	0.0
MED13L	1	1	1.0	0.0
HEATR1	1	1	1.0	0.0
CD276	1	1	1.0	0.0
RP11-195F19.5	1	1	1.0	0.0
EPHX4	1	1	1.0	0.0
EVC	1	1	1.0	0.0
AC021188.4	1	1	1.0	0.0
RP11-848P1.9	1	1	1.0	0.0
RP5-1007M22.2	1	1	1.0	0.0
AC110781.3	1	1	1.0	0.0
CTC-428G20.6	1	1	1.0	0.0
RP11-702B10.1	1	1	1.0	0.0
ENTPD1	1	1	1.0	0.0
THAP10	1	1	1.0	0.0
ENTPD5	1	1	1.0	0.0
AC004485.3	1	1	1.0	0.0
IVD	1	1	1.0	0.0
ELK4	1	1	1.0	0.0
TRRAP	1	1	1.0	0.0
PAQR6	1	1	1.0	0.0
RP11-72I8.1	1	1	1.0	0.0
LRP10	1	1	1.0	0.0
PLCE1	1	1	1.0	0.0
RP11-25I11.1	1	1	1.0	0.0
RP11-155L15.1	1	1	1.0	0.0
RN7SKP113	1	1	1.0	0.0
PCDHGA11	1	1	1.0	0.0
ORC4	1	1	1.0	0.0
STARD9	1	1	1.0	0.0
TLR7	1	1	1.0	0.0
SLC6A4	1	1	1.0	0.0
WNT3A	1	1	1.0	0.0
ABCC4	1	1	1.0	0.0
RP3-420J14.1	2	2	1.0	0.0
OR13D1	1	1	1.0	0.0
AL591479.1	1	1	1.0	0.0
RP11-363E6.4	1	1	1.0	0.0
RP11-169D4.1	1	1	1.0	0.0
TBX3	1	1	1.0	0.0
THBS2	1	1	1.0	0.0
SPATA5	1	1	1.0	0.0
RP11-606P2.1	1	1	1.0	0.0
GPR158-AS1	1	2	1.0	0.0
ACTL6A	1	1	1.0	0.0
BEST4	1	1	1.0	0.0
SCAPER	1	1	1.0	0.0
LINC00969	2	2	1.0	0.0
SGCA	1	1	1.0	0.0
CTBP2P2	1	1	1.0	0.0
RP11-551L14.4	1	1	1.0	0.0
ANKRD26	1	1	1.0	0.0
ANKRD27	1	1	1.0	0.0
ZCCHC14	1	1	1.0	0.0
CBR4	1	1	1.0	0.0
HERC4	1	1	1.0	0.0
RPH3AL	1	1	1.0	0.0
HERC6	1	1	1.0	0.0
ANKRD12	1	1	1.0	0.0
CTC-265N9.1	1	1	1.0	0.0
RP11-412P11.1	1	2	1.0	0.0
EDNRB	1	1	1.0	0.0
DNAJC10	1	1	1.0	0.0
AP1AR	1	1	1.0	0.0
ABCF1	1	1	1.0	0.0
SLC46A3	1	1	1.0	0.0
UTP20	1	1	1.0	0.0
SLC36A4	1	1	1.0	0.0
RP5-1011O1.3	1	1	1.0	0.0
NOTCH4	1	1	1.0	0.0
LAMA4	1	1	1.0	0.0
CKMT1A	1	1	1.0	0.0
CDC23	1	1	1.0	0.0
INIP	1	1	1.0	0.0
MT-TI	1	1	1.0	0.0
GCDH	1	1	1.0	0.0
RPL7P47	1	1	1.0	0.0
TCTEX1D2	1	1	1.0	0.0
C2orf49	1	1	1.0	0.0
FRG1	1	1	1.0	0.0
MT-TV	1	1	1.0	0.0
LAMB2	1	1	1.0	0.0
SLC32A1	1	1	1.0	0.0
WDFY3-AS2	1	1	1.0	0.0
POMK	1	1	1.0	0.0
MRPL46	1	1	1.0	0.0
MAD2L1	1	1	1.0	0.0
PGM3	1	1	1.0	0.0
TBR1	1	1	1.0	0.0
TC2N	1	1	1.0	0.0
POLB	1	1	1.0	0.0
EIF2B4	1	1	1.0	0.0
SIN3B	1	1	1.0	0.0
RP11-153M7.3	1	1	1.0	0.0
RP11-815J21.1	1	1	1.0	0.0
CYP24A1	1	1	1.0	0.0
OR2H4P	1	1	1.0	0.0
C2orf83	1	1	1.0	0.0
SLC6A1-AS1	1	1	1.0	0.0
JAK3	1	1	1.0	0.0
SPATA2P1	1	1	1.0	0.0
AL157871.1	1	1	1.0	0.0
CCDC113	1	1	1.0	0.0
FBN1	1	1	1.0	0.0
MORN4	1	1	1.0	0.0
RP11-53O19.1	1	1	1.0	0.0
C2orf70	1	1	1.0	0.0
RP11-692C24.2	1	1	1.0	0.0
FBN3	1	1	1.0	0.0
CCDC127	1	1	1.0	0.0
CHD9	1	1	1.0	0.0
PKD1L1	1	1	1.0	0.0
AC093391.2	1	1	1.0	0.0
HYLS1	1	1	1.0	0.0
DPF2	2	2	1.0	0.0
STON2	1	1	1.0	0.0
MT-ND2	2	2	1.0	0.0
AC017006.3	1	1	1.0	0.0
AKR1D1	1	1	1.0	0.0
LPIN1	1	1	1.0	0.0
M6PR	1	1	1.0	0.0
RP11-67K19.3	1	1	1.0	0.0
NBPF9	1	1	1.0	0.0
AKR1C1	1	1	1.0	0.0
YOD1	1	1	1.0	0.0
S100PBP	1	1	1.0	0.0
RTF1	1	1	1.0	0.0
ZFYVE19	1	1	1.0	0.0
CCDC104	1	1	1.0	0.0
AKR1C2	1	1	1.0	0.0
KRTAP13-1	1	1	1.0	0.0
RAB3IP	1	1	1.0	0.0
HNRNPLL	1	1	1.0	0.0
DPH2	1	1	1.0	0.0
DPH7	1	1	1.0	0.0
CTD-3247F14.2	1	1	1.0	0.0
CTD-2517M22.14	1	1	1.0	0.0
DNHD1	1	1	1.0	0.0
WAPAL	1	1	1.0	0.0
RP11-100K18.1	1	1	1.0	0.0
SEC61A1	1	1	1.0	0.0
CTC-459F4.1	1	1	1.0	0.0
HNRNPF	1	1	1.0	0.0
RP11-432I5.4	1	1	1.0	0.0
DDX46	1	1	1.0	0.0
RP11-472K22.1	1	1	1.0	0.0
FLJ30594	1	1	1.0	0.0
TNFAIP3	1	1	1.0	0.0
SGSM2	1	1	1.0	0.0
KDM2A	1	1	1.0	0.0
WEE1	1	1	1.0	0.0
TRIQK	1	1	1.0	0.0
SAR1B	1	1	1.0	0.0
ASPH	1	1	1.0	0.0
PDE4B	1	1	1.0	0.0
DDX25	1	1	1.0	0.0
KANK2	1	1	1.0	0.0
KANK1	1	1	1.0	0.0
TSPAN6	1	1	1.0	0.0
BTRC	1	1	1.0	0.0
KCNC4	1	1	1.0	0.0
STK33	1	1	1.0	0.0
ZNF257	1	1	1.0	0.0
CMTM6	1	1	1.0	0.0
HIST1H2AK	1	1	1.0	0.0
CMTM7	1	1	1.0	0.0
NARG2	1	1	1.0	0.0
RP11-158M2.5	1	1	1.0	0.0
PLEKHF2	1	1	1.0	0.0
PDE3A	1	1	1.0	0.0
ZNF667	1	1	1.0	0.0
SWAP70	1	1	1.0	0.0
CTD-2385L22.1	1	1	1.0	0.0
MYOM1	1	1	1.0	0.0
PITRM1	1	1	1.0	0.0
DGKD	1	1	1.0	0.0
PCSK1	1	1	1.0	0.0
ZNF655	1	1	1.0	0.0
ZNF271	1	1	1.0	0.0
KCNH2	1	1	1.0	0.0
AC083843.1	1	1	1.0	0.0
RP11-1012E15.1	1	1	1.0	0.0
RP11-630D6.5	1	1	1.0	0.0
JMY	1	1	1.0	0.0
KIAA1430	1	1	1.0	0.0
ZNF284	1	1	1.0	0.0
KIAA1841	1	1	1.0	0.0
RP11-466G12.3	1	1	1.0	0.0
DPP6	1	1	1.0	0.0
RP11-173E2.1	1	1	1.0	0.0
FAM3A	1	1	1.0	0.0
ZNF518B	1	1	1.0	0.0
GAS2L3	1	1	1.0	0.0
FNBP4	1	1	1.0	0.0
WDR62	1	1	1.0	0.0
KCNJ6	1	1	1.0	0.0
C1orf43	1	1	1.0	0.0
TNNI1	1	1	1.0	0.0
RP11-2L8.1	1	1	1.0	0.0
CD300C	1	1	1.0	0.0
LINC00273	1	1	1.0	0.0
WDR59	1	1	1.0	0.0
RP11-508N22.12	1	1	1.0	0.0
DYNAP	1	1	1.0	0.0
HCRTR2	1	1	1.0	0.0
RP11-20I23.13	1	1	1.0	0.0
ZNF616	1	1	1.0	0.0
DAAM2	1	1	1.0	0.0
HMGCS1	1	1	1.0	0.0
CCDC94	1	1	1.0	0.0
ZNF77	1	1	1.0	0.0
ZNF611	1	1	1.0	0.0
RP11-1090M7.1	1	1	1.0	0.0
ST18	1	1	1.0	0.0
ZNHIT1	1	1	1.0	0.0
ERVH48-1	1	1	1.0	0.0
RPS14	1	1	1.0	0.0
ZNF235	1	1	1.0	0.0
AC006227.1	1	1	1.0	0.0
MAGEE2	1	1	1.0	0.0
NME7	1	1	1.0	0.0
C1orf63	1	1	1.0	0.0
SKP1	1	1	1.0	0.0
SPIRE2	1	1	1.0	0.0
SPIRE1	1	1	1.0	0.0
TTC7A	1	1	1.0	0.0
ZNF45	1	1	1.0	0.0
C3orf62	1	1	1.0	0.0
R3HCC1	1	1	1.0	0.0
CKBP1	1	1	1.0	0.0
HIST1H2BK	1	1	1.0	0.0
PPP1R1C	1	1	1.0	0.0
BRPF1	1	1	1.0	0.0
WDR75	1	1	1.0	0.0
RP11-236J17.5	1	1	1.0	0.0
RP11-163N6.2	1	1	1.0	0.0
CMTR1	1	1	1.0	0.0
LINC00265	1	1	1.0	0.0
C3orf70	1	1	1.0	0.0
SH3BP2	1	1	1.0	0.0
MAPK8IP2	1	1	1.0	0.0
SH3BGRL	1	1	1.0	0.0
CCDC69	1	1	1.0	0.0
SIRT7	1	1	1.0	0.0
RP11-545A16.3	1	1	1.0	0.0
MCUR1	1	1	1.0	0.0
UBE4A	1	1	1.0	0.0
GLRX	1	1	1.0	0.0
AC007038.7	1	2	1.0	0.0
TEX264	1	1	1.0	0.0
TMEM159	1	1	1.0	0.0
TDRD10	1	1	1.0	0.0
RP11-1114A5.4	1	1	1.0	0.0
UTP6	1	1	1.0	0.0
RP11-178L8.5	1	1	1.0	0.0
CHST8	1	1	1.0	0.0
TMEM182	1	1	1.0	0.0
KLHL18	1	1	1.0	0.0
G3BP1	1	1	1.0	0.0
FAM83G	1	1	1.0	0.0
HEATR5B	1	1	1.0	0.0
FAM133A	1	1	1.0	0.0
BCAM	1	1	1.0	0.0
SORL1	1	2	1.0	0.0
RP4-669P10.19	1	1	1.0	0.0
FAM175B	1	2	1.0	0.0
HECW2	2	2	1.0	0.0
PHF6	1	1	1.0	0.0
RP11-701P16.2	1	1	1.0	0.0
TANGO6	1	1	1.0	0.0
FAM178A	1	1	1.0	0.0
AL512652.1	1	1	1.0	0.0
RHOBTB3	1	1	1.0	0.0
IFITM10	1	1	1.0	0.0
DISC1-IT1	1	1	1.0	0.0
CSMD2	1	1	1.0	0.0
ACTR3B	1	1	1.0	0.0
WHAMMP3	1	1	1.0	0.0
ZC3H4	1	1	1.0	0.0
CCDC18	1	1	1.0	0.0
CTC-542B22.2	1	1	1.0	0.0
SNX9	1	1	1.0	0.0
DSP	1	1	1.0	0.0
FGFR1OP	1	1	1.0	0.0
NBR2	1	1	1.0	0.0
RP11-321L2.2	1	1	1.0	0.0
MFI2	1	1	1.0	0.0
RP11-43F13.3	1	1	1.0	0.0
MTO1	1	1	1.0	0.0
GABPB2	1	1	1.0	0.0
MX2	1	1	1.0	0.0
GATA3	1	1	1.0	0.0
ARL10	1	1	1.0	0.0
GATA2	1	1	1.0	0.0
RP11-809C18.4	1	1	1.0	0.0
Y_RNA.204	1	2	1.0	0.0
TRGC1	1	1	1.0	0.0
SLC22A16	1	1	1.0	0.0
TOM1L2	1	1	1.0	0.0
ZACN	1	1	1.0	0.0
C9orf85	1	1	1.0	0.0
MRPL42P3	1	1	1.0	0.0
BIRC6	1	1	1.0	0.0
RRP15	1	1	1.0	0.0
GDI1	1	1	1.0	0.0
FUT2	1	1	1.0	0.0
RP11-299H22.6	1	1	1.0	0.0
FKBP1B	1	1	1.0	0.0
NAP1L4P3	1	1	1.0	0.0
ZBTB14	1	1	1.0	0.0
CARHSP1	1	1	1.0	0.0
PPFIA3	1	1	1.0	0.0
LINC00484	1	1	1.0	0.0
RP11-728E14.3	1	1	1.0	0.0
BLMH	1	1	1.0	0.0
ZDHHC14	1	1	1.0	0.0
MBD4	1	1	1.0	0.0
ARTN	1	1	1.0	0.0
RAB4B	1	1	1.0	0.0
AGAP3	1	1	1.0	0.0
TIMM23B	2	2	1.0	0.0
RP11-354P11.3	1	1	1.0	0.0
AC016894.1	1	1	1.0	0.0
GPX3	1	1	1.0	0.0
RRP1B	1	1	1.0	0.0
ART5	1	1	1.0	0.0
AL009178.1	1	1	1.0	0.0
ALG14	1	1	1.0	0.0
GRK7	1	1	1.0	0.0
ATP2A3	1	1	1.0	0.0
CNIH3	1	1	1.0	0.0
XXyac-YX65C7_A.3	1	1	1.0	0.0
ATP2A2	1	1	1.0	0.0
RNF6	1	1	1.0	0.0
UFSP2	1	1	1.0	0.0
KLF5	1	1	1.0	0.0
LHX9	1	1	1.0	0.0
FCHO2	1	1	1.0	0.0
TCF20	1	1	1.0	0.0
LINC00899	1	1	1.0	0.0
EPHB4	1	1	1.0	0.0
AFAP1L2	1	1	1.0	0.0
LRCH4	1	2	1.0	0.0
PARP15	1	1	1.0	0.0
HES2	1	2	1.0	0.0
REC8	1	1	1.0	0.0
SCEL	1	1	1.0	0.0
MIR3150B	1	1	1.0	0.0
SPAG5-AS1	1	1	1.0	0.0
RECK	1	1	1.0	0.0
RP11-243A14.1	1	1	1.0	0.0
PRKG1	1	1	1.0	0.0
EDIL3	1	1	1.0	0.0
GDF6	1	1	1.0	0.0
HCG25	1	2	1.0	0.0
PROSER2-AS1	1	2	1.0	0.0
CABIN1	1	1	1.0	0.0
ZBED1	1	1	1.0	0.0
COL5A1	1	1	1.0	0.0
RP11-115C21.2	1	1	1.0	0.0
RP11-417J8.3	1	1	1.0	0.0
HRH2	1	1	1.0	0.0
HIC1	1	1	1.0	0.0
RP11-702L6.4	1	1	1.0	0.0
RP11-114H24.2	1	1	1.0	0.0
EGLN3	1	1	1.0	0.0
RIF1	1	1	1.0	0.0
PMM1	1	1	1.0	0.0
ERAL1	1	1	1.0	0.0
MCU	1	1	1.0	0.0
CNTN6	1	1	1.0	0.0
CST13P	1	1	1.0	0.0
SLC43A2	1	1	1.0	0.0
FAM215B	1	1	1.0	0.0
RP11-468E2.4	1	1	1.0	0.0
RP11-242F24.1	1	1	1.0	0.0
SLC13A2	1	1	1.0	0.0
SLC35G1	1	1	1.0	0.0
EHMT2	1	1	1.0	0.0
NR4A1	1	1	1.0	0.0
CUBN	1	1	1.0	0.0
RP3-395M20.8	1	1	1.0	0.0
FKRP	1	1	1.0	0.0
AC007193.6	1	1	1.0	0.0
OSBPL1A	1	1	1.0	0.0
RP11-378E13.3	1	1	1.0	0.0
ABI3BP	1	1	1.0	0.0
ABCA2	1	1	1.0	0.0
AC096655.2	1	1	1.0	0.0
AC008394.1	1	1	1.0	0.0
TMEM106B	1	1	1.0	0.0
POLR2J4	1	1	1.0	0.0
ANKRD13A	1	1	1.0	0.0
RP11-372K14.2	1	1	1.0	0.0
RP11-20I20.2	1	1	1.0	0.0
RELA	1	1	1.0	0.0
KLLN	1	1	1.0	0.0
MTUS1	1	1	1.0	0.0
INO80	1	1	1.0	0.0
PHLDB2	1	1	1.0	0.0
CP	1	1	1.0	0.0
HNRNPU-AS1	1	1	1.0	0.0
HSBP1L1	1	1	1.0	0.0
IL6	1	1	1.0	0.0
RP11-993B23.3	1	1	1.0	0.0
PPP3CA	1	1	1.0	0.0
RP11-17M15.2	1	1	1.0	0.0
LRRTM2	1	1	1.0	0.0
SH3RF3-AS1	1	1	1.0	0.0
ABI2	1	1	1.0	0.0
KIAA1958	1	1	1.0	0.0
LINC00342	1	1	1.0	0.0
ZNF552	1	1	1.0	0.0
ZSCAN12	1	1	1.0	0.0
RP11-399K21.14	1	1	1.0	0.0
PGAP1	1	1	1.0	0.0
TMCO6	1	1	1.0	0.0
SH3PXD2B	1	1	1.0	0.0
RN7SL575P	1	1	1.0	0.0
ZNF154	1	1	1.0	0.0
CACHD1	1	1	1.0	0.0
RP11-758M4.1	1	1	1.0	0.0
LZTS1	1	1	1.0	0.0
TAF1A	1	1	1.0	0.0
FGF5	2	2	1.0	0.0
OPRM1	1	1	1.0	0.0
SRSF4	1	1	1.0	0.0
YAP1P2	1	1	1.0	0.0
RP11-761E20.1	1	1	1.0	0.0
COL16A1	1	1	1.0	0.0
ZNF521	1	1	1.0	0.0
UPB1	1	2	1.0	0.0
RECQL5	1	1	1.0	0.0
LAPTM4B	1	1	1.0	0.0
PPP2R2B	1	2	1.0	0.0
RP11-613D13.8	1	1	1.0	0.0
ST8SIA6-AS1	1	1	1.0	0.0
CRTC2	1	1	1.0	0.0
CPSF3L	1	1	1.0	0.0
PPP2R5E	1	1	1.0	0.0
ABAT	1	1	1.0	0.0
BACE1	1	1	1.0	0.0
RP11-304F15.4	1	1	1.0	0.0
RP11-680H20.2	1	1	1.0	0.0
ZNF506	1	1	1.0	0.0
RP11-152P17.2	1	1	1.0	0.0
SH3GL3	1	1	1.0	0.0
ZNF101	1	1	1.0	0.0
TRHDE-AS1	1	1	1.0	0.0
RP13-317D12.3	1	1	1.0	0.0
PIK3CA	1	1	1.0	0.0
RP11-849F2.10	1	1	1.0	0.0
RUNDC1	1	1	1.0	0.0
CUL5	1	1	1.0	0.0
MED23	1	1	1.0	0.0
OR8S1	1	1	1.0	0.0
Y_RNA.650	1	2	1.0	0.0
GBGT1	1	1	1.0	0.0
LDHA	1	1	1.0	0.0
RP4-714D9.5	1	1	1.0	0.0
AC073842.19	1	1	1.0	0.0
GPT	1	1	1.0	0.0
SP2	1	1	1.0	0.0
CENPI	1	1	1.0	0.0
AC109828.1	1	1	1.0	0.0
RP11-782C8.5	1	1	1.0	0.0
MTND2P21	1	1	1.0	0.0
B3GALT2	1	1	1.0	0.0
CENPN	1	1	1.0	0.0
MAPK6PS3	1	1	1.0	0.0
MAPK6PS4	1	1	1.0	0.0
SUCNR1	1	1	1.0	0.0
RP11-214K3.24	1	1	1.0	0.0
MARVELD2	1	1	1.0	0.0
RP11-580J4.1	1	1	1.0	0.0
MOAP1	1	1	1.0	0.0
ALMS1-IT1	1	2	1.0	0.0
HIPK2	1	1	1.0	0.0
RP11-7D5.2	1	1	1.0	0.0
XIRP2	1	1	1.0	0.0
XIRP1	1	1	1.0	0.0
AC097467.2	1	1	1.0	0.0
LINC01016	1	1	1.0	0.0
PIGQ	1	1	1.0	0.0
MYCBP2-AS1	1	1	1.0	0.0
MINK1	1	1	1.0	0.0
RP11-533K11.1	1	1	1.0	0.0
SOX13	1	1	1.0	0.0
MRPS36P4	1	1	1.0	0.0
UBE2V2P2	1	1	1.0	0.0
MOB3A	1	1	1.0	0.0
MTND2P28	2	2	1.0	0.0
PIGG	1	1	1.0	0.0
PAK2	1	1	1.0	0.0
KB-173C10.2	1	1	1.0	0.0
RP11-314D7.2	2	2	1.0	0.0
DAP3	1	1	1.0	0.0
SCARA5	1	1	1.0	0.0
DIO1	1	1	1.0	0.0
HABP4	1	1	1.0	0.0
RP11-755F10.1	1	1	1.0	0.0
TBC1D29	1	1	1.0	0.0
TPM3P2	1	1	1.0	0.0
ALOX12P2	1	1	1.0	0.0
RPGRIP1L	1	1	1.0	0.0
GABARAPL1	1	1	1.0	0.0
C8orf31	1	1	1.0	0.0
MNS1	1	1	1.0	0.0
DERL3	1	1	1.0	0.0
GIPC3	1	1	1.0	0.0
SRL	1	1	1.0	0.0
MYL1	1	1	1.0	0.0
ONECUT1	1	1	1.0	0.0
KALRN	1	1	1.0	0.0
IQCE	1	2	1.0	0.0
RP11-549J18.1	1	1	1.0	0.0
IQCG	1	2	1.0	0.0
RNF24	1	1	1.0	0.0
RP11-329B9.5	1	1	1.0	0.0
IMPDH1P11	1	1	1.0	0.0
LAT2	1	1	1.0	0.0
FGF23	1	1	1.0	0.0
FTH1P5	1	1	1.0	0.0
KLHL6	1	1	1.0	0.0
HOXC8	1	1	1.0	0.0
KLHL7	1	1	1.0	0.0
ANKRD6	1	1	1.0	0.0
MAEA	1	1	1.0	0.0
BCAR3	1	1	1.0	0.0
ATP6V1E1	1	1	1.0	0.0
XKR9	1	1	1.0	0.0
BCAS3	1	1	1.0	0.0
LANCL2	1	1	1.0	0.0
SLC19A1	1	1	1.0	0.0
BCAT1	1	1	1.0	0.0
MECR	1	1	1.0	0.0
KRT18P20	1	1	1.0	0.0
OR2AE1	1	1	1.0	0.0
RP11-624J12.1	1	1	1.0	0.0
CEP112	1	1	1.0	0.0
TFIP11	1	1	1.0	0.0
NR2F1	1	1	1.0	0.0
DOCK10	1	2	1.0	0.0
CTA-134P22.2	1	1	1.0	0.0
RP11-62E14.2	1	1	1.0	0.0
RP13-60M5.2	1	1	1.0	0.0
ACTR3	1	1	1.0	0.0
PXN-AS1	1	1	1.0	0.0
AC104667.3	1	1	1.0	0.0
RP11-781E19.1	1	1	1.0	0.0
COPS6	1	1	1.0	0.0
CEP104	1	1	1.0	0.0
RP11-373E16.3	1	1	1.0	0.0
PRKRIR	1	1	1.0	0.0
CHRNB2	1	1	1.0	0.0
MTND5P14	1	1	1.0	0.0
RP11-467J12.2	1	1	1.0	0.0
KRT18P46	1	1	1.0	0.0
SMAD9	1	1	1.0	0.0
HOXA10	1	1	1.0	0.0
NUP50	1	1	1.0	0.0
SCAND2P	1	1	1.0	0.0
FOXO1B	1	1	1.0	0.0
METTL21EP	1	1	1.0	0.0
CTD-2008P7.1	1	1	1.0	0.0
RP11-805I24.1	1	1	1.0	0.0
KRT18P64	1	1	1.0	0.0
HFM1	1	1	1.0	0.0
RAPGEF6	1	1	1.0	0.0
RP5-1160K1.3	1	1	1.0	0.0
TRAK2	1	1	1.0	0.0
AP003068.6	1	1	1.0	0.0
RN7SL533P	1	1	1.0	0.0
RP11-283C24.1	1	1	1.0	0.0
B3GALT5	1	1	1.0	0.0
CHMP3	1	1	1.0	0.0
TBL1X	1	1	1.0	0.0
TSFM	1	1	1.0	0.0
AC078855.1	1	1	1.0	0.0
TMEM44-AS1	1	1	1.0	0.0
TAB3	1	1	1.0	0.0
HCK	1	1	1.0	0.0
RP11-91J19.3	1	1	1.0	0.0
AC016735.2	1	1	1.0	0.0
WDPCP	1	1	1.0	0.0
CDH6	1	1	1.0	0.0
TMEM257	1	1	1.0	0.0
AC063976.7	1	1	1.0	0.0
CALCOCO2	1	1	1.0	0.0
INPP4A	1	1	1.0	0.0
C15orf57	1	1	1.0	0.0
ISCA1	1	1	1.0	0.0
ACADVL	1	1	1.0	0.0
GPR18	1	1	1.0	0.0
TRPM3	1	1	1.0	0.0
DDC	1	1	1.0	0.0
RN7SL694P	1	1	1.0	0.0
RP11-61A14.3	1	2	1.0	0.0
HDC	1	1	1.0	0.0
FRMD8	1	1	1.0	0.0
C15orf40	1	1	1.0	0.0
TSPAN10	1	1	1.0	0.0
RHOJ	1	1	1.0	0.0
RP3-439F8.1	1	1	1.0	0.0
AKAP8L	1	1	1.0	0.0
IREB2	1	1	1.0	0.0
RASSF8-AS1	1	1	1.0	0.0
CTB-36O1.7	1	2	1.0	0.0
BPIFB1	1	2	1.0	0.0
TMEM212	1	1	1.0	0.0
FAM160B2	1	1	1.0	0.0
EP400	1	1	1.0	0.0
ZNF431	1	1	1.0	0.0
ZNF433	1	1	1.0	0.0
ARID1B	1	1	1.0	0.0
AJAP1	1	1	1.0	0.0
RP11-266K4.9	1	1	1.0	0.0
ACTN1	1	1	1.0	0.0
MYEOV	1	1	1.0	0.0
ZNF444	1	1	1.0	0.0
DAB2	1	1	1.0	0.0
ODF2L	1	1	1.0	0.0
DAK	1	1	1.0	0.0
RP11-416O18.1	1	1	1.0	0.0
MCFD2	1	1	1.0	0.0
DOT1L	1	1	1.0	0.0
ZFP3	1	1	1.0	0.0
TMPRSS9	1	1	1.0	0.0
SHMT1	1	1	1.0	0.0
RP4-592A1.4	1	1	1.0	0.0
OR6Y1	1	1	1.0	0.0
CTD-2310F14.1	1	1	1.0	0.0
GPR68	1	1	1.0	0.0
CTD-2117L12.1	1	1	1.0	0.0
HK2	1	1	1.0	0.0
GRAMD1A	1	1	1.0	0.0
GNAS	1	1	1.0	0.0
ZNF480	1	1	1.0	0.0
RP11-400N9.1	1	1	1.0	0.0
GUCY1B2	1	1	1.0	0.0
SRGAP3	1	1	1.0	0.0
CTD-2587H19.2	1	1	1.0	0.0
RP11-160E2.11	1	1	1.0	0.0
FMNL3	1	1	1.0	0.0
FMNL2	1	1	1.0	0.0
FMNL1	1	1	1.0	0.0
ZNF496	1	1	1.0	0.0
RP11-640N11.2	1	1	1.0	0.0
C22orf29	1	1	1.0	0.0
FAM168A	1	1	1.0	0.0
GLRA3	1	1	1.0	0.0
RP11-356J5.12	1	1	1.0	0.0
RP11-1099M24.8	1	1	1.0	0.0
MAP2	1	1	1.0	0.0
UBA1	1	1	1.0	0.0
KIAA1279	1	1	1.0	0.0
RP11-500M8.4	1	1	1.0	0.0
RP1-60O19.1	1	1	1.0	0.0
ZNF585A	1	1	1.0	0.0
UBA6-AS1	1	1	1.0	0.0
HGD	1	1	1.0	0.0
KLF11	1	1	1.0	0.0
SPHK2	1	1	1.0	0.0
EMR4P	1	2	1.0	0.0
PRRC2B	1	1	1.0	0.0
CTC-241F20.3	1	1	1.0	0.0
SNHG14	1	1	1.0	0.0
PUS3	1	1	1.0	0.0
ACADSB	2	2	1.0	0.0
AC073130.1	1	1	1.0	0.0
KIAA1671	1	1	1.0	0.0
CTB-176F20.3	1	1	1.0	0.0
PLAUR	1	1	1.0	0.0
RP11-242J7.1	1	1	1.0	0.0
TMEM132A	1	1	1.0	0.0
TYRO3	1	1	1.0	0.0
RP11-933H2.4	1	1	1.0	0.0
OTX2-AS1	1	1	1.0	0.0
ERO1LB	1	1	1.0	0.0
HSD17B7P2	1	1	1.0	0.0
RUSC2	1	1	1.0	0.0
PGD	1	1	1.0	0.0
PGF	1	1	1.0	0.0
SLC9A4	1	1	1.0	0.0
C11orf21	1	1	1.0	0.0
GPR111	1	1	1.0	0.0
OR1AA1P	1	1	1.0	0.0
FAM60A	1	1	1.0	0.0
RP11-58G13.1	1	1	1.0	0.0
TMBIM1	1	1	1.0	0.0
CTD-3064M3.7	1	1	1.0	0.0
HOGA1	1	1	1.0	0.0
APC	1	1	1.0	0.0
RP11-599J14.2	1	1	1.0	0.0
NEFL	1	1	1.0	0.0
ERCC4	1	1	1.0	0.0
AL355390.1	1	1	1.0	0.0
ETNK2	1	1	1.0	0.0
POU2F1	1	1	1.0	0.0
RPA1	1	1	1.0	0.0
LINC00094	1	1	1.0	0.0
HAT1	1	1	1.0	0.0
TIPARP	1	1	1.0	0.0
SLC37A3	1	1	1.0	0.0
AC127383.1	1	1	1.0	0.0
PFKM	1	1	1.0	0.0
ARHGAP27	1	1	1.0	0.0
AC005537.2	1	1	1.0	0.0
FILIP1	1	1	1.0	0.0
RP11-193H22.2	1	1	1.0	0.0
NRIP3	1	1	1.0	0.0
KIAA0232	1	1	1.0	0.0
AC007308.6	1	1	1.0	0.0
CDK12	1	1	1.0	0.0
ACOT11	1	1	1.0	0.0
ARHGAP22	1	1	1.0	0.0
AC093642.4	1	1	1.0	0.0
RP11-571F15.3	1	1	1.0	0.0
LINC00669	1	1	1.0	0.0
SGPP2	1	1	1.0	0.0
KIAA0226	1	1	1.0	0.0
RAP2C-AS1	1	1	1.0	0.0
PDCD6	1	1	1.0	0.0
RP11-178F10.1	1	1	1.0	0.0
EMR2	1	1	1.0	0.0
ANTXR2	1	1	1.0	0.0
FLG	1	1	1.0	0.0
PLEKHA7	1	1	1.0	0.0
PLEKHA5	1	1	1.0	0.0
SREBF2	1	1	1.0	0.0
AK9	1	1	1.0	0.0
KCTD4	1	1	1.0	0.0
GS1-124K5.10	1	1	1.0	0.0
OOEP	1	1	1.0	0.0
CARD8	1	1	1.0	0.0
RP11-846F4.6	1	1	1.0	0.0
BMF	1	1	1.0	0.0
RNFT2	1	1	1.0	0.0
TRIM68	1	1	1.0	0.0
TRIM67	1	1	1.0	0.0
C9orf171	1	1	1.0	0.0
NEDD8	1	1	1.0	0.0
FGFR4	1	1	1.0	0.0
FGFR1	1	1	1.0	0.0
MAP7D1	1	1	1.0	0.0
KIAA1715	1	1	1.0	0.0
LSAMP	1	1	1.0	0.0
IGSF1	1	1	1.0	0.0
RPAIN	1	1	1.0	0.0
RALGAPA2	1	1	1.0	0.0
TRIM38	1	1	1.0	0.0
NAPSB	1	1	1.0	0.0
ZNF814	1	1	1.0	0.0
INADL	1	1	1.0	0.0
TTC21A	1	1	1.0	0.0
ZNF33AP1	1	1	1.0	0.0
WNT3	1	1	1.0	0.0
SLC16A1	1	1	1.0	0.0
PDGFA	1	1	1.0	0.0
COG2	1	1	1.0	0.0
FBLN2	1	1	1.0	0.0
COG8	1	1	1.0	0.0
COG6	1	1	1.0	0.0
FBLN1	1	1	1.0	0.0
CD180	1	1	1.0	0.0
MIR146A	1	1	1.0	0.0
RP11-461O7.1	1	1	1.0	0.0
ALOX15P2	1	1	1.0	0.0
RP11-629N8.3	1	2	1.0	0.0
FAM32B	1	1	1.0	0.0
SULT1C2	1	1	1.0	0.0
AC005176.3	1	1	1.0	0.0
RP11-465O11.2	1	1	1.0	0.0
LIMS2	1	1	1.0	0.0
WARS2-IT1	1	1	1.0	0.0
DCHS2	1	1	1.0	0.0
BID	1	1	1.0	0.0
ADO	1	1	1.0	0.0
RP5-828H9.1	1	1	1.0	0.0
AC068490.1	1	1	1.0	0.0
METTL2B	1	1	1.0	0.0
CD160	1	1	1.0	0.0
RP11-318C4.2	1	1	1.0	0.0
NIP7	1	1	1.0	0.0
SPECC1	2	2	1.0	0.0
CCNK	1	1	1.0	0.0
PIEZO2	1	1	1.0	0.0
AC108059.4	1	1	1.0	0.0
RP11-713D19.1	1	1	1.0	0.0
AC005518.2	1	1	1.0	0.0
SPINK1	1	1	1.0	0.0
JPH3	1	1	1.0	0.0
C4orf32	1	1	1.0	0.0
DLX5	1	1	1.0	0.0
PTCD3	1	1	1.0	0.0
GBE1	1	1	1.0	0.0
CTD-2523D13.2	1	1	1.0	0.0
RP4-655J12.4	1	1	1.0	0.0
DDX6	1	1	1.0	0.0
LARP4B	1	1	1.0	0.0
DDX5	1	1	1.0	0.0
CNKSR3	1	1	1.0	0.0
TM2D2	1	1	1.0	0.0
CTC-297N7.5	1	1	1.0	0.0
AHRR	1	1	1.0	0.0
SEMA5A	1	1	1.0	0.0
FUZ	1	1	1.0	0.0
PRR14L	1	1	1.0	0.0
PTPLAD2	1	1	1.0	0.0
ACAP1	1	1	1.0	0.0
BTF3L4	1	1	1.0	0.0
KRT12	1	1	1.0	0.0
WWOX	1	1	1.0	0.0
CREB3L1	1	1	1.0	0.0
SULT1A2	1	1	1.0	0.0
CREB3L2	1	2	1.0	0.0
CCBE1	1	1	1.0	0.0
DDX18	1	1	1.0	0.0
DDX17	1	1	1.0	0.0
FAM86B1	1	1	1.0	0.0
CBS	1	1	1.0	0.0
LRRC37A6P	1	1	1.0	0.0
ADI1	1	1	1.0	0.0
RPS24P17	1	1	1.0	0.0
BAD	1	2	1.0	0.0
CD7	1	1	1.0	0.0
SCN5A	1	1	1.0	0.0
SNX22	1	1	1.0	0.0
TMED4	1	1	1.0	0.0
AC073415.2	1	1	1.0	0.0
ANKRD34A	1	1	1.0	0.0
ERN1	1	1	1.0	0.0
IGKV2D-10	1	1	1.0	0.0
SIGLEC16	1	1	1.0	0.0
TIMM23	2	2	1.0	0.0
STXBP1	1	1	1.0	0.0
TBCE	1	1	1.0	0.0
SSBP2	1	1	1.0	0.0
ZCCHC4	1	2	1.0	0.0
IMPDH2	1	1	1.0	0.0
RP11-555J4.3	1	1	1.0	0.0
GRWD1	1	1	1.0	0.0
OSR1	1	1	1.0	0.0
CCHCR1	1	1	1.0	0.0
RP11-157L3.6	1	1	1.0	0.0
CTD-2023J5.1	1	1	1.0	0.0
RGP1	1	1	1.0	0.0
PAX6	1	1	1.0	0.0
E2F7	1	1	1.0	0.0
CNRIP1	1	1	1.0	0.0
RP11-750H9.5	1	1	1.0	0.0
HDAC9	1	1	1.0	0.0
FBXO31	1	1	1.0	0.0
RP11-181G12.2	1	1	1.0	0.0
RP11-244H3.1	1	1	1.0	0.0
COA5	1	1	1.0	0.0
RP11-744K17.1	1	1	1.0	0.0
HDAC5	1	1	1.0	0.0
RP11-744K17.9	1	1	1.0	0.0
TMEM30A	1	1	1.0	0.0
RPL17P22	1	1	1.0	0.0
HLA-V	1	1	1.0	0.0
DPCR1	1	1	1.0	0.0
ZNF331	1	1	1.0	0.0
CERS3	1	1	1.0	0.0
ADAMTSL2	1	1	1.0	0.0
AC103801.1	1	1	1.0	0.0
TM4SF18	1	1	1.0	0.0
SPATA17	1	1	1.0	0.0
DPY19L1P1	1	1	1.0	0.0
RNF133	1	1	1.0	0.0
OR4A46P	2	2	1.0	0.0
SOGA1	1	1	1.0	0.0
RPL35A	1	1	1.0	0.0
SAMD4B	1	1	1.0	0.0
TGFBI	1	1	1.0	0.0
FBXO27	1	1	1.0	0.0
RPS27L	1	1	1.0	0.0
PASK	1	1	1.0	0.0
RP4-598G3.1	1	1	1.0	0.0
DUSP8	1	1	1.0	0.0
PSAT1	1	1	1.0	0.0
RP11-540O11.1	1	1	1.0	0.0
GSK3A	1	1	1.0	0.0
TRIM29	1	1	1.0	0.0
ZNF771	1	1	1.0	0.0
USP39	1	1	1.0	0.0
FMO3	1	1	1.0	0.0
CCDC64B	1	1	1.0	0.0
MTMR9LP	1	1	1.0	0.0
MTMR2	1	1	1.0	0.0
ZNF75A	1	1	1.0	0.0
PIP5K1P1	1	1	1.0	0.0
MDS2	1	1	1.0	0.0
AF131215.9	1	1	1.0	0.0
USP26	1	1	1.0	0.0
MTRF1	1	1	1.0	0.0
USP28	1	1	1.0	0.0
C8A	1	1	1.0	0.0
RP11-298D21.1	1	1	1.0	0.0
RP11-231K24.2	1	1	1.0	0.0
GLCCI1	1	1	1.0	0.0
RNF175	1	1	1.0	0.0
CACNG5	1	1	1.0	0.0
SLC22A7	1	1	1.0	0.0
USP15	1	1	1.0	0.0
IGFLR1	1	1	1.0	0.0
OR4A2P	2	2	1.0	0.0
SCIMP	1	1	1.0	0.0
ATP10B	1	1	1.0	0.0
C17orf104	1	1	1.0	0.0
KCNQ1DN	1	1	1.0	0.0
ATP11A	1	1	1.0	0.0
ATP11B	1	1	1.0	0.0
TAOK3	1	1	1.0	0.0
ZNF398	1	1	1.0	0.0
TECTA	1	1	1.0	0.0
PXT1	1	1	1.0	0.0
CCSER2	1	1	1.0	0.0
ZNF382	1	1	1.0	0.0
EIF2AK2	1	1	1.0	0.0
MARK4	1	1	1.0	0.0
ZNF791	1	1	1.0	0.0
HIGD1A	1	1	1.0	0.0
VPS4A	1	1	1.0	0.0
BTBD1	1	1	1.0	0.0
LPHN2	1	1	1.0	0.0
AMOTL2	1	1	1.0	0.0
SLC17A7	1	1	0.9999999999999999	0.0
UMPS	1	1	0.9999999999999999	0.0
ATF7IP2	1	1	0.9999999999999999	0.0
CPNE7	1	1	0.9999999999999999	0.0
NAV2	1	1	0.9999999999999999	0.0
SEC31B	1	1	0.9999999999999999	0.0
C1orf159	1	1	0.9999999999999999	0.0
NUMA1	1	1	0.9999999999999999	0.0
BPTF	1	1	0.9999999999999999	0.0
PODXL	1	1	0.9999999999999999	0.0
CAST	1	1	0.9999999999999999	0.0
PARP10	1	1	0.9999999999999999	0.0
CASP4	1	1	0.9999999999999999	0.0
BTBD10	1	1	0.9999999999999999	0.0
PIK3C3	1	1	0.9999999999999999	0.0
PRIMPOL	1	1	0.9999999999999999	0.0
SLITRK2	1	1	0.9999999999999999	0.0
SLC27A1	1	1	0.9999999999999999	0.0
HYOU1	1	1	0.9999999999999999	0.0
RAPGEF2	1	1	0.9999999999999999	0.0
PEX1	1	1	0.9999999999999999	0.0
PIP5K1A	1	1	0.9999999999999999	0.0
SLFNL1	1	1	0.9999999999999999	0.0
PTPRS	1	1	0.9999999999999999	0.0
TOR1AIP1	1	1	0.9999999999999999	0.0
TTN	1	1	0.9999999999999999	0.0
ATP6V0D1	1	1	0.9999999999999999	0.0
ALDOA	1	1	0.9999999999999999	0.0
LRRC49	1	1	0.9999999999999999	0.0
BRD8	1	1	0.9999999999999999	0.0
CNOT6L	1	1	0.9999999999999998	0.0
SRRM2	1	1	0.9999999999999998	0.0
OSBPL6	1	1	0.9999999999999998	0.0
LCN2	1	1	0.9999999999999998	0.0
CMTR2	1	1	0.9999999999999998	0.0
SLC39A9	1	1	0.9999999999999998	0.0
CYFIP2	1	1	0.9999999999999998	0.0
PRG4	1	1	0.9999999999999998	0.0
ARFGAP1	1	1	0.9999999999999998	0.0
TP63	1	1	0.9999999999999998	0.0
PTPRB	1	1	0.9999999999999998	0.0
AKAP13	1	1	0.9999999999999998	0.0
ABCC11	1	1	0.9999999999999998	0.0
LYRM5	1	1	0.9999999999999998	0.0
BBIP1	1	1	0.9999999999999998	0.0
RANBP17	1	1	0.9999999999999998	0.0
PAX8	1	1	0.9999999999999998	0.0
DYRK1A	1	1	0.9999999999999998	0.0
ARHGEF10	1	1	0.9999999999999998	0.0
USP19	1	1	0.9999999999999998	0.0
CELF2	1	1	0.9999999999999997	0.0
CERS5	1	1	0.9999999999999997	0.0
CTNND1	1	1	0.9999999999999993	0.0
GGTLC2	5	8	0.9305555555555554	0.0
SLC7A14	2	3	0.9166666666666666	0.0
SLC4A5	1	1	0.9090909090909093	0.0
DEPDC5	1	1	0.9090909090909093	0.0
FAM228B	2	3	0.9047619047619047	0.0
ZFAT	1	1	0.8999999999999999	0.0
RRAS2	1	1	0.8888888888888891	0.0
TRPM4	1	1	0.8888888888888891	0.0
VPS51	1	1	0.8888888888888891	0.0
OCLN	1	1	0.875	0.0
PTPRM	1	1	0.875	0.0
RP11-47I22.4	3	3	0.8666666666666667	0.0
NLRC3	1	1	0.857142857142857	0.0
MTHFD2L	2	2	0.8333333333333333	0.0
ADAM32	2	2	0.8333333333333333	0.0
GPAT2	1	1	0.8181818181818183	0.0
PLCD1	1	2	0.8	0.0
SS18L1	1	1	0.8	0.0
TNXB	1	1	0.8	0.0
FAM27E4	1	2	0.8	0.0
TRPV2	1	2	0.8	0.0
AUP1	1	2	0.8	0.0
ARHGEF11	1	1	0.8	0.0
SGK3	1	1	0.7999999999999999	0.0
R3HDM1	1	1	0.7777777777777779	0.0
RPL4	1	1	0.7777777777777779	0.0
CPNE8	1	1	0.75	0.0
RP1-20N2.6	1	1	0.75	0.0
RP11-20D14.6	1	1	0.75	0.0
ZNF615	1	3	0.75	0.0
RP11-506N2.1	2	3	0.75	0.0
MTRNR2L12	2	2	0.75	0.0
RP11-65G9.1	1	3	0.75	0.0
FMO2	1	1	0.75	0.0
UCA1	1	3	0.75	0.0
RP11-426L16.8	2	2	0.7083333333333333	0.0
AC074289.1	3	5	0.6722222222222223	0.0
TLR6	1	1	0.6666666666666666	0.0
DNAJC24	1	1	0.6666666666666666	0.0
RP11-216L13.19	1	2	0.6666666666666666	0.0
ANO6	2	2	0.6666666666666666	0.0
PDE11A	1	2	0.6666666666666666	0.0
MTND4P24	1	2	0.6666666666666666	0.0
TCF4	1	1	0.6666666666666666	0.0
PITPNM3	1	1	0.6666666666666666	0.0
MPI	1	1	0.6666666666666666	0.0
GPRC5D	1	1	0.6666666666666666	0.0
MVD	1	1	0.6666666666666666	0.0
GOLGB1	1	1	0.6666666666666666	0.0
CYP27C1	1	1	0.6666666666666666	0.0
EFHC1	1	1	0.6666666666666666	0.0
RNF4	2	2	0.6666666666666666	0.0
LINC00894	1	1	0.6666666666666666	0.0
NKTR	1	1	0.6666666666666666	0.0
RP11-366L20.2	2	2	0.6666666666666666	0.0
ZNF546	1	1	0.6666666666666666	0.0
GFOD1	1	1	0.6666666666666666	0.0
NFE2L3P1	1	2	0.6666666666666666	0.0
HSP90AA1	1	1	0.6666666666666666	0.0
RP11-12A20.7	1	1	0.6666666666666666	0.0
C20orf203	1	1	0.6666666666666666	0.0
DPPA4	1	1	0.6666666666666666	0.0
PRAMEF7	2	2	0.6666666666666666	0.0
PRAMEF8	2	2	0.6666666666666666	0.0
PSMD12	1	1	0.6666666666666666	0.0
AC005618.6	1	1	0.6666666666666666	0.0
LILRB5	1	1	0.6666666666666666	0.0
RP11-282K24.1	1	1	0.6666666666666666	0.0
RSPO3	1	2	0.6666666666666666	0.0
RP11-380M21.2	1	2	0.6666666666666666	0.0
ZNF471	1	1	0.6666666666666666	0.0
RP11-56L13.7	1	2	0.6666666666666666	0.0
RP11-1437A8.3	1	2	0.6666666666666666	0.0
UBN2	1	1	0.6666666666666666	0.0
HNF1A-AS1	1	1	0.6666666666666666	0.0
SSX2IP	1	2	0.6666666666666666	0.0
CNGA3	1	1	0.6666666666666666	0.0
XX-FW84067D5.1	2	2	0.6666666666666666	0.0
FCGR1A	1	2	0.6666666666666666	0.0
FCGR1C	1	2	0.6666666666666666	0.0
LETMD1	1	2	0.6666666666666666	0.0
ACAT1	1	1	0.6666666666666666	0.0
RP11-14I17.2	1	2	0.6666666666666666	0.0
OR56B2P	1	1	0.6666666666666666	0.0
SNX15	1	1	0.6666666666666666	0.0
RP11-475J5.4	2	2	0.6666666666666666	0.0
RP11-586K12.8	1	2	0.6666666666666666	0.0
CGB7	1	1	0.6666666666666666	0.0
ROR1	1	1	0.6666666666666666	0.0
ASCC1	1	1	0.6666666666666666	0.0
RN7SL467P	2	3	0.65	0.0
COPB2	2	3	0.65	0.0
HLA-E	2	3	0.65	0.0
TMEM45A	2	4	0.625	0.0
FBLIM1	1	1	0.6000000000000001	0.0
RP11-632K20.7	1	1	0.6000000000000001	0.0
MTND4P13	2	2	0.5833333333333333	0.0
C12orf55	2	2	0.5833333333333333	0.0
MECP2	2	2	0.5833333333333333	0.0
ATAD3A	1	1	0.5555555555555556	0.0
RP11-483E23.2	1	2	0.5454545454545454	0.0
AC008072.1	1	1	0.5	0.0
CTD-2383I20.1	1	1	0.5	0.0
CBR3-AS1	1	1	0.5	0.0
PSMA3	1	1	0.5	0.0
RP11-542M13.3	1	1	0.5	0.0
OR5L1	1	1	0.5	0.0
CHMP4B	1	1	0.5	0.0
RP11-731C17.2	1	1	0.5	0.0
TECPR2	1	1	0.5	0.0
RP5-857K21.11	1	1	0.5	0.0
ZNF37BP	1	1	0.5	0.0
MGAT1	1	1	0.5	0.0
IGHV1OR15-6	1	1	0.5	0.0
PLOD3	1	1	0.5	0.0
RP11-512M8.5	1	2	0.5	0.0
KDM4B	1	1	0.5	0.0
IGLV7-46	1	1	0.5	0.0
RP11-6N17.2	1	2	0.5	0.0
RP11-542C10.1	1	1	0.5	0.0
GTF2A1	1	3	0.5	0.0
AC009234.1	1	1	0.5	0.0
CACNA1C	1	1	0.5	0.0
PLEKHS1	1	2	0.5	0.0
SLC2A5	1	1	0.5	0.0
GFRAL	1	1	0.5	0.0
SNORD10	1	1	0.5	0.0
WDR12	1	1	0.5	0.0
SOS1	1	1	0.5	0.0
PCDHB10	1	1	0.5	0.0
AC009095.4	1	1	0.5	0.0
AF011889.2	1	2	0.5	0.0
FAM3B	1	1	0.5	0.0
RP11-1007O24.2	1	1	0.5	0.0
CTD-2354A18.1	1	1	0.5	0.0
Y_RNA.771	1	2	0.5	0.0
RP11-271K21.11	1	1	0.5	0.0
RP11-640M9.2	1	1	0.5	0.0
IGLV7-43	1	1	0.5	0.0
RP11-467M13.3	1	1	0.5	0.0
NME1	1	2	0.5	0.0
RPS19	1	1	0.5	0.0
RP11-82O18.2	1	1	0.5	0.0
NAF1	1	1	0.5	0.0
SRBD1	1	1	0.5	0.0
RP11-164A6.1	1	1	0.5	0.0
CTD-2302E22.3	1	1	0.5	0.0
KLHL41	1	1	0.5	0.0
SHCBP1	1	2	0.5	0.0
DSTN	1	1	0.5	0.0
FAM175A	1	1	0.5	0.0
SEPW1	1	1	0.5	0.0
KB-1572G7.3	1	1	0.5	0.0
LIN28B	1	1	0.5	0.0
LIN28A	1	1	0.5	0.0
AC025627.9	1	1	0.5	0.0
MLLT6	1	1	0.5	0.0
AGPAT6	1	3	0.5	0.0
RSBN1L-AS1	1	1	0.5	0.0
RP11-428G5.7	1	1	0.5	0.0
TEX41	1	1	0.5	0.0
CTD-2031P19.3	1	1	0.5	0.0
RP11-259G18.3	1	1	0.5	0.0
RP11-14I2.2	1	1	0.5	0.0
CYP3A5	1	1	0.5	0.0
AC005522.7	1	1	0.5	0.0
AC007078.4	1	1	0.5	0.0
GDAP2	1	1	0.5	0.0
C7orf63	1	1	0.5	0.0
REXO1L1	1	1	0.5	0.0
RP11-538D16.2	1	1	0.5	0.0
MGP	1	2	0.5	0.0
SLC8B1	1	2	0.5	0.0
IDS	1	2	0.5	0.0
ZXDA	1	1	0.5	0.0
ZXDB	1	1	0.5	0.0
ETFB	1	1	0.5	0.0
FBXL19-AS1	1	1	0.5	0.0
NCAPH2	1	1	0.5	0.0
MIR4454	1	1	0.5	0.0
PHKG1	1	1	0.5	0.0
RP1-78O14.1	1	1	0.5	0.0
RP1-239B22.5	1	1	0.5	0.0
MIR4461	1	1	0.5	0.0
RP11-63H19.2	1	1	0.5	0.0
HSPA8P9	1	1	0.5	0.0
RP13-81N3.1	1	1	0.5	0.0
RP11-525K10.3	1	1	0.5	0.0
NEAT1	1	1	0.5	0.0
FAM230B	1	1	0.5	0.0
ZNF705B	1	2	0.5	0.0
ZNF705A	1	2	0.5	0.0
GS1-124K5.2	1	1	0.5	0.0
RP11-753A21.1	1	1	0.5	0.0
ENO3	1	1	0.5	0.0
CHMP4BP1	1	1	0.5	0.0
KRT17P2	1	1	0.5	0.0
SLC30A3	1	1	0.5	0.0
CLU	1	1	0.5	0.0
POR	1	1	0.5	0.0
TBX19	1	1	0.5	0.0
RP11-216M21.1	1	1	0.5	0.0
TMOD4	1	1	0.5	0.0
FAM124B	1	1	0.5	0.0
RP11-37B2.1	1	1	0.5	0.0
DCN	1	1	0.5	0.0
KB-1183D5.13	1	1	0.5	0.0
PPM1G	1	1	0.5	0.0
HUNK	1	1	0.5	0.0
RP11-342A23.1	1	2	0.5	0.0
ZNF850	1	1	0.5	0.0
RP11-719K4.6	1	1	0.5	0.0
GUCY1A2	1	1	0.5	0.0
RP11-452D2.2	1	1	0.5	0.0
ACBD7	1	1	0.5	0.0
RPL15	1	1	0.5	0.0
DND1P1	1	1	0.5	0.0
RP4-614C15.2	1	1	0.5	0.0
RP1-37N7.1	1	2	0.5	0.0
RP11-408H1.3	1	1	0.5	0.0
POC1B	1	1	0.5	0.0
GS1-124K5.11	1	1	0.5	0.0
TRIM69	1	1	0.5	0.0
AC005831.1	1	1	0.5	0.0
LINC00638	1	1	0.5	0.0
RPL7L1	1	1	0.5	0.0
AP2A1	1	1	0.5	0.0
SRP14-AS1	1	1	0.5	0.0
PCDHB9	1	1	0.5	0.0
LRRC37B	1	1	0.5	0.0
TMSB15B	1	1	0.5	0.0
VPS37B	1	1	0.5	0.0
FTO	1	1	0.5	0.0
RP3-337H4.8	1	1	0.5	0.0
HAP1	1	1	0.5	0.0
RP4-724E16.2	1	1	0.5	0.0
TMX4	1	1	0.5	0.0
AC093690.1	1	1	0.5	0.0
IGHV1-24	1	1	0.5	0.0
E2F2	1	1	0.5	0.0
TRAF3IP2	1	1	0.5	0.0
AIM2	1	1	0.5	0.0
TFDP2	1	1	0.5	0.0
RNF149	1	1	0.5	0.0
LRRC58	1	1	0.5	0.0
FNTA	1	1	0.5	0.0
EIF4A1	1	1	0.5	0.0
RP11-315I20.1	1	1	0.5	0.0
ZNF738	1	1	0.5	0.0
BRI3BP	1	2	0.5	0.0
VPS72	1	1	0.5	0.0
ZNF783	1	1	0.5	0.0
ZNF37A	1	1	0.5	0.0
ATAD3B	1	1	0.4444444444444444	0.0
PLG	1	1	0.42857142857142855	0.0
RP11-536I6.2	2	4	0.4222222222222222	0.0
RP11-380P13.2	2	4	0.4222222222222222	0.0
TIMM50	1	2	0.4	0.0
RP11-98L5.2	1	2	0.4	0.0
CTD-3092A11.1	1	1	0.4	0.0
VDAC1	1	2	0.4	0.0
LINC01088	1	1	0.4	0.0
FAM27E3	1	2	0.4	0.0
FAM27E1	1	2	0.4	0.0
SLC38A7	1	1	0.4	0.0
KRT18P52	1	1	0.4	0.0
RP11-586K12.13	1	1	0.4	0.0
DLST	1	1	0.4	0.0
RP11-567G24.1	1	2	0.4	0.0
SPDYE8P	1	1	0.4	0.0
ANKRD36B	1	1	0.4	0.0
RP11-157L3.5	1	2	0.4	0.0
USP33	1	1	0.4	0.0
TRIM13	1	1	0.4	0.0
TBC1D32	2	2	0.39285714285714285	0.0
RP11-578F21.4	1	2	0.36363636363636365	0.0
GOLGA6L1	1	2	0.36363636363636365	0.0
RTN3P1	4	4	0.36363636363636365	0.0
REL	2	2	0.3611111111111111	0.0
RP11-373L24.1	2	2	0.3611111111111111	0.0
C18orf8	1	1	0.34782608695652173	0.0
AC006014.10	2	2	0.34285714285714286	0.0
AC004166.6	2	2	0.34285714285714286	0.0
SPDYE9P	2	2	0.34285714285714286	0.0
CBWD5	1	1	0.3404255319148935	0.0
RP11-118B18.1	1	1	0.3333333333333333	0.0
MMP24-AS1	1	1	0.3333333333333333	0.0
RP11-54D18.3	1	1	0.3333333333333333	0.0
DCAF16	1	1	0.3333333333333333	0.0
RP11-192H23.4	1	1	0.3333333333333333	0.0
XIAP-AS1	1	1	0.3333333333333333	0.0
DGKZ	1	1	0.3333333333333333	0.0
WDR27	1	1	0.3333333333333333	0.0
DGKH	1	1	0.3333333333333333	0.0
ELAVL1	1	1	0.3333333333333333	0.0
RP11-203B9.4	1	1	0.3333333333333333	0.0
CTB-54D4.1	1	1	0.3333333333333333	0.0
RP11-483G21.3	1	1	0.3333333333333333	0.0
RANGAP1	1	1	0.3333333333333333	0.0
RPS3AP30	1	1	0.3333333333333333	0.0
RPS3AP34	1	1	0.3333333333333333	0.0
SIRT5	1	1	0.3333333333333333	0.0
CTA-398F10.1	1	1	0.3333333333333333	0.0
RPS3AP40	1	1	0.3333333333333333	0.0
MR1	1	1	0.3333333333333333	0.0
PGM5P2	1	1	0.3333333333333333	0.0
FAM83F	1	1	0.3333333333333333	0.0
EDEM2	1	1	0.3333333333333333	0.0
ZDHHC15	1	1	0.3333333333333333	0.0
MLX	1	1	0.3333333333333333	0.0
PCNXL2	1	1	0.3333333333333333	0.0
AC125232.1	1	1	0.3333333333333333	0.0
RP11-22C11.2	1	1	0.3333333333333333	0.0
MPPE1	1	1	0.3333333333333333	0.0
AC011747.4	1	1	0.3333333333333333	0.0
NTF4	1	1	0.3333333333333333	0.0
RP11-573D15.2	1	1	0.3333333333333333	0.0
PLEKHM1P	1	1	0.3333333333333333	0.0
AC093415.2	1	1	0.3333333333333333	0.0
GPI	1	1	0.3333333333333333	0.0
RP11-727A23.4	1	1	0.3333333333333333	0.0
FAM27D1	1	1	0.3333333333333333	0.0
SLC38A9	1	1	0.3333333333333333	0.0
LST1	1	1	0.3333333333333333	0.0
GLT8D1	1	1	0.3333333333333333	0.0
AGO3	1	1	0.3333333333333333	0.0
COX6B2	1	1	0.3333333333333333	0.0
RP11-17E2.2	1	1	0.3333333333333333	0.0
ATRAID	1	1	0.3333333333333333	0.0
RP11-108P20.1	1	1	0.3333333333333333	0.0
TMCC1-AS1	1	1	0.3333333333333333	0.0
UBA52	1	1	0.3333333333333333	0.0
MAU2	1	1	0.3333333333333333	0.0
FAM114A1	1	1	0.3333333333333333	0.0
OR10P1	1	1	0.3333333333333333	0.0
RP11-399J13.3	1	1	0.3333333333333333	0.0
NPTXR	1	1	0.3333333333333333	0.0
LIN7B	1	1	0.3333333333333333	0.0
DLGAP1	1	1	0.3333333333333333	0.0
ATP5D	1	1	0.3333333333333333	0.0
GPR141	1	1	0.3333333333333333	0.0
ANAPC1	1	1	0.3333333333333333	0.0
PPP5D1	1	1	0.3333333333333333	0.0
TIMM21	1	1	0.3333333333333333	0.0
AC020743.2	1	1	0.3333333333333333	0.0
LAMP1	1	1	0.3333333333333333	0.0
GALR2	1	1	0.3333333333333333	0.0
RP11-433J8.2	1	1	0.3333333333333333	0.0
AF131215.6	1	1	0.3333333333333333	0.0
RP11-345J4.5	1	1	0.3333333333333333	0.0
PPIL6	1	1	0.2857142857142857	0.0
LPAL2	1	1	0.2857142857142857	0.0
ZNF587	1	1	0.2857142857142857	0.0
LPA	1	1	0.2857142857142857	0.0
SPDYE3	1	1	0.2857142857142857	0.0
IQCJ-SCHIP1	1	1	0.2608695652173913	0.0
USP9YP18	1	1	0.25	0.0
USP9YP17	1	1	0.25	0.0
USP9YP26	1	1	0.25	0.0
USP9YP24	1	1	0.25	0.0
FZD8	1	1	0.25	0.0
ARHGAP42P2	1	1	0.25	0.0
HHIP	1	1	0.25	0.0
MTRNR2L2	1	1	0.25	0.0
ARHGAP42P5	1	1	0.25	0.0
ARHGAP42P4	1	1	0.25	0.0
ARHGAP42P3	1	1	0.25	0.0
ZNRF3	1	1	0.25	0.0
CTD-2313J17.5	1	1	0.25	0.0
GALNT1	1	1	0.25	0.0
PDE8B	1	1	0.25	0.0
MTND4P30	1	1	0.25	0.0
BBS5	1	1	0.25	0.0
TSPAN7	1	1	0.25	0.0
CTC-420A11.2	1	1	0.25	0.0
RP11-1396O13.13	1	2	0.25	0.0
TIGD1	1	1	0.25	0.0
RP11-475J5.11	1	1	0.25	0.0
ZCWPW2	1	1	0.25	0.0
SCLY	1	1	0.25	0.0
KHDC1	1	1	0.25	0.0
RP11-376M2.2	1	1	0.25	0.0
RP11-724O16.1	1	1	0.25	0.0
ZNF117	1	1	0.25	0.0
ZNF705C	1	2	0.25	0.0
ZNF705E	1	2	0.25	0.0
ZNF705D	1	2	0.25	0.0
MTND6P3	1	1	0.25	0.0
MTND6P4	1	1	0.25	0.0
EWSR1	1	1	0.25	0.0
AGXT	1	1	0.25	0.0
HNRNPA1P54	1	1	0.25	0.0
MTND1P6	1	1	0.25	0.0
MTND1P9	1	1	0.25	0.0
SEPT7P2	1	1	0.25	0.0
ZSWIM8	1	1	0.25	0.0
BLOC1S6	1	1	0.25	0.0
AIFM2	1	1	0.25	0.0
OC90	2	2	0.2361111111111111	0.0
LINC00882	2	2	0.2361111111111111	0.0
RPL39L	2	2	0.2361111111111111	0.0
CTC-490G23.2	1	2	0.2222222222222222	0.0
LINC00911	1	1	0.2222222222222222	0.0
C1orf109	1	1	0.2222222222222222	0.0
CBWD6	1	1	0.2127659574468085	0.0
RP11-680G24.5	1	1	0.2	0.0
GALNS	1	1	0.2	0.0
AL121652.3	1	1	0.2	0.0
RASA4	1	1	0.2	0.0
C8orf44-SGK3	1	1	0.2	0.0
CTC-344H19.4	1	1	0.2	0.0
AC090692.1	1	1	0.2	0.0
RP11-1292F20.1	1	1	0.2	0.0
CYSLTR1	1	1	0.2	0.0
MOBP	1	1	0.2	0.0
TNXA	1	1	0.2	0.0
KRT18P14	1	1	0.2	0.0
USP4	1	1	0.2	0.0
AC018696.1	1	1	0.2	0.0
RP11-266E8.2	1	2	0.2	0.0
HEXA	1	1	0.2	0.0
RP11-1437A8.7	1	1	0.2	0.0
RP11-380N8.6	1	1	0.2	0.0
ATP9B	1	1	0.2	0.0
MANBA	1	1	0.2	0.0
RP11-467N20.5	1	2	0.18181818181818182	0.0
GOLGA6L6	1	2	0.18181818181818182	0.0
RP11-566K19.9	1	2	0.18181818181818182	0.0
AC008268.2	1	1	0.18181818181818182	0.0
AF064858.6	1	2	0.18181818181818182	0.0
CBWD1	1	1	0.1702127659574468	0.0
CBWD2	1	1	0.1702127659574468	0.0
AC083899.3	1	1	0.16666666666666666	0.0
ZNF567	1	1	0.16666666666666666	0.0
TBC1D27	1	1	0.16666666666666666	0.0
AC093616.4	1	1	0.16666666666666666	0.0
TMEM229B	1	1	0.16666666666666666	0.0
RBP1	1	1	0.16666666666666666	0.0
RP11-125B21.2	1	1	0.16666666666666666	0.0
NDUFA3	1	1	0.14285714285714285	0.0
CREBBP	1	1	0.14285714285714285	0.0
AC104451.2	1	1	0.14285714285714285	0.0
RP11-1017G21.6	1	1	0.14285714285714285	0.0
SPDYE1	1	1	0.14285714285714285	0.0
VSTM4	1	1	0.14285714285714285	0.0
AC004878.5	1	1	0.14285714285714285	0.0
APC2	1	1	0.13043478260869565	0.0
C1orf112	1	1	0.125	0.0
RP11-195E2.1	1	1	0.125	0.0
KCNIP3	1	1	0.125	0.0
PSMG3-AS1	1	1	0.125	0.0
RP11-1280N14.3	1	1	0.125	0.0
AC005562.1	1	1	0.125	0.0
RP11-1319K7.1	1	1	0.125	0.0
AC005276.1	1	1	0.125	0.0
GINS4	1	1	0.1111111111111111	0.0
TUBA4A	1	1	0.1111111111111111	0.0
RPL4P5	1	1	0.1111111111111111	0.0
RPL4P4	1	1	0.1111111111111111	0.0
RP11-382N13.6	1	1	0.1111111111111111	0.0
SMTN	1	1	0.1111111111111111	0.0
FAM74A4	1	1	0.1111111111111111	0.0
FAM74A6	1	1	0.1111111111111111	0.0
TRIM41	1	1	0.1111111111111111	0.0
ATP6V0A1	1	1	0.1111111111111111	0.0
AP2A2	1	1	0.1111111111111111	0.0
CAD	1	1	0.1111111111111111	0.0
CBWD3	1	1	0.10638297872340426	0.0
ZNF675	1	1	0.1	0.0
LINC00355	1	1	0.1	0.0
ALDOB	1	1	0.1	0.0
RP11-287D1.3	1	1	0.09090909090909091	0.0
PTK7	1	1	0.09090909090909091	0.0
AC011718.1	1	1	0.041666666666666664	0.0
