ReferenceID	uniqueReadCount	totalReadCount	multimapAdjustedReadCount	multimapAdjustedBarcodeCount
tRNA-Gly-GCC-1-5	1056	28857	4757.890650912547	0.0
tRNA-Gly-GCC-1-3	1056	28857	4757.890650912547	0.0
tRNA-Gly-GCC-1-4	1056	28857	4757.890650912547	0.0
tRNA-Gly-GCC-1-1	1056	28857	4757.890650912547	0.0
tRNA-Gly-GCC-1-2	1056	28857	4757.890650912547	0.0
tRNA-Gly-CCC-1-2	1151	46032	4505.697960269879	0.0
tRNA-Gly-CCC-1-1	1151	46032	4505.697960269879	0.0
tRNA-Gly-GCC-2-1	1264	47181	4428.663591860506	0.0
tRNA-Gly-GCC-2-5	1264	47181	4428.663591860506	0.0
tRNA-Gly-GCC-2-4	1264	47181	4428.663591860506	0.0
tRNA-Gly-GCC-2-3	1264	47181	4428.663591860506	0.0
tRNA-Gly-GCC-2-2	1264	47181	4428.663591860506	0.0
tRNA-Gly-GCC-2-6	1264	47181	4428.663591860506	0.0
tRNA-Gly-GCC-3-1	1256	47173	4427.784803981718	0.0
tRNA-Gly-GCC-5-1	1183	47027	4409.837184934101	0.0
tRNA-Glu-CTC-1-7	1034	23686	2953.1363247863264	0.0
tRNA-Glu-CTC-1-6	1034	23686	2953.1363247863264	0.0
tRNA-Glu-CTC-1-5	1034	23686	2953.1363247863264	0.0
tRNA-Glu-CTC-1-4	1034	23686	2953.1363247863264	0.0
tRNA-Glu-CTC-1-3	1034	23686	2953.1363247863264	0.0
tRNA-Glu-CTC-1-2	1034	23686	2953.1363247863264	0.0
tRNA-Glu-CTC-1-1	1034	23686	2953.1363247863264	0.0
tRNA-Glu-CTC-2-1	980	23552	2938.0565268065284	0.0
tRNA-Val-CAC-2-1	168	1504	1479.8496732026142	0.0
tRNA-His-GTG-1-4	648	9560	1054.9333333333286	0.0
tRNA-His-GTG-1-5	648	9560	1054.9333333333286	0.0
tRNA-His-GTG-1-2	648	9560	1054.9333333333286	0.0
tRNA-His-GTG-1-3	648	9560	1054.9333333333286	0.0
tRNA-His-GTG-1-1	648	9560	1054.9333333333286	0.0
tRNA-His-GTG-1-9	648	9560	1054.9333333333286	0.0
tRNA-His-GTG-1-8	648	9560	1054.9333333333286	0.0
tRNA-His-GTG-1-7	648	9560	1054.9333333333286	0.0
tRNA-His-GTG-1-6	648	9560	1054.9333333333286	0.0
tRNA-Glu-TTC-2-2	313	1740	777.0	0.0
tRNA-Glu-TTC-2-1	313	1740	777.0	0.0
tRNA-Lys-CTT-1-1	240	1863	611.1639249639259	0.0
tRNA-Lys-CTT-1-2	240	1863	611.1639249639259	0.0
tRNA-Lys-CTT-4-1	214	1773	589.1356282606291	0.0
tRNA-Val-CAC-8-1	358	6144	431.354922751826	0.0
tRNA-Val-AAC-2-1	56	401	371.1795634920635	0.0
tRNA-Glu-TTC-9-1	328	6064	349.4887611356647	0.0
tRNA-Gly-CCC-6-1	324	5963	344.7368307131461	0.0
tRNA-Lys-CTT-2-1	229	1924	323.3882076257076	0.0
tRNA-Lys-CTT-2-3	229	1924	323.3882076257076	0.0
tRNA-Lys-CTT-2-2	229	1924	323.3882076257076	0.0
tRNA-Lys-CTT-2-5	229	1924	323.3882076257076	0.0
tRNA-Lys-CTT-2-4	229	1924	323.3882076257076	0.0
tRNA-Glu-TTC-1-2	125	685	249.5	0.0
tRNA-Glu-TTC-1-1	125	685	249.5	0.0
tRNA-Lys-CTT-3-1	129	1373	236.86118742368726	0.0
tRNA-His-GTG-2-1	100	818	227.5999999999998	0.0
tRNA-Glu-TTC-4-1	199	921	184.76208236208228	0.0
tRNA-Glu-TTC-4-2	199	921	184.76208236208228	0.0
tRNA-Glu-TTC-3-1	148	790	170.28228438228433	0.0
tRNA-Glu-TTC-8-1	139	769	168.13076923076918	0.0
tRNA-Ala-CGC-3-1	46	1050	158.6583333333333	0.0
tRNA-Lys-TTT-3-4	145	891	143.52123015872996	0.0
tRNA-Lys-TTT-3-5	145	891	143.52123015872996	0.0
tRNA-Lys-TTT-3-2	145	891	143.52123015872996	0.0
tRNA-Lys-TTT-3-3	145	891	143.52123015872996	0.0
tRNA-Lys-TTT-3-1	145	891	143.52123015872996	0.0
tRNA-Lys-TTT-5-1	135	877	140.72123015872998	0.0
tRNA-Ala-AGC-4-1	39	1021	130.60119047619048	0.0
tRNA-Ala-TGC-4-1	40	1020	129.60119047619048	0.0
tRNA-Ala-TGC-3-2	40	1020	127.63452380952381	0.0
tRNA-Ala-TGC-3-1	40	1020	127.63452380952381	0.0
tRNA-Ala-CGC-1-1	39	1019	127.30119047619048	0.0
tRNA-Ala-TGC-2-1	39	1019	127.30119047619048	0.0
tRNA-Ala-CGC-2-1	39	1019	127.13452380952381	0.0
tRNA-Gly-CCC-chr1-16	132	2222	111.25562770562766	0.0
tRNA-Gly-CCC-chr1-19	132	2222	111.25562770562766	0.0
tRNA-Val-CAC-1-5	167	1701	109.49883225219916	0.0
tRNA-Val-CAC-1-4	167	1701	109.49883225219916	0.0
tRNA-Val-CAC-1-6	167	1701	109.49883225219916	0.0
tRNA-Val-CAC-1-1	167	1701	109.49883225219916	0.0
tRNA-Val-CAC-1-3	167	1701	109.49883225219916	0.0
tRNA-Val-CAC-1-2	167	1701	109.49883225219916	0.0
tRNA-Val-CAC-4-1	165	1698	109.28454653791346	0.0
tRNA-Val-CAC-5-1	162	1691	108.30835606172298	0.0
tRNA-Val-AAC-1-1	158	1686	107.61787987124677	0.0
tRNA-Val-AAC-1-2	158	1686	107.61787987124677	0.0
tRNA-Val-AAC-1-3	158	1686	107.61787987124677	0.0
tRNA-Val-AAC-1-4	158	1686	107.61787987124677	0.0
tRNA-Val-AAC-1-5	158	1686	107.61787987124677	0.0
tRNA-Val-AAC-4-1	158	1686	107.61787987124677	0.0
tRNA-Val-AAC-3-1	156	1683	107.40359415696106	0.0
tRNA-Pro-TGG-2-1	60	136	79.11629072681706	0.0
tRNA-Cys-GCA-6-1	73	567	66.40559250690835	0.0
tRNA-Ala-AGC-2-1	70	587	54.54350736982319	0.0
tRNA-Ala-AGC-2-2	70	587	54.54350736982319	0.0
tRNA-Gln-CTG-2-1	152	475	54.38628871128878	0.0
tRNA-Ala-CGC-4-1	67	583	53.21017403648985	0.0
tRNA-Val-TAC-1-1	43	120	52.74415204678364	0.0
tRNA-Val-TAC-1-2	43	120	52.74415204678364	0.0
tRNA-Val-CAC-3-1	25	62	52.591911764705884	0.0
tRNA-Ala-AGC-7-1	67	583	52.54350736982319	0.0
tRNA-Ala-AGC-3-1	66	582	52.21017403648985	0.0
tRNA-Ala-AGC-5-1	66	582	52.21017403648985	0.0
tRNA-Gln-CTG-1-4	159	491	52.086288711288766	0.0
tRNA-Gln-CTG-1-3	159	491	52.086288711288766	0.0
tRNA-Gln-CTG-1-5	159	491	52.086288711288766	0.0
tRNA-Gln-CTG-1-1	159	491	52.086288711288766	0.0
tRNA-Gln-CTG-1-2	159	491	52.086288711288766	0.0
tRNA-Gln-CTG-5-1	122	431	49.59899267399275	0.0
tRNA-Ala-TGC-6-1	54	504	45.84567187198769	0.0
tRNA-Pro-TGG-1-1	39	66	44.8531328320802	0.0
tRNA-Val-AAC-6-1	46	498	40.914935941251755	0.0
tRNA-Ala-TGC-1-1	48	503	40.114935941251765	0.0
tRNA-Ala-TGC-5-1	48	503	40.114935941251765	0.0
tRNA-Ala-TGC-7-1	48	503	40.114935941251765	0.0
tRNA-Ala-TGC-8-1	45	495	37.91493594125176	0.0
tRNA-Val-AAC-5-1	51	624	37.9136781905745	0.0
tRNA-Lys-CTT-7-1	66	250	37.8176948051948	0.0
tRNA-Glu-TTC-10-1	52	193	36.47521367521368	0.0
tRNA-Gly-CCC-3-1	26	58	35.56782106782107	0.0
tRNA-Lys-CTT-6-1	72	142	35.13892496392497	0.0
tRNA-Gln-TTG-3-1	63	268	32.402564102564085	0.0
tRNA-Gln-TTG-3-2	63	268	32.402564102564085	0.0
tRNA-Gln-TTG-3-3	63	268	32.402564102564085	0.0
tRNA-Val-CAC-7-1	20	521	32.33006535947713	0.0
tRNA-Lys-CTT-11-1	60	241	32.0676948051948	0.0
tRNA-Gln-TTG-2-1	61	263	31.75256410256408	0.0
tRNA-Gly-CCC-2-2	37	64	31.6	0.0
tRNA-Gly-CCC-2-1	37	64	31.6	0.0
tRNA-Gln-TTG-1-1	63	265	31.40256410256408	0.0
tRNA-Ser-TGA-4-1	31	372	31.15263157894736	0.0
tRNA-Ser-TGA-3-1	31	372	31.15263157894736	0.0
tRNA-Ser-TGA-2-1	31	372	31.15263157894736	0.0
tRNA-Ser-AGA-2-6	30	371	30.819298245614032	0.0
tRNA-Ser-AGA-1-1	30	371	30.819298245614032	0.0
tRNA-Ser-AGA-2-1	30	371	30.819298245614032	0.0
tRNA-Ser-AGA-2-3	30	371	30.819298245614032	0.0
tRNA-Ser-AGA-2-2	30	371	30.819298245614032	0.0
tRNA-Ser-AGA-2-5	30	371	30.819298245614032	0.0
tRNA-Ser-AGA-2-4	30	371	30.819298245614032	0.0
tRNA-Ser-AGA-3-1	30	371	30.819298245614032	0.0
tRNA-Ser-AGA-4-1	29	370	30.766666666666662	0.0
tRNA-Asp-GTC-1-1	25	35	30.391025641025642	0.0
tRNA-Leu-CAA-4-1	16	36	30.1	0.0
tRNA-Gln-CTG-12-1	8	29	27.133333333333333	0.0
tRNA-Gly-CCC-4-1	48	207	26.434354534354544	0.0
tRNA-Gly-GCC-4-1	53	188	25.7667748917749	0.0
tRNA-Gly-TCC-1-1	17	34	25.197222222222223	0.0
tRNA-Cys-GCA-5-1	16	59	24.875	0.0
tRNA-Val-TAC-2-1	28	46	24.583333333333325	0.0
tRNA-Lys-TTT-4-1	51	124	23.15376984126984	0.0
tRNA-Cys-GCA-4-1	35	147	19.62936507936508	0.0
tRNA-Cys-GCA-2-3	35	147	19.62936507936508	0.0
tRNA-Cys-GCA-2-4	35	147	19.62936507936508	0.0
tRNA-Cys-GCA-2-1	35	147	19.62936507936508	0.0
tRNA-Cys-GCA-2-2	35	147	19.62936507936508	0.0
tRNA-Asp-GTC-2-4	92	227	19.28613053613054	0.0
tRNA-Asp-GTC-2-3	92	227	19.28613053613054	0.0
tRNA-Asp-GTC-2-2	92	227	19.28613053613054	0.0
tRNA-Asp-GTC-2-1	92	227	19.28613053613054	0.0
tRNA-Asp-GTC-2-9	92	227	19.28613053613054	0.0
tRNA-Asp-GTC-2-8	92	227	19.28613053613054	0.0
tRNA-Asp-GTC-2-7	92	227	19.28613053613054	0.0
tRNA-Asp-GTC-2-6	92	227	19.28613053613054	0.0
tRNA-Asp-GTC-2-5	92	227	19.28613053613054	0.0
tRNA-Asp-GTC-2-10	92	227	19.28613053613054	0.0
tRNA-Asp-GTC-2-11	92	227	19.28613053613054	0.0
tRNA-Gly-CCC-7-1	21	52	19.11111111111111	0.0
tRNA-Lys-TTT-6-1	46	120	18.939484126984127	0.0
tRNA-Gly-CCC-5-1	57	264	18.186564312880115	0.0
tRNA-Val-TAC-3-1	13	22	18.10526315789474	0.0
tRNA-Pro-TGG-3-5	92	292	17.671261487050955	0.0
tRNA-Pro-TGG-3-3	92	292	17.671261487050955	0.0
tRNA-Pro-TGG-3-4	92	292	17.671261487050955	0.0
tRNA-Pro-TGG-3-1	92	292	17.671261487050955	0.0
tRNA-Pro-TGG-3-2	92	292	17.671261487050955	0.0
tRNA-Ala-AGC-6-1	12	18	17.142857142857142	0.0
tRNA-Pro-CGG-2-1	85	280	15.521261487050946	0.0
tRNA-Pro-CGG-1-1	85	280	15.521261487050946	0.0
tRNA-Pro-CGG-1-2	85	280	15.521261487050946	0.0
tRNA-Pro-CGG-1-3	85	280	15.521261487050946	0.0
tRNA-Pro-AGG-1-1	84	279	15.271261487050946	0.0
tRNA-Pro-AGG-2-4	84	279	15.271261487050946	0.0
tRNA-Pro-AGG-2-3	84	279	15.271261487050946	0.0
tRNA-Pro-AGG-2-6	84	279	15.271261487050946	0.0
tRNA-Pro-AGG-2-5	84	279	15.271261487050946	0.0
tRNA-Pro-AGG-2-8	84	279	15.271261487050946	0.0
tRNA-Pro-AGG-2-7	84	279	15.271261487050946	0.0
tRNA-Pro-AGG-2-1	84	279	15.271261487050946	0.0
tRNA-Pro-AGG-2-2	84	279	15.271261487050946	0.0
tRNA-Ala-AGC-1-1	17	81	14.36111111111111	0.0
tRNA-Arg-CCG-2-1	17	22	12.704761904761906	0.0
tRNA-Ser-GCT-3-1	22	81	12.209774436090225	0.0
tRNA-Ser-GCT-2-1	21	80	12.009774436090225	0.0
tRNA-Arg-CCT-4-1	23	32	11.954761904761902	0.0
tRNA-Gln-CTG-6-1	30	120	11.915867465867466	0.0
tRNA-Leu-CAG-1-7	18	103	11.322222222222221	0.0
tRNA-Leu-CAG-2-2	18	103	11.322222222222221	0.0
tRNA-Leu-CAG-1-6	18	103	11.322222222222221	0.0
tRNA-Leu-CAG-2-1	18	103	11.322222222222221	0.0
tRNA-Leu-CAG-1-5	18	103	11.322222222222221	0.0
tRNA-Leu-CAG-1-4	18	103	11.322222222222221	0.0
tRNA-Leu-CAG-1-3	18	103	11.322222222222221	0.0
tRNA-Leu-CAG-1-2	18	103	11.322222222222221	0.0
tRNA-Leu-CAG-1-1	18	103	11.322222222222221	0.0
tRNA-Ser-GCT-4-3	21	80	11.209774436090225	0.0
tRNA-Ser-GCT-4-2	21	80	11.209774436090225	0.0
tRNA-Ser-GCT-4-1	21	80	11.209774436090225	0.0
tRNA-Ser-GCT-5-1	21	80	11.209774436090225	0.0
tRNA-Ser-GCT-1-1	20	79	11.009774436090225	0.0
tRNA-SeC-TCA-1-1	9	13	11.0	0.0
tRNA-Asp-ATC-chr6-103	12	78	10.182539682539682	0.0
tRNA-Asp-GTC-3-1	52	121	10.076923076923086	0.0
tRNA-Cys-GCA-1-1	26	62	9.874397824397821	0.0
tRNA-Leu-AAG-2-1	29	79	9.492135642135638	0.0
tRNA-Leu-AAG-2-3	29	79	9.492135642135638	0.0
tRNA-Leu-AAG-2-2	29	79	9.492135642135638	0.0
tRNA-Leu-AAG-2-4	29	79	9.492135642135638	0.0
tRNA-Cys-GCA-chr5-2	24	69	8.89722222222222	0.0
tRNA-iMet-CAT-2-1	26	86	8.711111111111109	0.0
tRNA-iMet-CAT-1-8	26	86	8.711111111111109	0.0
tRNA-iMet-CAT-1-7	26	86	8.711111111111109	0.0
tRNA-iMet-CAT-1-6	26	86	8.711111111111109	0.0
tRNA-iMet-CAT-1-5	26	86	8.711111111111109	0.0
tRNA-iMet-CAT-1-4	26	86	8.711111111111109	0.0
tRNA-iMet-CAT-1-3	26	86	8.711111111111109	0.0
tRNA-iMet-CAT-1-2	26	86	8.711111111111109	0.0
tRNA-iMet-CAT-1-1	26	86	8.711111111111109	0.0
tRNA-Gln-CTG-4-2	26	116	8.599200799200803	0.0
tRNA-Gln-CTG-4-1	26	116	8.599200799200803	0.0
tRNA-Gln-CTG-3-1	26	116	8.599200799200803	0.0
tRNA-Gln-CTG-3-2	26	116	8.599200799200803	0.0
tRNA-Trp-CCA-2-1	5	8	8.0	0.0
tRNA-Leu-AAG-3-1	24	70	7.908802308802307	0.0
tRNA-Gln-CTG-7-1	18	106	7.69010989010989	0.0
tRNA-Leu-AAG-1-3	23	70	7.604040404040401	0.0
tRNA-Leu-AAG-1-1	23	70	7.604040404040401	0.0
tRNA-Leu-AAG-1-2	23	70	7.604040404040401	0.0
tRNA-Leu-TAG-1-1	23	70	7.604040404040401	0.0
tRNA-Thr-CGT-6-1	18	76	7.599999999999998	0.0
tRNA-Gln-CTG-chr19-4	16	104	7.523443223443223	0.0
tRNA-Lys-CTT-chr15-5	18	29	6.977777777777778	0.0
tRNA-Gly-TCC-2-6	29	45	6.601984126984129	0.0
tRNA-Gly-TCC-2-5	29	45	6.601984126984129	0.0
tRNA-Gly-TCC-2-4	29	45	6.601984126984129	0.0
tRNA-Gly-TCC-2-3	29	45	6.601984126984129	0.0
tRNA-Gly-TCC-2-2	29	45	6.601984126984129	0.0
tRNA-Gly-TCC-2-1	29	45	6.601984126984129	0.0
tRNA-Met-CAT-1-1	7	11	6.5	0.0
tRNA-Ala-AGC-11-1	4	7	6.166666666666667	0.0
tRNA-Thr-AGT-3-1	1	6	6.0	0.0
tRNA-Trp-CCA-4-1	4	6	6.0	0.0
tRNA-Arg-CCT-3-1	19	25	5.954761904761906	0.0
tRNA-Cys-ACA-1-1	14	29	5.869444444444444	0.0
tRNA-Arg-TCT-3-1	11	19	5.521428571428573	0.0
tRNA-Arg-TCT-3-2	11	19	5.521428571428573	0.0
tRNA-Met-CAT-6-1	6	10	5.5	0.0
tRNA-Arg-CCT-1-1	17	24	5.454761904761907	0.0
tRNA-Arg-CCT-2-1	17	24	5.454761904761907	0.0
tRNA-Thr-CGT-4-1	5	5	5.0	0.0
tRNA-Cys-GCA-25-1	2	5	5.0	0.0
tRNA-Glu-CTC-3-1	8	45	4.948484848484849	0.0
tRNA-Und-NNN-3-1	8	25	4.911111111111111	0.0
tRNA-Glu-TTC-6-1	9	18	4.546464646464646	0.0
tRNA-Lys-TTT-13-1	4	9	4.5	0.0
tRNA-Val-TAC-4-1	9	18	4.3868464052287575	0.0
tRNA-Asp-GTC-5-1	23	51	4.224358974358975	0.0
tRNA-Cys-GCA-8-1	24	51	4.1670870795870805	0.0
tRNA-Cys-GCA-14-1	24	51	4.1670870795870805	0.0
tRNA-Cys-GCA-15-1	24	51	4.1670870795870805	0.0
tRNA-Cys-GCA-19-1	24	51	4.1670870795870805	0.0
tRNA-Cys-GCA-13-1	24	51	4.1670870795870805	0.0
tRNA-Cys-GCA-9-4	24	51	4.1670870795870805	0.0
tRNA-Cys-GCA-9-2	24	51	4.1670870795870805	0.0
tRNA-Cys-GCA-9-3	24	51	4.1670870795870805	0.0
tRNA-Cys-GCA-9-1	24	51	4.1670870795870805	0.0
tRNA-Cys-GCA-10-1	24	51	4.1670870795870805	0.0
tRNA-Lys-TTT-15-1	4	4	4.0	0.0
tRNA-Met-CAT-5-1	8	15	3.8571428571428568	0.0
tRNA-Und-NNN-4-1	14	33	3.6666666666666674	0.0
tRNA-Tyr-GTA-1-1	8	10	3.4454887218045114	0.0
tRNA-Tyr-GTA-5-5	14	19	3.4444444444444438	0.0
tRNA-Gln-TTG-4-1	8	28	3.435897435897436	0.0
tRNA-Lys-CTT-10-1	7	7	3.338095238095238	0.0
tRNA-Asn-GTT-6-1	11	14	3.2111111111111117	0.0
tRNA-Gly-TCC-3-1	10	12	3.197222222222222	0.0
tRNA-Ala-AGC-8-1	5	7	3.1666666666666665	0.0
tRNA-Ala-AGC-8-2	5	7	3.1666666666666665	0.0
tRNA-Lys-CTT-5-1	16	20	3.1403540903540903	0.0
tRNA-Leu-CAA-1-2	7	11	3.1	0.0
tRNA-Leu-CAA-1-1	7	11	3.1	0.0
tRNA-Met-CAT-3-2	9	16	3.0238095238095237	0.0
tRNA-Met-CAT-3-1	9	16	3.0238095238095237	0.0
tRNA-SeC-TCA-2-1	5	5	3.0	0.0
tRNA-Gly-TCC-4-1	10	20	2.793650793650793	0.0
tRNA-Cys-GCA-7-1	5	8	2.6333333333333333	0.0
tRNA-Tyr-GTA-2-1	10	14	2.6121553884711775	0.0
tRNA-Gly-GCC-6-1	3	5	2.5	0.0
tRNA-Tyr-GTA-8-1	7	9	2.4454887218045114	0.0
tRNA-Tyr-GTA-5-4	13	18	2.444444444444444	0.0
tRNA-Tyr-GTA-5-3	13	18	2.444444444444444	0.0
tRNA-Tyr-GTA-5-2	13	18	2.444444444444444	0.0
tRNA-Tyr-GTA-5-1	13	18	2.444444444444444	0.0
tRNA-Arg-CCG-1-3	6	8	2.4166666666666665	0.0
tRNA-Arg-CCG-1-2	6	8	2.4166666666666665	0.0
tRNA-Arg-CCG-1-1	6	8	2.4166666666666665	0.0
tRNA-Arg-ACG-1-3	6	10	2.380952380952381	0.0
tRNA-Arg-ACG-1-1	6	10	2.380952380952381	0.0
tRNA-Arg-ACG-1-2	6	10	2.380952380952381	0.0
tRNA-Leu-TAA-1-1	4	5	2.375	0.0
tRNA-Arg-CCT-5-1	10	12	2.3333333333333335	0.0
tRNA-Lys-CTT-chr7-30	15	20	2.3236874236874234	0.0
tRNA-Tyr-GTA-7-1	9	12	2.2777777777777777	0.0
tRNA-Arg-TCT-1-1	6	7	2.2	0.0
tRNA-Met-CAT-4-3	7	14	2.0238095238095237	0.0
tRNA-Met-CAT-4-1	7	14	2.0238095238095237	0.0
tRNA-Met-CAT-4-2	7	14	2.0238095238095237	0.0
tRNA-Met-CAT-2-1	7	14	2.0238095238095237	0.0
tRNA-Leu-TAG-2-1	9	13	2.01991341991342	0.0
tRNA-Thr-CGT-chr1-118	1	2	2.0	0.0
tRNA-Asn-GTT-21-1	2	2	2.0	0.0
tRNA-Arg-TCT-2-1	6	9	1.95	0.0
tRNA-Arg-TCT-5-1	6	9	1.95	0.0
tRNA-Cys-GCA-chr11-21	14	27	1.9204670329670328	0.0
tRNA-Asn-GTT-2-1	15	17	1.7040404040404045	0.0
tRNA-Asn-GTT-2-2	15	17	1.7040404040404045	0.0
tRNA-Asn-GTT-2-3	15	17	1.7040404040404045	0.0
tRNA-Asn-GTT-2-4	15	17	1.7040404040404045	0.0
tRNA-Asn-GTT-2-5	15	17	1.7040404040404045	0.0
tRNA-Asn-GTT-2-6	15	17	1.7040404040404045	0.0
tRNA-Phe-GAA-1-6	11	12	1.6004329004329005	0.0
tRNA-Phe-GAA-1-1	11	12	1.6004329004329005	0.0
tRNA-Phe-GAA-1-2	11	12	1.6004329004329005	0.0
tRNA-Phe-GAA-1-3	11	12	1.6004329004329005	0.0
tRNA-Phe-GAA-1-4	11	12	1.6004329004329005	0.0
tRNA-Phe-GAA-1-5	11	12	1.6004329004329005	0.0
tRNA-Lys-TTT-2-1	10	11	1.5843776106934	0.0
tRNA-Lys-TTT-1-1	10	11	1.5843776106934	0.0
tRNA-Leu-AAG-4-1	4	5	1.5714285714285714	0.0
tRNA-Cys-GCA-17-1	13	22	1.5700396825396823	0.0
tRNA-Val-CAC-6-1	7	8	1.5690359477124183	0.0
tRNA-Tyr-GTA-chr1-127	4	4	1.4999999999999998	0.0
tRNA-Tyr-GTA-chr21-2	4	4	1.4999999999999998	0.0
tRNA-Cys-GCA-22-1	12	21	1.4589285714285711	0.0
tRNA-Cys-GCA-20-1	12	21	1.4589285714285711	0.0
tRNA-Tyr-GTA-3-1	5	7	1.4454887218045114	0.0
tRNA-Asn-GTT-1-1	11	13	1.281818181818182	0.0
tRNA-Tyr-GTA-4-1	8	11	1.2777777777777777	0.0
tRNA-Tyr-GTA-6-1	8	11	1.2777777777777777	0.0
tRNA-Asn-GTT-3-1	10	12	1.2222222222222223	0.0
tRNA-Asn-GTT-3-2	10	12	1.2222222222222223	0.0
tRNA-Lys-CTT-15-1	2	3	1.2	0.0
tRNA-Ser-ACT-1-1	3	4	1.2	0.0
tRNA-Leu-CAA-3-1	4	7	1.1	0.0
tRNA-Leu-CAA-2-1	4	7	1.1	0.0
tRNA-Phe-GAA-10-1	3	3	1.0909090909090908	0.0
tRNA-Arg-TCG-3-1	5	5	1.0833333333333333	0.0
tRNA-Ala-AGC-20-1	1	1	1.0	0.0
tRNA-Tyr-GTA-chr14-8	3	3	1.0	0.0
tRNA-Lys-CTT-9-1	1	1	1.0	0.0
tRNA-Ala-AGC-23-1	1	1	1.0	0.0
tRNA-Phe-GAA-8-1	1	1	1.0	0.0
tRNA-Sup-CTA-chr5-1	1	1	1.0	0.0
tRNA-Sup-TTA-1-1	6	7	0.9722222222222222	0.0
tRNA-Arg-ACG-2-3	5	6	0.9642857142857142	0.0
tRNA-Arg-ACG-2-2	5	6	0.9642857142857142	0.0
tRNA-Arg-ACG-2-4	5	6	0.9642857142857142	0.0
tRNA-Arg-ACG-2-1	5	6	0.9642857142857142	0.0
tRNA-Cys-GCA-3-1	4	11	0.8717948717948718	0.0
tRNA-Cys-GCA-16-1	4	11	0.8717948717948718	0.0
tRNA-Thr-TGT-4-1	2	3	0.8333333333333333	0.0
tRNA-Thr-TGT-5-1	2	3	0.8333333333333333	0.0
tRNA-Tyr-GTA-9-1	5	7	0.7777777777777777	0.0
tRNA-Phe-GAA-2-1	7	7	0.7670995670995671	0.0
tRNA-Lys-CTT-12-1	7	8	0.7649572649572649	0.0
tRNA-Lys-CTT-chr16-1	7	8	0.7649572649572649	0.0
tRNA-Thr-CGT-3-1	2	3	0.75	0.0
tRNA-Thr-AGT-6-1	2	3	0.75	0.0
tRNA-Thr-AGT-2-2	2	3	0.75	0.0
tRNA-Thr-AGT-2-1	2	3	0.75	0.0
tRNA-Asn-GTT-4-1	7	7	0.6818181818181819	0.0
tRNA-Phe-GAA-3-1	6	6	0.6242424242424243	0.0
tRNA-Phe-GAA-6-1	6	6	0.6242424242424243	0.0
tRNA-Lys-TTT-14-1	2	2	0.6111111111111112	0.0
tRNA-Ala-AGC-22-1	2	2	0.5	0.0
tRNA-Thr-TGT-3-1	1	2	0.5	0.0
tRNA-Thr-TGT-2-1	1	2	0.5	0.0
tRNA-Asn-GTT-5-1	5	5	0.4929292929292929	0.0
tRNA-Lys-CTT-16-1	3	3	0.49166666666666664	0.0
tRNA-Lys-TTT-7-1	2	2	0.47619047619047616	0.0
tRNA-Ser-CGA-4-1	4	5	0.475	0.0
tRNA-Trp-CCA-5-1	2	2	0.4	0.0
tRNA-Trp-CCA-3-2	2	2	0.4	0.0
tRNA-Trp-CCA-3-1	2	2	0.4	0.0
tRNA-Trp-CCA-3-3	2	2	0.4	0.0
tRNA-Trp-CCA-1-1	2	2	0.4	0.0
tRNA-Cys-GCA-18-1	5	6	0.38749999999999996	0.0
tRNA-Ser-TGA-1-1	2	3	0.375	0.0
tRNA-Leu-TAA-2-1	2	3	0.375	0.0
tRNA-Leu-TAA-3-1	2	3	0.375	0.0
tRNA-Leu-TAA-4-1	2	3	0.375	0.0
tRNA-Ser-CGA-2-1	2	3	0.375	0.0
tRNA-Ser-CGA-1-1	2	3	0.375	0.0
tRNA-Lys-TTT-11-1	3	3	0.369047619047619	0.0
tRNA-Arg-TCG-5-1	2	2	0.3333333333333333	0.0
tRNA-Arg-TCG-2-1	2	2	0.3333333333333333	0.0
tRNA-Arg-TCG-4-1	2	2	0.3333333333333333	0.0
tRNA-Arg-TCG-6-1	2	2	0.3333333333333333	0.0
tRNA-Arg-TCG-1-1	2	2	0.3333333333333333	0.0
tRNA-Leu-TAG-3-1	2	3	0.3333333333333333	0.0
tRNA-Ala-AGC-13-2	1	1	0.3333333333333333	0.0
tRNA-Ala-AGC-13-1	1	1	0.3333333333333333	0.0
tRNA-Thr-TGT-6-1	1	1	0.3333333333333333	0.0
tRNA-Lys-CTT-14-1	3	4	0.3205128205128205	0.0
tRNA-Ile-AAT-7-2	3	4	0.3111111111111111	0.0
tRNA-Ile-AAT-7-1	3	4	0.3111111111111111	0.0
tRNA-Ile-AAT-5-5	3	4	0.3111111111111111	0.0
tRNA-Ile-AAT-5-4	3	4	0.3111111111111111	0.0
tRNA-Ile-AAT-5-3	3	4	0.3111111111111111	0.0
tRNA-Ile-AAT-5-2	3	4	0.3111111111111111	0.0
tRNA-Ile-AAT-5-1	3	4	0.3111111111111111	0.0
tRNA-Ile-AAT-1-1	3	4	0.3111111111111111	0.0
tRNA-Asn-GTT-7-1	3	3	0.30000000000000004	0.0
tRNA-Phe-GAA-5-1	3	3	0.2909090909090909	0.0
tRNA-Lys-CTT-8-1	2	3	0.23717948717948717	0.0
tRNA-Ile-AAT-6-1	2	3	0.2	0.0
tRNA-Ile-AAT-2-1	2	3	0.2	0.0
tRNA-Ile-AAT-4-1	2	3	0.2	0.0
tRNA-Ile-GAT-1-1	2	3	0.2	0.0
tRNA-Ile-GAT-1-3	2	3	0.2	0.0
tRNA-Ile-GAT-1-2	2	3	0.2	0.0
tRNA-Glu-TTC-7-1	2	2	0.19090909090909092	0.0
tRNA-Cys-GCA-12-1	3	3	0.1875	0.0
tRNA-Leu-AAG-6-1	2	2	0.18181818181818182	0.0
tRNA-Asn-GTT-9-2	2	2	0.18181818181818182	0.0
tRNA-Asn-GTT-9-1	2	2	0.18181818181818182	0.0
tRNA-Lys-TTT-8-1	2	2	0.16666666666666666	0.0
tRNA-Ala-AGC-9-1	1	1	0.16666666666666666	0.0
tRNA-Ala-AGC-9-2	1	1	0.16666666666666666	0.0
tRNA-Asp-GTC-4-1	2	2	0.16025641025641024	0.0
tRNA-Pro-AGG-3-1	3	3	0.14786967418546365	0.0
tRNA-Leu-CAG-chr9-3	1	1	0.125	0.0
tRNA-Ile-AAT-8-1	1	1	0.1111111111111111	0.0
tRNA-Glu-CTC-5-1	1	1	0.1111111111111111	0.0
tRNA-Leu-CAG-chr9-7	1	2	0.1	0.0
tRNA-Leu-CAA-6-1	1	2	0.1	0.0
tRNA-Phe-GAA-4-1	1	1	0.09090909090909091	0.0
tRNA-Val-AAC-7-1	1	1	0.05555555555555555	0.0
tRNA-Ser-GCT-6-1	1	1	0.05263157894736842	0.0
