GeneSymbol	uniqueReadCount	totalReadCount	multimapAdjustedReadCount	multimapAdjustedBarcodeCount
LUZP2	7	167	167.0	0.0
CTD-2328D6.1	94	152	152.0	0.0
RBBP7	12	116	116.0	0.0
AC010970.2	55	103	101.5	0.0
TBC1D8B	154	292	91.6535714285714	0.0
RP11-259O2.3	146	282	88.74285714285712	0.0
SLC38A6	146	283	87.82619047619046	0.0
HIF1AN	6	67	67.0	0.0
HSPA8P20	19	48	47.0	0.0
KSR2	5	33	32.5	0.0
KCNQ1OT1	55	75	29.535714285714278	0.0
KDM3B	8	28	28.0	0.0
PPP2R2A	5	24	24.0	0.0
MT-ND4	18	21	18.833333333333332	0.0
MT-ND5	16	19	18.0	0.0
RP11-346D14.1	27	30	17.442857142857143	0.0
RYK	6	17	17.0	0.0
MROH2B	10	17	17.0	0.0
RP11-677M14.7	8	17	17.0	0.0
MUC12	8	16	16.0	0.0
GNPDA1	5	15	15.0	0.0
RP1-140C12.2	4	14	14.0	0.0
SMC1A	4	12	12.0	0.0
MT-TQ	4	12	12.0	0.0
ESRG	9	16	12.0	0.0
HHLA1	11	13	11.75	0.0
RP4-712E4.1	4	23	11.5	0.0
RP4-712E4.2	4	23	11.5	0.0
ZNF859P	4	11	11.0	0.0
SLC12A9	2	11	11.0	0.0
C1orf51	5	11	10.999999999999996	0.0
RP11-142G1.3	27	38	10.75952380952381	0.0
MYO1F	4	10	10.333333333333334	0.0
IL16	6	10	10.000000000000004	0.0
RP11-38P22.2	4	10	10.0	0.0
RP11-87E22.2	5	10	10.0	0.0
FCGR2A	7	10	10.0	0.0
MT-CO2	8	10	9.5	0.0
RPAP2	16	19	9.45	0.0
SOD2	7	11	9.166666666666668	0.0
HP	2	9	9.0	0.0
TTI2	8	9	9.0	0.0
ESYT1	5	9	9.0	0.0
CCDC125	9	10	8.0	0.0
TTC39B	5	8	8.0	0.0
KIAA1328	14	15	7.659523809523808	0.0
MIPOL1	16	19	7.276190476190476	0.0
MT-CYB	8	8	7.25	0.0
UGDH-AS1	13	13	7.041666666666666	0.0
KCTD11	2	7	7.0	0.0
LURAP1L	2	7	7.0	0.0
CMTM7	3	7	7.0	0.0
RP11-727A23.10	7	7	7.0	0.0
EHMT1	2	6	7.0	0.0
CAPN2	2	7	7.0	0.0
PHF14	3	7	7.0	0.0
SULT1C2	4	6	6.999999999999999	0.0
SAFB	5	7	6.8999999999999995	0.0
MEF2BNB	6	7	6.5	0.0
ADAMTSL3	11	14	6.476190476190475	0.0
RP11-946L20.4	8	10	6.333333333333334	0.0
AC072062.1	6	7	6.2	0.0
INCA1	2	6	6.000000000000001	0.0
C10orf76	3	6	6.0	0.0
AP000462.1	2	6	6.0	0.0
IP6K1	4	6	6.0	0.0
DNAJC11	1	6	6.0	0.0
CDC37	2	6	6.0	0.0
SLC14A2	1	6	6.0	0.0
HYLS1	4	6	6.0	0.0
RP11-617J18.1	1	6	6.0	0.0
RN7SL694P	2	6	6.0	0.0
TOR3A	3	6	6.0	0.0
ARHGAP39	2	6	6.0	0.0
NAV2	2	6	5.999999999999999	0.0
MTND4P12	7	7	5.5	0.0
HSD17B7P2	2	7	5.5	0.0
LINC00504	7	7	5.166666666666666	0.0
PXDN	2	3	5.071428571428571	0.0
CTD-2247C11.4	2	5	5.0	0.0
PI4K2A	3	5	5.0	0.0
YTHDF1P1	1	5	5.0	0.0
PTPRQ	11	16	4.95	0.0
AL590867.1	9	9	4.910714285714286	0.0
TPTEP1	6	7	4.875	0.0
MTRF1L	2	6	4.8	0.0
MT-RNR2	5	5	4.333333333333334	0.0
TFPI	4	5	4.333333333333334	0.0
C5orf45	2	4	4.166666666666667	0.0
GGT1	4	7	4.095	0.0
MTRR	3	4	4.000000000000001	0.0
LINC00174	4	4	4.0	0.0
ORC4	3	4	4.0	0.0
CASP8AP2	2	4	4.0	0.0
OC90	1	4	4.0	0.0
CHADL	2	4	4.0	0.0
TPH1	1	4	4.0	0.0
POGK	2	4	4.0	0.0
MT-TP	3	4	4.0	0.0
ENPEP	2	4	4.0	0.0
ZNF296	2	4	4.0	0.0
PRKAG1	1	2	4.0	0.0
DIAPH2	3	4	4.0	0.0
WHAMMP3	2	4	4.0	0.0
CAV2	1	3	4.0	0.0
CTD-2540B15.6	1	4	4.0	0.0
RP11-1060J15.4	3	4	4.0	0.0
RP13-254B10.1	2	4	4.0	0.0
OR8J2	1	4	4.0	0.0
TMEM131	3	4	4.0	0.0
ZNF507	1	4	4.0	0.0
LA16c-381G6.1	1	4	4.0	0.0
SLITRK2	2	4	4.0	0.0
DDX39B	3	4	4.0	0.0
RP11-597K23.2	2	4	4.0	0.0
NUP205	1	3	4.0	0.0
LIMA1	3	4	4.0	0.0
MT-TS1	3	4	4.0	0.0
LARS2	2	4	4.0	0.0
FCGR2C	4	4	4.0	0.0
RP11-244H3.1	2	4	4.0	0.0
SNX29P2	4	4	4.0	0.0
NXPE1	3	4	4.0	0.0
TTC39A	1	3	3.875	0.0
RP11-112N13.1	5	5	3.611111111111111	0.0
PDZRN4	3	4	3.5	0.0
LINC00263	2	7	3.5	0.0
TSIX	4	4	3.5	0.0
PGPEP1	3	4	3.3333333333333335	0.0
AGBL2	2	4	3.333333333333333	0.0
MORC4	7	9	3.077380952380952	0.0
TRAPPC13	3	3	3.000000000000001	0.0
ECD	2	3	3.0000000000000004	0.0
ATG4C	1	2	3.0000000000000004	0.0
B3GNT2	2	3	3.0	0.0
TLR2	1	3	3.0	0.0
TPH2	1	3	3.0	0.0
RPH3AL	2	3	3.0	0.0
LAMC1	1	3	3.0	0.0
KMT2C	2	3	3.0	0.0
LPIN2	2	3	3.0	0.0
AC108004.2	1	3	3.0	0.0
SGTA	3	3	3.0	0.0
ELAVL1	1	3	3.0	0.0
ZNF267	2	3	3.0	0.0
CREG2	2	3	3.0	0.0
RP11-478P10.1	1	3	3.0	0.0
LINC00271	1	3	3.0	0.0
KLHL10	1	3	3.0	0.0
TMEM68	1	3	3.0	0.0
CCDC39	2	3	3.0	0.0
ITGB8	1	2	3.0	0.0
YWHAG	3	3	3.0	0.0
GGTLC1	3	3	3.0	0.0
ATG13	1	2	3.0	0.0
MT-CO1	2	4	3.0	0.0
NKAPP1	2	3	3.0	0.0
RLIMP1	2	3	3.0	0.0
GABRE	1	3	3.0	0.0
LZTFL1	3	3	3.0	0.0
TMEM104	3	3	3.0	0.0
DKFZP434E1119	1	3	3.0	0.0
CUL3	1	3	3.0	0.0
ITSN2	1	3	3.0	0.0
LAT2	2	3	3.0	0.0
PI4K2B	2	3	3.0	0.0
CIT	1	3	3.0	0.0
MEX3D	3	3	3.0	0.0
POLR3E	2	3	3.0	0.0
ADD2	1	3	3.0	0.0
ZKSCAN1	1	3	3.0	0.0
RASSF8-AS1	1	3	3.0	0.0
AJAP1	1	3	3.0	0.0
MAT2B	1	3	3.0	0.0
AC159540.1	3	3	3.0	0.0
HSCB	2	3	3.0	0.0
PRPF40A	1	2	3.0	0.0
FAM163A	3	3	3.0	0.0
CTDSPL2	2	3	3.0	0.0
LINC00649	1	3	3.0	0.0
RMND5B	2	3	3.0	0.0
ARHGAP21	1	3	3.0	0.0
TRIM41	1	3	3.0	0.0
GPM6B	2	3	3.0	0.0
RP11-336K24.12	2	3	3.0	0.0
TP53BP1	2	3	3.0	0.0
PTPLAD2	3	3	3.0	0.0
WASH5P	3	3	3.0	0.0
ANKRD34A	1	3	3.0	0.0
ACADL	2	3	3.0	0.0
RP11-181G12.2	2	3	3.0	0.0
RP11-284J1.1	2	3	3.0	0.0
BMPR2	3	3	3.0	0.0
MIB2	1	3	3.0	0.0
FNTA	2	3	3.0	0.0
USP42	2	3	3.0	0.0
RNF19A	2	3	3.0	0.0
CTD-2013M15.1	1	3	3.0	0.0
AC103828.1	2	3	3.0	0.0
GDNF-AS1	1	2	3.0	0.0
ZNF792	2	3	3.0	0.0
LRRC9	3	3	3.0	0.0
LUC7L	2	3	2.9999999999999996	0.0
SERAC1	2	3	2.9999999999999996	0.0
LHCGR	1	3	2.9999999999999996	0.0
ARHGEF28	1	2	2.9999999999999996	0.0
RP11-47I22.3	4	5	2.8666666666666667	0.0
RP11-17A4.2	5	7	2.833333333333333	0.0
REXO1L1	3	4	2.833333333333333	0.0
NMNAT1	2	3	2.8	0.0
PLOD1	1	2	2.75	0.0
HINFP	1	2	2.6666666666666665	0.0
FAM228B	6	6	2.6523809523809523	0.0
NAV3	4	5	2.5	0.0
PPIP5K2	3	3	2.5	0.0
MBOAT2	2	3	2.5	0.0
RP11-314D7.2	4	5	2.5	0.0
WARS2-IT1	3	3	2.5	0.0
PLD1	1	2	2.5	0.0
TANGO2	1	2	2.4545454545454546	0.0
NKX2-5	1	4	2.4000000000000004	0.0
AFF2	1	3	2.4	0.0
PEAK1	3	3	2.3333333333333335	0.0
METTL3	1	2	2.333333333333333	0.0
GPR75-ASB3	3	3	2.25	0.0
RP11-461G12.2	2	3	2.25	0.0
TBC1D32	4	6	2.25	0.0
AP000354.4	4	6	2.165	0.0
RP11-703G6.1	7	7	2.0595238095238093	0.0
KTN1	1	2	2.0000000000000004	0.0
DNMT3A	2	2	2.0000000000000004	0.0
CD22	2	2	2.0000000000000004	0.0
BRWD1	1	2	2.0000000000000004	0.0
RP11-752L20.5	2	2	2.0	0.0
NPAS3	2	2	2.0	0.0
GSG1L	2	2	2.0	0.0
NAIP	1	2	2.0	0.0
PSME1	2	2	2.0	0.0
CTSW	1	2	2.0	0.0
MPP6	2	2	2.0	0.0
LDB3	2	2	2.0	0.0
WBSCR16	1	2	2.0	0.0
ARL13B	1	2	2.0	0.0
ABHD14A	2	2	2.0	0.0
EVC	1	2	2.0	0.0
PDDC1	1	2	2.0	0.0
SRRM3	1	2	2.0	0.0
NLN	1	2	2.0	0.0
ABCC4	1	2	2.0	0.0
HERC4	1	2	2.0	0.0
CSRP1	1	2	2.0	0.0
MT-TE	2	2	2.0	0.0
AGBL5	2	2	2.0	0.0
SKA1	2	2	2.0	0.0
USP8P1	1	2	2.0	0.0
SAG	1	2	2.0	0.0
AP000688.1	1	2	2.0	0.0
TCEANC2	2	2	2.0	0.0
FAM20B	1	2	2.0	0.0
AC018799.1	1	2	2.0	0.0
SNED1	2	2	2.0	0.0
CYP4A11	1	2	2.0	0.0
PWP2	1	2	2.0	0.0
TMEM45B	1	2	2.0	0.0
RP11-338K13.1	1	2	2.0	0.0
RP11-692C24.2	2	2	2.0	0.0
RNH1	1	2	2.0	0.0
KMT2A	2	2	2.0	0.0
RP11-49C9.2	2	2	2.0	0.0
DCAF17	2	2	2.0	0.0
RP3-468B3.2	1	2	2.0	0.0
NDUFS7	1	2	2.0	0.0
FEV	2	2	2.0	0.0
RP11-325E5.1	2	2	2.0	0.0
KCNA5	1	2	2.0	0.0
INTU	2	2	2.0	0.0
RBL1	1	2	2.0	0.0
LINC00937	1	2	2.0	0.0
SLC2A8	1	2	2.0	0.0
RP11-20D14.6	2	2	2.0	0.0
WWTR1	1	2	2.0	0.0
RTKN	1	2	2.0	0.0
GTF2H3	2	2	2.0	0.0
DHTKD1	1	2	2.0	0.0
GSN-AS1	1	2	2.0	0.0
ZNF616	1	2	2.0	0.0
OFD1P17	1	2	2.0	0.0
CTD-2184D3.7	1	2	2.0	0.0
PSMD5-AS1	1	2	2.0	0.0
RP4-791M13.5	1	2	2.0	0.0
SDHCP2	2	2	2.0	0.0
HSD3BP5	2	2	2.0	0.0
LSM11	1	2	2.0	0.0
RP11-395B7.7	1	2	2.0	0.0
AL928742.12	1	2	2.0	0.0
FAM135B	1	2	2.0	0.0
TDRD12	2	2	2.0	0.0
UBE3C	1	2	2.0	0.0
UBE2O	1	2	2.0	0.0
RP11-48B3.3	2	2	2.0	0.0
LINC00410	2	2	2.0	0.0
DISC1-IT1	1	2	2.0	0.0
LMTK2	1	2	2.0	0.0
CSMD2	1	2	2.0	0.0
ZC3H4	1	2	2.0	0.0
ITGB2-AS1	2	2	2.0	0.0
MS4A1	2	2	2.0	0.0
CAST	2	2	2.0	0.0
AC018890.4	2	2	2.0	0.0
LY75	1	2	2.0	0.0
AC004980.7	1	2	2.0	0.0
C9orf92	1	2	2.0	0.0
PLA2G6	1	2	2.0	0.0
ICAM3	1	2	2.0	0.0
AC016894.1	2	2	2.0	0.0
RP11-162A12.3	2	2	2.0	0.0
TTLL7	1	2	2.0	0.0
GRK1	1	2	2.0	0.0
BHLHE40-AS1	1	2	2.0	0.0
CNIH3	1	2	2.0	0.0
C12orf50	1	1	2.0	0.0
MUCL1	1	2	2.0	0.0
RP11-428G5.7	1	2	2.0	0.0
MN1	2	2	2.0	0.0
RP11-243A14.2	1	2	2.0	0.0
CYP3A5	1	1	2.0	0.0
DSC1	1	2	2.0	0.0
AC131971.1	2	2	2.0	0.0
COL5A1	1	2	2.0	0.0
RAF1	1	2	2.0	0.0
TMEM194A	2	2	2.0	0.0
MAN2A1	1	2	2.0	0.0
KIF15	1	2	2.0	0.0
SLC43A2	1	2	2.0	0.0
OR2T11	1	2	2.0	0.0
MBP	1	2	2.0	0.0
SLC5A10	2	2	2.0	0.0
SYT15	1	2	2.0	0.0
SLC13A2	1	2	2.0	0.0
RP11-76E12.1	1	2	2.0	0.0
GABRP	2	2	2.0	0.0
TTYH2	1	2	2.0	0.0
PTRH2	2	2	2.0	0.0
DNTTIP2	2	2	2.0	0.0
BEND6	1	2	2.0	0.0
MTTP	1	2	2.0	0.0
ETF1	1	2	2.0	0.0
ETFB	1	2	2.0	0.0
SORT1	2	2	2.0	0.0
OSTM1	1	2	2.0	0.0
TMEM107	1	2	2.0	0.0
ELF5	1	1	2.0	0.0
BACH2	1	2	2.0	0.0
AC079354.1	1	2	2.0	0.0
SMURF1	1	2	2.0	0.0
GOLGA6L4	1	1	2.0	0.0
AC092484.1	1	2	2.0	0.0
RECQL5	1	2	2.0	0.0
GCSH	1	2	2.0	0.0
SERPINF1	1	2	2.0	0.0
FAM211B	2	2	2.0	0.0
HSPA8P9	3	3	2.0	0.0
TRHDE-AS1	1	2	2.0	0.0
GRIN3B	1	2	2.0	0.0
TNFRSF19	2	2	2.0	0.0
KLHL7-AS1	2	2	2.0	0.0
MINK1	2	2	2.0	0.0
LTA	1	2	2.0	0.0
ACYP2	1	1	2.0	0.0
HSP90AB1	1	2	2.0	0.0
HOXB7	2	2	2.0	0.0
RP11-770E5.1	1	2	2.0	0.0
LPL	1	2	2.0	0.0
STRBP	1	1	2.0	0.0
TNFRSF14	1	2	2.0	0.0
ITPK1	1	2	2.0	0.0
HNRNPA1P54	2	2	2.0	0.0
CDON	1	2	2.0	0.0
PPP1R26P1	1	2	2.0	0.0
AGO2	1	1	2.0	0.0
FAM98B	2	2	2.0	0.0
USP8	1	2	2.0	0.0
SHROOM3	2	2	2.0	0.0
RP11-359G22.2	1	2	2.0	0.0
HIP1R	1	2	2.0	0.0
HYOU1	2	2	2.0	0.0
AC037445.1	2	2	2.0	0.0
AKAP13	1	2	2.0	0.0
SRSF11	1	2	2.0	0.0
RP11-192M23.1	2	2	2.0	0.0
COL4A3BP	1	2	2.0	0.0
ADCY6	2	2	2.0	0.0
B3GALT5	2	2	2.0	0.0
RN7SL128P	1	2	2.0	0.0
TRANK1	2	2	2.0	0.0
SLC12A3	1	2	2.0	0.0
GPR18	2	2	2.0	0.0
TRPM3	1	2	2.0	0.0
DUOX1	1	2	2.0	0.0
HEXA	2	2	2.0	0.0
RP5-1115A15.1	2	2	2.0	0.0
WIPI2	1	2	2.0	0.0
ALLC	1	2	2.0	0.0
GPR22	1	2	2.0	0.0
MRAP	1	2	2.0	0.0
CAMTA2	2	2	2.0	0.0
SLC34A2	2	2	2.0	0.0
RP13-444H2.1	2	2	2.0	0.0
HES7	2	2	2.0	0.0
CTD-3018O17.3	1	2	2.0	0.0
RP11-382J12.1	2	2	2.0	0.0
HSPA4L	2	2	2.0	0.0
RPS6KA1	1	2	2.0	0.0
RPL24	1	2	2.0	0.0
GPR68	2	2	2.0	0.0
ZNF480	1	2	2.0	0.0
ZSWIM3	1	2	2.0	0.0
MROH8	2	2	2.0	0.0
FBXL16	2	2	2.0	0.0
ANKEF1	2	2	2.0	0.0
LEPROTL1	1	2	2.0	0.0
RP11-375H19.2	1	2	2.0	0.0
SYPL2	1	2	2.0	0.0
PRRC2C	2	2	2.0	0.0
RP11-495P10.6	1	2	2.0	0.0
ACADSB	3	4	2.0	0.0
KIAA1671	2	2	2.0	0.0
CTB-176F20.3	1	2	2.0	0.0
CTA-384D8.36	1	2	2.0	0.0
RP11-349A22.5	1	2	2.0	0.0
PTPRM	1	2	2.0	0.0
SYK	2	2	2.0	0.0
KAZALD1	1	2	2.0	0.0
LINC00094	1	2	2.0	0.0
TRIB2	2	2	2.0	0.0
FRK	1	2	2.0	0.0
EML1	1	2	2.0	0.0
ARHGAP29	1	1	2.0	0.0
DDR2	2	2	2.0	0.0
GABRA6	2	2	2.0	0.0
CEP95	1	1	2.0	0.0
LINC00635	1	2	2.0	0.0
XXyac-YM21GA2.3	2	2	2.0	0.0
TTC21A	1	2	2.0	0.0
C9orf147	1	2	2.0	0.0
APOBEC3G	2	2	2.0	0.0
ZFP36L1	1	2	2.0	0.0
DCHS1	2	2	2.0	0.0
RN7SL34P	1	2	2.0	0.0
LIMS2	2	2	2.0	0.0
DCHS2	1	2	2.0	0.0
RP13-314C10.5	1	2	2.0	0.0
PIH1D2	1	2	2.0	0.0
CTBP2	1	2	2.0	0.0
CCNO	2	2	2.0	0.0
GPR162	1	2	2.0	0.0
AHDC1	1	2	2.0	0.0
AC018717.2	1	2	2.0	0.0
C4orf32	1	2	2.0	0.0
RP11-138A9.2	2	2	2.0	0.0
snoU13.294	1	2	2.0	0.0
ST6GAL2	1	2	2.0	0.0
AC015971.2	1	2	2.0	0.0
OTP	1	2	2.0	0.0
DEAF1	2	2	2.0	0.0
TRABD2A	1	2	2.0	0.0
PROSER1	1	2	2.0	0.0
TMC2	1	2	2.0	0.0
BRK1	1	2	2.0	0.0
ADH6	2	2	2.0	0.0
ACTBP6	1	2	2.0	0.0
AL356475.1	1	2	2.0	0.0
MAPRE3	2	2	2.0	0.0
FSIP2	1	1	2.0	0.0
KCTD21-AS1	1	2	2.0	0.0
SLC45A2	1	2	2.0	0.0
RP11-580P21.1	1	2	2.0	0.0
HDAC4	1	2	2.0	0.0
PDZD7	2	2	2.0	0.0
RP11-89F17.5	2	2	2.0	0.0
IL12RB1	2	2	2.0	0.0
EPM2AIP1	2	2	2.0	0.0
MAMDC4	1	2	2.0	0.0
FBXO15	1	2	2.0	0.0
BICD1	2	2	2.0	0.0
BICD2	1	2	2.0	0.0
FMO5	2	2	2.0	0.0
MT-ND4L	2	2	2.0	0.0
UGDH	1	2	2.0	0.0
APC2	2	2	2.0	0.0
RP11-482M8.1	1	2	2.0	0.0
BRD9	1	2	2.0	0.0
RP11-350J20.5	2	2	2.0	0.0
SCIMP	2	2	2.0	0.0
RP1-102H19.8	1	2	2.0	0.0
RP5-884M6.1	2	2	2.0	0.0
TAOK1	2	2	2.0	0.0
BCYRN1	2	2	2.0	0.0
BARHL1	1	2	2.0	0.0
RP11-395I6.2	1	2	2.0	0.0
EFCAB11	1	2	2.0	0.0
VPS4A	2	2	2.0	0.0
GDA	1	2	2.0	0.0
STRA13	1	2	1.9999999999999998	0.0
RNPEP	1	1	1.9999999999999998	0.0
KREMEN2	2	2	1.9999999999999998	0.0
ZBTB43	2	2	1.9999999999999998	0.0
CEP85L	1	2	1.9999999999999998	0.0
C8orf34	2	2	1.9999999999999998	0.0
SLC51A	2	2	1.9999999999999998	0.0
ARHGAP25	1	2	1.9999999999999998	0.0
COA5	1	1	1.9999999999999998	0.0
AGTRAP	2	2	1.9999999999999996	0.0
ANO1	1	2	1.9999999999999996	0.0
CTD-2313F11.1	2	2	1.9999999999999996	0.0
MARS	1	2	1.9999999999999996	0.0
ZMYND8	2	2	1.9999999999999993	0.0
CCNL1	1	1	1.9999999999999993	0.0
HTN1	4	4	1.8611111111111112	0.0
TRIM22	7	8	1.7333333333333334	0.0
PLCD4	2	2	1.6666666666666665	0.0
NME7	2	3	1.6666666666666665	0.0
TBL1X	1	1	1.6666666666666665	0.0
PHLPP2	2	3	1.6666666666666665	0.0
NKX2-6	1	4	1.6	0.0
CTD-2521M24.9	1	2	1.6	0.0
FAM198A	1	2	1.6	0.0
APOO	1	2	1.6	0.0
RPL36A	1	3	1.5999999999999999	0.0
MAB21L3	5	5	1.583333333333333	0.0
RP11-501E14.1	3	3	1.5333333333333332	0.0
BLOC1S6	3	3	1.5333333333333332	0.0
CTD-2058B24.2	2	2	1.5	0.0
LCLAT1	2	2	1.5	0.0
PCSK7	1	1	1.5	0.0
CLK3	1	4	1.5	0.0
RP11-256I9.2	2	2	1.5	0.0
SALL1	1	2	1.5	0.0
NPEPPS	1	1	1.5	0.0
AC124789.1	1	2	1.5	0.0
OBSL1	1	2	1.5	0.0
RP11-448A19.1	2	2	1.5	0.0
RCSD1	1	1	1.5	0.0
RAD21-AS1	2	2	1.5	0.0
FCRL5	1	1	1.5	0.0
SUSD1	1	2	1.5	0.0
RP11-770J1.4	2	2	1.5	0.0
DDTL	2	2	1.5	0.0
LRIT3	2	2	1.5	0.0
PCDHB9	2	2	1.5	0.0
FTO	2	2	1.5	0.0
PLAT	2	2	1.5	0.0
MTND1P15	2	3	1.5	0.0
TMEM5	2	2	1.5	0.0
MT-CO3	3	4	1.4722222222222223	0.0
RP11-545I5.3	5	6	1.4107142857142856	0.0
TIPARP	2	3	1.4	0.0
ATP9B	1	1	1.4	0.0
CARD14	2	2	1.375	0.0
BCL7A	2	2	1.3333333333333333	0.0
STRN	2	2	1.3333333333333333	0.0
HECW2	2	3	1.3333333333333333	0.0
RBBP9	2	2	1.3333333333333333	0.0
RP11-57A19.2	2	2	1.3333333333333333	0.0
RP11-430N14.4	2	3	1.3333333333333333	0.0
BMI1	1	2	1.3333333333333333	0.0
CRY1	1	2	1.3333333333333333	0.0
ABO	2	3	1.3333333333333333	0.0
RP11-69I8.2	2	2	1.2857142857142856	0.0
GFOD1	2	2	1.25	0.0
IDH1	1	1	1.25	0.0
NBR1	2	2	1.2	0.0
RP11-756P10.3	2	6	1.2	0.0
AC135983.2	2	2	1.2	0.0
SLC38A9	2	2	1.1666666666666667	0.0
RP11-60L3.1	2	2	1.1666666666666667	0.0
TMEM45A	2	2	1.1428571428571428	0.0
AC016903.1	2	2	1.1111111111111112	0.0
MPLKIP	2	3	1.0909090909090908	0.0
NEDD4	4	4	1.0214285714285714	0.0
ANKAR	1	1	1.0000000000000002	0.0
MLLT4	1	1	1.0000000000000002	0.0
RGS3	1	1	1.0000000000000002	0.0
GART	1	1	1.0000000000000002	0.0
RP11-134K1.2	1	1	1.0	0.0
SLC17A1	1	1	1.0	0.0
SLC6A5	1	1	1.0	0.0
ARL17A	1	1	1.0	0.0
PSMG4	1	1	1.0	0.0
RP11-211G3.2	1	1	1.0	0.0
CPVL	1	1	1.0	0.0
TPMT	1	1	1.0	0.0
AC019109.1	1	1	1.0	0.0
ALYREF	1	1	1.0	0.0
NAV2-AS5	1	1	1.0	0.0
PSTPIP1	1	1	1.0	0.0
DDHD1	1	1	1.0	0.0
ZNF706	1	1	1.0	0.0
CTCFL	1	1	1.0	0.0
RP11-794P6.1	1	1	1.0	0.0
RP11-212D19.5	1	1	1.0	0.0
RP11-603B24.2	1	1	1.0	0.0
SBNO1	1	1	1.0	0.0
ZNF710	1	1	1.0	0.0
AC104809.3	1	1	1.0	0.0
RP11-116D17.2	1	1	1.0	0.0
FAM186B	1	1	1.0	0.0
MPP2	1	1	1.0	0.0
RAB39A	1	1	1.0	0.0
WBSCR17	1	1	1.0	0.0
SNAP25-AS1	1	1	1.0	0.0
SUOX	1	1	1.0	0.0
PSMD6	1	1	1.0	0.0
KLK10	1	1	1.0	0.0
CBR3-AS1	1	1	1.0	0.0
RSPRY1	1	1	1.0	0.0
POU5F2	1	1	1.0	0.0
AC073236.3	1	1	1.0	0.0
KCNQ4	1	1	1.0	0.0
CTTN	1	1	1.0	0.0
POMT2	1	1	1.0	0.0
ACVR1C	1	1	1.0	0.0
TTPA	1	1	1.0	0.0
LINC00559	1	1	1.0	0.0
RAB33B	1	1	1.0	0.0
UST	1	1	1.0	0.0
SESTD1	1	1	1.0	0.0
NDRG3	1	1	1.0	0.0
RP5-933E2.1	1	1	1.0	0.0
MAP4K1	1	1	1.0	0.0
TTTY2	2	3	1.0	0.0
AC106786.1	1	1	1.0	0.0
RP3-333H23.8	1	1	1.0	0.0
LRP10	1	1	1.0	0.0
MAP4K4	1	1	1.0	0.0
RN7SKP113	1	1	1.0	0.0
MMS22L	1	1	1.0	0.0
C10orf25	1	1	1.0	0.0
SRRM2	1	1	1.0	0.0
ANKRD54	1	1	1.0	0.0
UBQLN3	1	1	1.0	0.0
WNT3A	1	1	1.0	0.0
JMJD6	1	1	1.0	0.0
CTC-340A15.2	1	1	1.0	0.0
AC005154.6	1	1	1.0	0.0
OR5J1P	1	1	1.0	0.0
FZD5	1	1	1.0	0.0
CLDN20	1	1	1.0	0.0
AFF3	1	1	1.0	0.0
C20orf166-AS1	1	1	1.0	0.0
RBM28	1	1	1.0	0.0
FAT1	1	1	1.0	0.0
SPEG	1	1	1.0	0.0
STK40	1	1	1.0	0.0
BEST1	1	1	1.0	0.0
LINC00992	1	1	1.0	0.0
UNG	1	1	1.0	0.0
RP11-78H18.2	1	1	1.0	0.0
DNAJC24	1	1	1.0	0.0
ANKRD28	1	1	1.0	0.0
LINC00964	1	1	1.0	0.0
RP11-382D8.5	1	1	1.0	0.0
RP11-526I2.1	1	1	1.0	0.0
ERVMER34-1	1	1	1.0	0.0
DNAJC18	1	1	1.0	0.0
FAR2	1	1	1.0	0.0
NHSL1	1	1	1.0	0.0
RP5-1011O1.3	1	1	1.0	0.0
RP6-91H8.5	1	1	1.0	0.0
CSRNP3	1	1	1.0	0.0
TULP3	1	1	1.0	0.0
LAMA4	1	1	1.0	0.0
CBLC	1	1	1.0	0.0
AC104654.1	1	1	1.0	0.0
MT-TA	1	1	1.0	0.0
DONSON	1	1	1.0	0.0
AC012314.8	1	1	1.0	0.0
INIP	1	1	1.0	0.0
AC137932.1	1	1	1.0	0.0
MT-TN	1	1	1.0	0.0
MT-TT	1	1	1.0	0.0
MACF1	1	1	1.0	0.0
TMCC1	1	1	1.0	0.0
DENND2C	1	1	1.0	0.0
RC3H1-IT1	1	1	1.0	0.0
MRPL47	1	1	1.0	0.0
FER1L4	1	1	1.0	0.0
HUWE1	1	1	1.0	0.0
MGAT1	1	1	1.0	0.0
AC005355.2	1	1	1.0	0.0
GCC2	1	1	1.0	0.0
AP000473.6	1	1	1.0	0.0
RP11-38L15.2	1	1	1.0	0.0
AC010967.3	1	1	1.0	0.0
U2AF1	1	1	1.0	0.0
HOOK2	1	1	1.0	0.0
N4BP2L2	1	1	1.0	0.0
AC016734.1	1	1	1.0	0.0
AC021860.1	1	1	1.0	0.0
C2orf61	1	1	1.0	0.0
BCAS2P2	1	1	1.0	0.0
LYPD3	1	1	1.0	0.0
SMLR1	1	1	1.0	0.0
CCDC114	1	1	1.0	0.0
HOXB-AS4	1	1	1.0	0.0
NF1	1	1	1.0	0.0
CALML3-AS1	1	1	1.0	0.0
MS4A4E	1	1	1.0	0.0
COL4A4	1	1	1.0	0.0
ADAT2	1	1	1.0	0.0
PKD1L2	1	1	1.0	0.0
RP5-886K2.1	1	1	1.0	0.0
RNF6P1	1	1	1.0	0.0
DPF2	1	2	1.0	0.0
ABLIM1	1	1	1.0	0.0
LCP1	1	1	1.0	0.0
CARM1	1	1	1.0	0.0
JAM2	1	1	1.0	0.0
RP11-96K19.4	1	1	1.0	0.0
C14orf79	1	1	1.0	0.0
ZFP28	1	1	1.0	0.0
RP11-15N24.4	1	1	1.0	0.0
RP11-67K19.3	1	1	1.0	0.0
SEC24D	1	1	1.0	0.0
PTDSS1	1	1	1.0	0.0
LOXL4	1	1	1.0	0.0
NBPF1	1	1	1.0	0.0
DCAF10	1	1	1.0	0.0
RAB3IP	1	1	1.0	0.0
ZFYVE20	1	1	1.0	0.0
CHPF2	1	1	1.0	0.0
DPH2	1	1	1.0	0.0
PRKAR1A	1	1	1.0	0.0
RP11-617F23.1	1	1	1.0	0.0
CCPG1	1	1	1.0	0.0
NIN	1	1	1.0	0.0
SEC61A2	1	1	1.0	0.0
RP11-10O22.1	2	2	1.0	0.0
HNRNPF	1	1	1.0	0.0
RP11-262H14.5	1	1	1.0	0.0
TIMP4	1	1	1.0	0.0
EID2	1	1	1.0	0.0
DDX31	1	1	1.0	0.0
KDM2B	1	1	1.0	0.0
RP11-452K12.4	1	1	1.0	0.0
PLK1S1	1	1	1.0	0.0
RBKS	1	1	1.0	0.0
EDARADD	1	1	1.0	0.0
C1orf116	1	1	1.0	0.0
UNC5C	1	1	1.0	0.0
ASPH	1	1	1.0	0.0
SLC2A5	1	1	1.0	0.0
KDM1A	1	1	1.0	0.0
SLC7A7	1	1	1.0	0.0
JAG1	1	1	1.0	0.0
DLK2	1	1	1.0	0.0
STYX	1	1	1.0	0.0
SLC6A20	1	1	1.0	0.0
SPG11	1	1	1.0	0.0
SSR4	1	1	1.0	0.0
RP11-754B17.1	1	1	1.0	0.0
MARCH3	1	1	1.0	0.0
MARCH6	1	1	1.0	0.0
TTC16	1	1	1.0	0.0
SNORD10	2	2	1.0	0.0
ZNF263	1	1	1.0	0.0
RP11-292E2.2	1	1	1.0	0.0
WDR11	1	1	1.0	0.0
ACTG1P11	1	2	1.0	0.0
GBX2	1	1	1.0	0.0
RP4-800M22.2	1	1	1.0	0.0
AC012363.8	1	1	1.0	0.0
UNC79	1	1	1.0	0.0
PCSK1	1	1	1.0	0.0
ZNF655	1	1	1.0	0.0
RAMP2-AS1	1	1	1.0	0.0
ZNF658	1	1	1.0	0.0
HIST1H2AE	1	1	1.0	0.0
REPS2	1	1	1.0	0.0
ZNF275	1	1	1.0	0.0
RP11-523O18.5	1	1	1.0	0.0
CAND1	1	1	1.0	0.0
AC083843.1	1	1	1.0	0.0
PFDN5	1	1	1.0	0.0
PLEKHH2	1	1	1.0	0.0
CIAO1	1	1	1.0	0.0
DARS2	1	1	1.0	0.0
TLE1	1	1	1.0	0.0
MICAL3	1	1	1.0	0.0
ZP2	1	1	1.0	0.0
RP5-821D11.7	1	1	1.0	0.0
LINC00221	1	1	1.0	0.0
MTND4P21	1	1	1.0	0.0
HNF1B	1	1	1.0	0.0
ZNF385A	1	1	1.0	0.0
RWDD4	1	1	1.0	0.0
RP11-30L15.4	1	1	1.0	0.0
WDR66	1	1	1.0	0.0
RP11-28G8.1	1	1	1.0	0.0
CCDC157	1	1	1.0	0.0
PCDH12	1	1	1.0	0.0
PCNT	1	1	1.0	0.0
GAPDHP58	1	1	1.0	0.0
MCF2L2	1	1	1.0	0.0
ADCYAP1	1	1	1.0	0.0
CTIF	1	1	1.0	0.0
MST1	1	1	1.0	0.0
XIST	1	1	1.0	0.0
ZNHIT3	1	1	1.0	0.0
C19orf54	1	1	1.0	0.0
ST14	1	1	1.0	0.0
ZNF236	1	1	1.0	0.0
ZNF234	1	1	1.0	0.0
ERGIC3	1	1	1.0	0.0
C1orf61	1	1	1.0	0.0
WDR91	1	1	1.0	0.0
SKP1	1	1	1.0	0.0
USP32P1	1	1	1.0	0.0
USP32P2	1	1	1.0	0.0
TTC7B	1	1	1.0	0.0
TADA2A	1	1	1.0	0.0
CDCA3	1	1	1.0	0.0
KCNK6	1	1	1.0	0.0
WDR78	1	1	1.0	0.0
PPP1R1C	1	1	1.0	0.0
ANKLE2	1	1	1.0	0.0
RP2	1	1	1.0	0.0
AC110619.2	1	1	1.0	0.0
KLHL34	1	1	1.0	0.0
SLC5A6	1	1	1.0	0.0
DR1	1	1	1.0	0.0
RP11-84A19.2	1	1	1.0	0.0
IRF9	1	1	1.0	0.0
FRRS1	1	2	1.0	0.0
SIRT3	1	1	1.0	0.0
RP11-545A16.1	1	1	1.0	0.0
MAP1B	1	1	1.0	0.0
GEMIN6	1	1	1.0	0.0
MR1	1	1	1.0	0.0
RPS3AP43	1	1	1.0	0.0
KLHL42	1	1	1.0	0.0
MAP10	1	1	1.0	0.0
GLS2	1	1	1.0	0.0
PRND	1	1	1.0	0.0
FAM173A	1	1	1.0	0.0
SMARCAD1	1	1	1.0	0.0
UBE2S	2	2	1.0	0.0
COMMD2	1	1	1.0	0.0
NUCB2	1	1	1.0	0.0
MYT1L	1	1	1.0	0.0
MFN2	1	1	1.0	0.0
RP11-218C14.8	1	1	1.0	0.0
PRKCD	1	1	1.0	0.0
G3BP1	1	1	1.0	0.0
SWSAP1	1	1	1.0	0.0
CTB-31N19.4	1	1	1.0	0.0
Y_RNA.15	1	2	1.0	0.0
RP11-346L1.2	1	1	1.0	0.0
VSIG10	1	1	1.0	0.0
TUBA1C	1	1	1.0	0.0
PILRB	1	1	1.0	0.0
TSKU	1	1	1.0	0.0
HEATR5A	1	1	1.0	0.0
ZCWPW1	1	1	1.0	0.0
MRVI1	1	1	1.0	0.0
METAP2	1	1	1.0	0.0
TROAP	1	1	1.0	0.0
PHF2	1	1	1.0	0.0
ODF3L1	1	1	1.0	0.0
RP11-370I10.2	1	1	1.0	0.0
OBSCN	1	1	1.0	0.0
PLXND1	1	1	1.0	0.0
CORO2B	1	1	1.0	0.0
LIN28A	1	1	1.0	0.0
MVP	1	1	1.0	0.0
AKAP8	1	1	1.0	0.0
RP11-321L2.2	1	1	1.0	0.0
RN7SL15P	1	1	1.0	0.0
C6ORF50	1	1	1.0	0.0
PDRG1	1	1	1.0	0.0
RP11-1018N14.4	1	1	1.0	0.0
PAPPA	1	1	1.0	0.0
GATA2	1	1	1.0	0.0
AC023271.2	1	1	1.0	0.0
FAM179B	1	1	1.0	0.0
SNCAIP	1	1	1.0	0.0
SEPT3	1	1	1.0	0.0
TATDN2P2	1	1	1.0	0.0
TEX10	1	1	1.0	0.0
RP11-234K24.3	1	1	1.0	0.0
RP11-582J16.4	1	1	1.0	0.0
MBOAT7	1	1	1.0	0.0
NBPF18P	1	1	1.0	0.0
RP11-324E6.9	1	1	1.0	0.0
RP4-657D16.3	1	1	1.0	0.0
NLGN2	1	1	1.0	0.0
FUT3	1	1	1.0	0.0
APBA3	1	1	1.0	0.0
CTB-167B5.2	1	1	1.0	0.0
C9orf96	1	1	1.0	0.0
RAB42	1	1	1.0	0.0
PHIP	1	1	1.0	0.0
LARP1B	1	1	1.0	0.0
SLC39A14	1	1	1.0	0.0
RP4-545C24.1	1	1	1.0	0.0
RASSF10	1	1	1.0	0.0
GRM6	1	1	1.0	0.0
RP11-278H7.1	1	1	1.0	0.0
ZDHHC13	1	1	1.0	0.0
EFHC1	1	1	1.0	0.0
AMIGO1	1	1	1.0	0.0
EIF4A1P11	1	1	1.0	0.0
GRM1	1	1	1.0	0.0
MBD5	1	1	1.0	0.0
RP11-138E2.1	1	1	1.0	0.0
FANCG	1	1	1.0	0.0
GPX6	1	1	1.0	0.0
AGPAT5	1	1	1.0	0.0
ATG2B	1	1	1.0	0.0
EVX1-AS	1	1	1.0	0.0
TTLL3	1	1	1.0	0.0
ZEB1	1	1	1.0	0.0
SNORD14A	1	1	1.0	0.0
TAS1R3	1	1	1.0	0.0
ARSI	1	1	1.0	0.0
TTLL8	1	1	1.0	0.0
ZBTB32	1	1	1.0	0.0
NCOR2	1	1	1.0	0.0
BCO2	1	1	1.0	0.0
CLCN7	1	1	1.0	0.0
ERVW-1	1	1	1.0	0.0
GOSR2	1	1	1.0	0.0
ATP2A3	1	1	1.0	0.0
PAXIP1	1	1	1.0	0.0
IFI27	1	1	1.0	0.0
LINC00886	1	1	1.0	0.0
EPHA3	1	1	1.0	0.0
AC006129.4	1	1	1.0	0.0
AC011288.2	1	1	1.0	0.0
UAP1L1	1	1	1.0	0.0
RYBP	1	1	1.0	0.0
RIMS2	1	1	1.0	0.0
STK11IP	1	1	1.0	0.0
HCG18	1	1	1.0	0.0
RP11-181K12.2	1	1	1.0	0.0
PRDM6	1	1	1.0	0.0
CTD-2012K14.6	1	1	1.0	0.0
NKTR	1	1	1.0	0.0
GLCE	1	1	1.0	0.0
RP11-884K10.7	1	1	1.0	0.0
PARP11	1	1	1.0	0.0
TANC1	1	1	1.0	0.0
RAN	1	1	1.0	0.0
RRP7B	1	1	1.0	0.0
GTPBP3	1	1	1.0	0.0
AC015849.19	1	1	1.0	0.0
AC015849.16	1	1	1.0	0.0
SCD5	1	1	1.0	0.0
CTB-152G17.6	1	1	1.0	0.0
CTD-2340E1.2	1	1	1.0	0.0
RAB1A	1	1	1.0	0.0
PRKX	1	1	1.0	0.0
CDKN2AIPNL	1	1	1.0	0.0
DYNC2LI1	1	1	1.0	0.0
GLDN	1	1	1.0	0.0
HMGN2	1	1	1.0	0.0
CHIA	1	1	1.0	0.0
RP11-1072C15.2	1	1	1.0	0.0
CTD-3088G3.8	1	1	1.0	0.0
KLK2	1	1	1.0	0.0
RP11-417J8.1	1	1	1.0	0.0
COL27A1	1	1	1.0	0.0
BRICD5	1	1	1.0	0.0
AC011747.3	1	1	1.0	0.0
SLC47A2	1	1	1.0	0.0
EGLN3	1	1	1.0	0.0
UPP1	1	1	1.0	0.0
SLC35A5	1	2	1.0	0.0
AC009495.2	1	1	1.0	0.0
FHOD1	1	1	1.0	0.0
AL139147.1	1	1	1.0	0.0
RP11-691G17.1	1	1	1.0	0.0
DHRS1	1	1	1.0	0.0
MAN2A2	1	1	1.0	0.0
NEK11	1	1	1.0	0.0
ZNF280A	1	1	1.0	0.0
MAN2B1	1	2	1.0	0.0
CASP8	1	2	1.0	0.0
SLC1A6	1	1	1.0	0.0
PLRG1	1	1	1.0	0.0
SLC1A3	1	1	1.0	0.0
BARX1	1	1	1.0	0.0
AC084125.4	1	1	1.0	0.0
PTOV1-AS1	1	1	1.0	0.0
KRT8P37	1	1	1.0	0.0
DNAJB5	1	1	1.0	0.0
R3HDM1	2	2	1.0	0.0
MUC6	1	1	1.0	0.0
PHACTR3	1	1	1.0	0.0
FKTN	1	1	1.0	0.0
RP4-605O3.4	1	1	1.0	0.0
FKRP	1	1	1.0	0.0
SLC35F3	1	1	1.0	0.0
PDXDC2P	1	1	1.0	0.0
TEAD4	1	1	1.0	0.0
RP11-713N11.3	1	1	1.0	0.0
FCF1P5	1	1	1.0	0.0
ARPC2	1	1	1.0	0.0
OIP5-AS1	1	1	1.0	0.0
ABCA6	1	1	1.0	0.0
ABCA1	1	1	1.0	0.0
ARFGAP2	1	1	1.0	0.0
RP11-165F24.3	1	1	1.0	0.0
ZNF587	1	1	1.0	0.0
RP11-690D19.3	1	1	1.0	0.0
VAMP2	1	1	1.0	0.0
TFAP2A	1	1	1.0	0.0
PNPLA6	1	1	1.0	0.0
XRRA1	1	1	1.0	0.0
RPH3A	1	1	1.0	0.0
PNPLA2	1	1	1.0	0.0
RP11-366L20.2	1	1	1.0	0.0
NBAS	1	1	1.0	0.0
CYGB	1	1	1.0	0.0
RP3-522J7.5	1	1	1.0	0.0
DNAJC9	1	1	1.0	0.0
RP11-452C8.1	1	1	1.0	0.0
TCEAL1	1	1	1.0	0.0
BPHL	1	1	1.0	0.0
RP11-479O9.2	1	1	1.0	0.0
LMO3	1	1	1.0	0.0
CNDP2	1	1	1.0	0.0
LINC00324	1	1	1.0	0.0
ZNF165	1	1	1.0	0.0
HSBP1L1	1	1	1.0	0.0
IL6	1	1	1.0	0.0
PHLDA1	1	1	1.0	0.0
EXOC3	1	1	1.0	0.0
TTTY2B	2	3	1.0	0.0
NUFIP1	1	1	1.0	0.0
GS1-122H1.2	1	1	1.0	0.0
ABI3	1	1	1.0	0.0
PUS10	1	1	1.0	0.0
KIAA1958	1	1	1.0	0.0
SSU72	1	1	1.0	0.0
EEF1D	1	1	1.0	0.0
ZSCAN18	1	1	1.0	0.0
OSBPL10	1	1	1.0	0.0
DOK7	1	1	1.0	0.0
KLRG1	1	1	1.0	0.0
MTMR14	1	1	1.0	0.0
MTMR12	1	1	1.0	0.0
CLIC2	1	1	1.0	0.0
RP11-414H23.2	1	1	1.0	0.0
LYN	1	1	1.0	0.0
RP11-94C24.8	1	1	1.0	0.0
TMCO6	1	1	1.0	0.0
SH3PXD2B	1	1	1.0	0.0
LINC00355	1	1	1.0	0.0
SPIN3	1	1	1.0	0.0
ZNF154	1	1	1.0	0.0
DPP10	1	1	1.0	0.0
SLC20A1	1	1	1.0	0.0
LZTS3	1	1	1.0	0.0
GS1-256O22.1	1	1	1.0	0.0
RP11-36N20.1	1	1	1.0	0.0
SRSF7	1	1	1.0	0.0
SRSF3	1	1	1.0	0.0
NPM1P26	1	1	1.0	0.0
RP11-169F17.1	1	1	1.0	0.0
ZNF521	1	1	1.0	0.0
RN7SL602P	1	1	1.0	0.0
RP11-119F7.5	1	1	1.0	0.0
NAT16	1	1	1.0	0.0
POTEC	1	1	1.0	0.0
LYL1	1	1	1.0	0.0
RP11-573D15.8	1	1	1.0	0.0
ZNF131	1	1	1.0	0.0
RP11-665E10.5	1	1	1.0	0.0
AC113607.1	1	1	1.0	0.0
DCBLD2	1	1	1.0	0.0
CPSF3L	1	1	1.0	0.0
UNC13A	1	1	1.0	0.0
TMEM139	1	1	1.0	0.0
TMEM135	1	1	1.0	0.0
OGFOD1	1	1	1.0	0.0
HMGN2P38	1	1	1.0	0.0
RP11-680H20.2	1	1	1.0	0.0
MED11	1	1	1.0	0.0
OLFML2A	1	1	1.0	0.0
MYLK3	1	1	1.0	0.0
FAXDC2	1	1	1.0	0.0
SHANK2-AS3	1	1	1.0	0.0
ZNF101	1	1	1.0	0.0
Y_RNA.153	1	1	1.0	0.0
GRIN2B	1	1	1.0	0.0
RP11-268G13.1	1	1	1.0	0.0
EPC1	1	1	1.0	0.0
TMEM147	1	1	1.0	0.0
MED24	1	1	1.0	0.0
NNT-AS1	1	1	1.0	0.0
MUC16	1	1	1.0	0.0
SUMF1	1	1	1.0	0.0
ATXN7L3	1	1	1.0	0.0
ACTG1P2	1	2	1.0	0.0
RP11-782C8.5	1	1	1.0	0.0
AC132872.1	1	1	1.0	0.0
NUDT22	1	1	1.0	0.0
RP11-580J4.1	1	1	1.0	0.0
MOAP1	1	1	1.0	0.0
RP11-18H21.1	1	1	1.0	0.0
CTNND1	1	1	1.0	0.0
MOB1B	1	1	1.0	0.0
GLRX3	1	1	1.0	0.0
KPNA5	1	1	1.0	0.0
RP11-12K11.2	1	1	1.0	0.0
SMU1	1	1	1.0	0.0
KIAA0100	1	1	1.0	0.0
AC097467.2	1	1	1.0	0.0
FAM47E-STBD1	1	1	1.0	0.0
AKT2	1	1	1.0	0.0
IFNGR1	1	1	1.0	0.0
MOB3B	1	1	1.0	0.0
MOB3A	1	1	1.0	0.0
AC010761.8	1	1	1.0	0.0
DAP3	1	1	1.0	0.0
MUC5B	1	1	1.0	0.0
TBC1D20	1	1	1.0	0.0
HOXB6	1	1	1.0	0.0
WRAP73	1	1	1.0	0.0
ZNF252P	1	2	1.0	0.0
RP11-1112C15.1	1	1	1.0	0.0
C14orf166B	1	1	1.0	0.0
PTPN5	1	2	1.0	0.0
GABARAPL1	1	1	1.0	0.0
AC091132.1	1	1	1.0	0.0
NADK2	1	1	1.0	0.0
MAFG	1	1	1.0	0.0
PINLYP	1	1	1.0	0.0
AC114730.5	1	1	1.0	0.0
ONECUT1	1	1	1.0	0.0
DERL1	1	1	1.0	0.0
IQCE	1	1	1.0	0.0
SLITRK4	1	1	1.0	0.0
UGT1A10	1	1	1.0	0.0
PKD2L2	1	1	1.0	0.0
GP2	1	1	1.0	0.0
ZNF92P1Y	1	1	1.0	0.0
TIAM2	1	1	1.0	0.0
RP11-320M2.1	1	1	1.0	0.0
HOXC8	1	1	1.0	0.0
KLHL7	1	1	1.0	0.0
FGF10	1	1	1.0	0.0
TDRP	1	1	1.0	0.0
FAM126B	1	1	1.0	0.0
PAICS	1	1	1.0	0.0
BCAR4	1	1	1.0	0.0
IFT57	1	1	1.0	0.0
AC007386.3	1	1	1.0	0.0
XKR9	1	1	1.0	0.0
RP5-940F7.2	1	1	1.0	0.0
OR7E22P	1	1	1.0	0.0
BCAS3	1	1	1.0	0.0
FAM46D	1	1	1.0	0.0
POLR2A	1	1	1.0	0.0
HNRNPA1P62	1	1	1.0	0.0
SEC14L6	1	1	1.0	0.0
FAM98C	1	2	1.0	0.0
USP2	1	1	1.0	0.0
CTB-26E19.1	1	1	1.0	0.0
ARF1P1	1	1	1.0	0.0
TNFRSF10D	1	1	1.0	0.0
TSPY26P	1	1	1.0	0.0
CTNNBIP1	1	1	1.0	0.0
NOC2L	1	1	1.0	0.0
SNAPC3	1	1	1.0	0.0
RP5-892K4.1	1	1	1.0	0.0
TFIP11	1	1	1.0	0.0
RP13-60M5.2	1	1	1.0	0.0
ASH2L	1	1	1.0	0.0
RP11-1033H12.3	1	1	1.0	0.0
ZNRD1-AS1	1	1	1.0	0.0
COPS6	1	1	1.0	0.0
ENY2	1	1	1.0	0.0
PRKRIR	1	1	1.0	0.0
AC005307.3	1	1	1.0	0.0
MTND5P11	1	2	1.0	0.0
LGALS8	1	1	1.0	0.0
NCKAP1L	1	2	1.0	0.0
WT1-AS	1	1	1.0	0.0
ASB18	1	1	1.0	0.0
CA5B	1	1	1.0	0.0
DHFRL1	1	1	1.0	0.0
RP11-800A3.7	1	1	1.0	0.0
ADD1	1	1	1.0	0.0
SCGB2A2	1	1	1.0	0.0
RP11-484L7.1	1	1	1.0	0.0
hsa-mir-6723.1	1	2	1.0	0.0
CAPNS1	1	1	1.0	0.0
OR52K3P	1	1	1.0	0.0
RP11-94L15.2	1	1	1.0	0.0
U3.46	1	1	1.0	0.0
TRAK2	1	1	1.0	0.0
AP003068.6	1	1	1.0	0.0
FAM124A	1	1	1.0	0.0
RP11-609N14.1	1	2	1.0	0.0
ADCY1	1	1	1.0	0.0
RP11-218E20.3	1	1	1.0	0.0
SCAND1	1	1	1.0	0.0
ZRANB3	1	1	1.0	0.0
CTC-428H11.2	1	1	1.0	0.0
AC067969.1	1	1	1.0	0.0
RP11-356J5.5	1	1	1.0	0.0
DBT	1	1	1.0	0.0
TAB2	1	1	1.0	0.0
ALPK2	1	1	1.0	0.0
RP5-1136G2.1	1	1	1.0	0.0
INPP5B	1	1	1.0	0.0
INPP5F	1	1	1.0	0.0
RP11-439E19.9	1	1	1.0	0.0
SHISA9	1	1	1.0	0.0
COL17A1	1	1	1.0	0.0
ACCS	1	1	1.0	0.0
RPSAP64	1	1	1.0	0.0
RP11-76E17.2	1	1	1.0	0.0
FRMD4A	1	1	1.0	0.0
RCN1P1	1	1	1.0	0.0
PPM1E	1	1	1.0	0.0
ATP6V1A	1	1	1.0	0.0
ARID5B	1	1	1.0	0.0
METTL8	1	1	1.0	0.0
POLG2	1	1	1.0	0.0
TSPAN11	1	1	1.0	0.0
ALG9	1	1	1.0	0.0
MFSD2B	1	1	1.0	0.0
PIP5K1B	1	1	1.0	0.0
IBA57	1	1	1.0	0.0
GPR39	1	1	1.0	0.0
CDC42SE2	1	1	1.0	0.0
LAT	1	1	1.0	0.0
SAFB2	1	1	1.0	0.0
DOCK6	1	1	1.0	0.0
DOCK9	1	1	1.0	0.0
LYSMD3	1	1	1.0	0.0
TRAF5	1	1	1.0	0.0
ANKDD1A	1	1	1.0	0.0
ADAM30	1	1	1.0	0.0
C15orf61	1	1	1.0	0.0
POLE2	1	1	1.0	0.0
CRB1	1	1	1.0	0.0
ASTN2	1	1	1.0	0.0
DRD2	1	1	1.0	0.0
PAM	1	1	1.0	0.0
NETO2	1	1	1.0	0.0
KCNJ2-AS1	1	1	1.0	0.0
ZNF439	1	1	1.0	0.0
CTD-3076O17.2	1	1	1.0	0.0
CNOT4P1	1	1	1.0	0.0
IGHMBP2	1	1	1.0	0.0
RP4-739H11.4	1	1	1.0	0.0
CTC-441N14.4	1	1	1.0	0.0
NCLN	1	1	1.0	0.0
MPPED2	1	1	1.0	0.0
SH3RF3	1	1	1.0	0.0
MCFD2	1	1	1.0	0.0
RPL28	1	1	1.0	0.0
LINC00029	1	1	1.0	0.0
RTN4R	1	1	1.0	0.0
SHMT2	1	1	1.0	0.0
PET112	1	1	1.0	0.0
WIPF2	1	1	1.0	0.0
GLIPR1	1	1	1.0	0.0
NUP214	1	1	1.0	0.0
RP11-523L20.2	1	1	1.0	0.0
ITM2A	1	1	1.0	0.0
RPL39	1	1	1.0	0.0
FHL2	1	1	1.0	0.0
WRNIP1	1	1	1.0	0.0
TBC1D8	1	1	1.0	0.0
NSD1	1	1	1.0	0.0
GLB1L2	1	1	1.0	0.0
GNAS	1	1	1.0	0.0
RP11-505K9.4	1	1	1.0	0.0
GNB1	1	1	1.0	0.0
CCND3	1	1	1.0	0.0
FAM114A1	1	1	1.0	0.0
CCND1	1	1	1.0	0.0
ZNF891	1	1	1.0	0.0
BBS12	1	1	1.0	0.0
KIAA0586	1	1	1.0	0.0
FMNL3	1	1	1.0	0.0
ARHGEF2	1	1	1.0	0.0
SYMPK	1	1	1.0	0.0
FMNL1	1	1	1.0	0.0
SRPK3	1	1	1.0	0.0
OR10P1	1	1	1.0	0.0
SIK2	1	1	1.0	0.0
RP11-640N11.2	1	1	1.0	0.0
CTD-2619J13.8	1	1	1.0	0.0
RP11-693N9.2	1	1	1.0	0.0
ZNF488	1	1	1.0	0.0
SLC9A1	1	1	1.0	0.0
MAP2	1	1	1.0	0.0
FXR1	1	1	1.0	0.0
SPDL1	1	1	1.0	0.0
FAM83H-AS1	1	1	1.0	0.0
RP11-627G18.1	1	1	1.0	0.0
PTGR2	1	1	1.0	0.0
TNKS	1	1	1.0	0.0
DNM1P51	1	1	1.0	0.0
MRPL23-AS1	1	1	1.0	0.0
RUNDC3A	1	1	1.0	0.0
ACP6	1	1	1.0	0.0
SNHG14	1	1	1.0	0.0
TMEM132C	1	1	1.0	0.0
FMR1-AS1	1	1	1.0	0.0
CDHR3	1	1	1.0	0.0
CDHR2	1	1	1.0	0.0
SLC8A1-AS1	1	1	1.0	0.0
BCL2L14	1	1	1.0	0.0
KRR1	1	1	1.0	0.0
PLS1	1	1	1.0	0.0
RP11-462L8.1	1	1	1.0	0.0
PGP	1	1	1.0	0.0
MT-RNR1	1	1	1.0	0.0
A2M	1	1	1.0	0.0
SLC9A9	1	1	1.0	0.0
GPR115	1	1	1.0	0.0
GGNBP2	1	1	1.0	0.0
CTB-151G24.1	1	1	1.0	0.0
C6orf89	1	1	1.0	0.0
ATXN1	1	1	1.0	0.0
UBL5	1	1	1.0	0.0
FAM60A	1	1	1.0	0.0
PARK2	1	1	1.0	0.0
LINC00654	1	1	1.0	0.0
SP140L	1	1	1.0	0.0
RP11-678G14.4	1	1	1.0	0.0
PPWD1	1	1	1.0	0.0
ARHGAP42	1	1	1.0	0.0
LCA5L	1	1	1.0	0.0
SLC37A3	1	1	1.0	0.0
LINC00641	1	1	1.0	0.0
DNAH9	1	1	1.0	0.0
FSHB	1	1	1.0	0.0
ZMIZ1	1	1	1.0	0.0
EVPL	1	1	1.0	0.0
NRIP2	1	1	1.0	0.0
RP11-462G12.4	1	1	1.0	0.0
ARHGAP27	1	1	1.0	0.0
HNF1A-AS1	1	1	1.0	0.0
NRIP3	1	1	1.0	0.0
TPR	1	1	1.0	0.0
AC007308.6	1	1	1.0	0.0
ACOT13	1	1	1.0	0.0
EXOC3L2	1	1	1.0	0.0
CD93	1	1	1.0	0.0
OS9	1	1	1.0	0.0
WHAMM	1	1	1.0	0.0
LINC00665	1	1	1.0	0.0
PLEKHA2	1	1	1.0	0.0
RP11-351J23.2	1	1	1.0	0.0
SPCS2	1	1	1.0	0.0
PLEKHA5	1	1	1.0	0.0
FOXP2	1	1	1.0	0.0
TET2	1	1	1.0	0.0
GS1-124K5.11	1	1	1.0	0.0
AK1	1	1	1.0	0.0
BHLHE22	1	1	1.0	0.0
FN1	1	1	1.0	0.0
NKX3-1	1	1	1.0	0.0
RP11-16C1.2	1	1	1.0	0.0
DAZAP2	1	1	1.0	0.0
LMAN1	1	1	1.0	0.0
HEXDC	1	1	1.0	0.0
RP5-902P8.12	1	1	1.0	0.0
MAP7D1	1	1	1.0	0.0
RP13-15E13.1	1	1	1.0	0.0
LINC00632	1	1	1.0	0.0
MLXIPL	1	1	1.0	0.0
CTD-3049M7.1	1	1	1.0	0.0
MAGEA2B	1	1	1.0	0.0
RP11-214N9.1	1	1	1.0	0.0
SMIM19	1	1	1.0	0.0
MKI67IPP4	1	1	1.0	0.0
C6orf57	1	1	1.0	0.0
ATOH7	1	1	1.0	0.0
RBMS2	1	1	1.0	0.0
DMXL2	1	1	1.0	0.0
RAD21	1	1	1.0	0.0
PTGIR	1	1	1.0	0.0
FAM199X	1	1	1.0	0.0
RP11-537A6.9	1	1	1.0	0.0
F13A1	1	1	1.0	0.0
AC011525.2	1	1	1.0	0.0
RP11-57H12.3	1	1	1.0	0.0
PTCH2	1	1	1.0	0.0
COG5	1	1	1.0	0.0
SLC16A3	1	1	1.0	0.0
IQCH-AS1	1	1	1.0	0.0
DLGAP3	1	1	1.0	0.0
CSNK1A1	1	1	1.0	0.0
BAZ2B	1	1	1.0	0.0
PRAP1	1	2	1.0	0.0
AL163952.1	1	1	1.0	0.0
FAM117B	1	1	1.0	0.0
RP11-666F17.1	1	1	1.0	0.0
THAP7	1	1	1.0	0.0
SPZ1	1	1	1.0	0.0
ARRDC1	1	1	1.0	0.0
AC016831.7	1	1	1.0	0.0
RP11-152L7.2	1	1	1.0	0.0
RP11-35G22.1	1	1	1.0	0.0
CCNF	1	1	1.0	0.0
ZFP30	1	1	1.0	0.0
CTC-436P18.3	1	1	1.0	0.0
SLC26A2	1	1	1.0	0.0
VPS37C	1	1	1.0	0.0
ZFP41	1	1	1.0	0.0
RP11-748C4.1	1	1	1.0	0.0
C4orf36	1	1	1.0	0.0
IDI1	1	1	1.0	0.0
FUK	1	1	1.0	0.0
DMTF1	1	1	1.0	0.0
FAM86DP	1	1	1.0	0.0
METTL14	1	1	1.0	0.0
DLX2	1	1	1.0	0.0
RP11-823P9.3	1	1	1.0	0.0
CAPN15	1	1	1.0	0.0
MAML1	1	1	1.0	0.0
C11orf65	1	1	1.0	0.0
PRR24	1	1	1.0	0.0
PELI1	1	1	1.0	0.0
PBOV1	1	1	1.0	0.0
OR6A2	1	1	1.0	0.0
SFXN1	1	1	1.0	0.0
NEK3	1	1	1.0	0.0
RP11-826N14.4	1	1	1.0	0.0
PNMA1	1	1	1.0	0.0
FAM177A1	1	1	1.0	0.0
SULT1B1	1	1	1.0	0.0
CCR4	1	1	1.0	0.0
WFDC12	1	1	1.0	0.0
AF001550.7	1	1	1.0	0.0
RPUSD3	1	1	1.0	0.0
EFCAB14-AS1	1	1	1.0	0.0
C1orf222	1	1	1.0	0.0
CTD-2308L22.1	1	1	1.0	0.0
IZUMO1	1	1	1.0	0.0
CD44	1	1	1.0	0.0
KLHDC7A	1	1	1.0	0.0
VPS33B	1	1	1.0	0.0
RAB3GAP2	1	1	1.0	0.0
CUL4B	1	1	1.0	0.0
RP11-473M20.5	1	1	1.0	0.0
FIG4	1	1	1.0	0.0
SAMD12	1	1	1.0	0.0
CNNM3	1	1	1.0	0.0
EHD4	1	1	1.0	0.0
EHD2	1	1	1.0	0.0
SBF2-AS1	1	1	1.0	0.0
RP11-894P9.1	1	1	1.0	0.0
UQCRB	1	1	1.0	0.0
SNX11	1	1	1.0	0.0
ERN1	1	1	1.0	0.0
TBCC	1	1	1.0	0.0
RP11-797H7.1	1	1	1.0	0.0
DIEXF	1	2	1.0	0.0
RAB3IL1	1	1	1.0	0.0
DDB1	1	1	1.0	0.0
ACADM	1	1	1.0	0.0
ZCCHC3	1	1	1.0	0.0
INO80C	1	1	1.0	0.0
IMPDH2	1	1	1.0	0.0
RP4-788P17.1	1	1	1.0	0.0
THADA	1	1	1.0	0.0
PAX1	1	1	1.0	0.0
HTN3	1	1	1.0	0.0
OR1N1	2	2	1.0	0.0
RP11-421E14.2	1	1	1.0	0.0
E2F7	1	1	1.0	0.0
IGDCC3	1	1	1.0	0.0
FTLP10	1	1	1.0	0.0
FBXO33	1	1	1.0	0.0
ADRA1A	1	1	1.0	0.0
TTC3-AS1	1	1	1.0	0.0
MIA3	1	1	1.0	0.0
IL12RB2	1	1	1.0	0.0
IL32	1	1	1.0	0.0
RP11-720L2.3	1	1	1.0	0.0
FAM149B1	1	1	1.0	0.0
SNTG1	2	2	1.0	0.0
GPALPP1	1	1	1.0	0.0
IL24	1	1	1.0	0.0
MYO3A	1	1	1.0	0.0
SOGA1	1	1	1.0	0.0
SAMD4B	1	1	1.0	0.0
SPATA21	1	1	1.0	0.0
LRRC55	1	1	1.0	0.0
CDKN2C	1	1	1.0	0.0
FNTB	1	1	1.0	0.0
RP11-10A2.1	1	1	1.0	0.0
GRIK5	1	1	1.0	0.0
PASK	1	1	1.0	0.0
GRIK1	1	1	1.0	0.0
PRPF4B	1	1	1.0	0.0
ENAH	1	1	1.0	0.0
GNA13	1	1	1.0	0.0
AC010132.10	1	1	1.0	0.0
LRP8	1	1	1.0	0.0
FOXE1	1	1	1.0	0.0
RP11-304L19.11	1	1	1.0	0.0
ZNF362	1	1	1.0	0.0
LRP1	1	1	1.0	0.0
RP11-102M11.2	1	1	1.0	0.0
SF3A3	1	1	1.0	0.0
MID1	1	1	1.0	0.0
AC004471.9	1	1	1.0	0.0
RP1-149A16.3	2	2	1.0	0.0
RP4-726F1.1	1	1	1.0	0.0
CTD-2368P22.1	1	1	1.0	0.0
FOXD2	1	1	1.0	0.0
DDX19A	1	1	1.0	0.0
MTMR2	1	1	1.0	0.0
KIAA1737	2	2	1.0	0.0
IL7R	1	1	1.0	0.0
ZNF75A	1	1	1.0	0.0
ABHD2	1	1	1.0	0.0
LRRC36	1	1	1.0	0.0
TEKT4P2	1	1	1.0	0.0
PIP5K1P1	1	1	1.0	0.0
NBPF24	1	1	1.0	0.0
MEGF8	1	1	1.0	0.0
PARVB	1	1	1.0	0.0
RP11-24J23.2	1	1	1.0	0.0
THEM4	1	1	1.0	0.0
FLNB-AS1	1	1	1.0	0.0
FAM153B	1	2	1.0	0.0
EIF4A1	2	2	1.0	0.0
FANCD2	1	1	1.0	0.0
EIF4A3	1	1	1.0	0.0
ARHGEF12	1	1	1.0	0.0
CCT6A	1	1	1.0	0.0
ARHGEF15	1	1	1.0	0.0
CACNG2	1	1	1.0	0.0
LRRC28	1	1	1.0	0.0
EGFL6	1	1	1.0	0.0
GHR	1	1	1.0	0.0
BHLHE41	1	1	1.0	0.0
USP10	1	1	1.0	0.0
CILP2	1	1	1.0	0.0
Y_RNA.415	1	1	1.0	0.0
DDI2	1	1	1.0	0.0
AC012594.1	1	1	1.0	0.0
RP11-418I22.2	1	1	1.0	0.0
SIMC1	1	1	1.0	0.0
RP1-217P22.2	1	1	1.0	0.0
EZH1	1	1	1.0	0.0
IGLVIVOR22-2	2	2	1.0	0.0
AC012360.6	1	1	1.0	0.0
ZSCAN4	1	1	1.0	0.0
NDC80	1	1	1.0	0.0
RP11-544A12.8	1	1	1.0	0.0
ARNTL2	1	1	1.0	0.0
ATN1	1	1	1.0	0.0
CTB-27N1.1	1	1	1.0	0.0
ZNF789	1	1	1.0	0.0
AQR	1	1	1.0	0.0
MTND5P1	1	1	1.0	0.0
THY1	1	1	1.0	0.0
RP11-1C8.5	1	1	1.0	0.0
GFER	1	1	1.0	0.0
USE1	1	1	1.0	0.0
RBM22	1	1	0.9999999999999999	0.0
GATAD2A	1	1	0.9999999999999999	0.0
RNF220	1	1	0.9999999999999999	0.0
PCYOX1L	1	1	0.9999999999999999	0.0
C1orf159	1	1	0.9999999999999999	0.0
GDI2	1	1	0.9999999999999999	0.0
NCOR1	1	1	0.9999999999999999	0.0
ATP2A2	1	1	0.9999999999999999	0.0
PRKG2	1	1	0.9999999999999999	0.0
ITSN1	1	1	0.9999999999999999	0.0
KHDRBS3	1	1	0.9999999999999999	0.0
BCAR3	1	1	0.9999999999999999	0.0
SF1	1	1	0.9999999999999999	0.0
CDS2	1	1	0.9999999999999999	0.0
NCOA4	1	1	0.9999999999999999	0.0
CRBN	1	1	0.9999999999999999	0.0
NCF2	1	1	0.9999999999999999	0.0
ARHGAP12	1	1	0.9999999999999999	0.0
RBMS3	1	1	0.9999999999999999	0.0
TTN	1	1	0.9999999999999999	0.0
FBXW5	1	1	0.9999999999999999	0.0
TRIM13	1	1	0.9999999999999999	0.0
WASF1	1	1	0.9999999999999998	0.0
CTNS	1	1	0.9999999999999998	0.0
BPTF	1	1	0.9999999999999998	0.0
PNKP	1	1	0.9999999999999998	0.0
NFIC	1	1	0.9999999999999998	0.0
REEP2	1	1	0.9999999999999998	0.0
TJP3	1	1	0.9999999999999998	0.0
ZNF423	1	1	0.9999999999999998	0.0
ARID1B	1	1	0.9999999999999998	0.0
MXRA8	1	1	0.9999999999999998	0.0
MAPT	1	1	0.9999999999999998	0.0
PRUNE2	1	1	0.9999999999999998	0.0
PPP2R3C	1	1	0.9999999999999997	0.0
PCBP1-AS1	1	1	0.9999999999999996	0.0
GGT2	4	7	0.9450000000000001	0.0
HFE	1	1	0.9285714285714283	0.0
AC007743.1	4	4	0.9107142857142856	0.0
RTN3	1	1	0.9090909090909093	0.0
SLC4A5	1	1	0.9090909090909093	0.0
USP33	2	2	0.8999999999999999	0.0
MMS19	1	1	0.8888888888888891	0.0
RP11-47I22.4	2	3	0.8666666666666667	0.0
VDAC2	1	1	0.8666666666666666	0.0
PLG	2	2	0.8571428571428571	0.0
RANBP10	1	1	0.857142857142857	0.0
RGS7	1	1	0.857142857142857	0.0
MKI67IP	1	1	0.8333333333333333	0.0
SCAMP3	1	1	0.8333333333333333	0.0
TMEM212	2	2	0.8333333333333333	0.0
TTL	2	2	0.8333333333333333	0.0
SHPRH	2	2	0.8333333333333333	0.0
PCBD2	1	1	0.8333333333333333	0.0
NASP	1	1	0.8	0.0
MED15	1	1	0.8	0.0
ANXA11	1	2	0.8	0.0
KIR2DL4	1	1	0.8	0.0
GUCA1A	1	1	0.8	0.0
AP3S1	1	1	0.8	0.0
TOR1AIP1	1	1	0.8	0.0
THSD7B	1	1	0.8	0.0
CAMK4	1	1	0.7999999999999999	0.0
WASH6P	1	1	0.7999999999999999	0.0
TYMP	1	1	0.7777777777777779	0.0
RP11-538D16.2	2	3	0.7777777777777777	0.0
ABHD12	1	1	0.75	0.0
MT-ND1	2	3	0.75	0.0
PCNX	1	1	0.75	0.0
ZBTB7C	1	1	0.75	0.0
RP11-35G9.3	1	1	0.75	0.0
TCF21	1	3	0.75	0.0
PTCHD4	1	1	0.75	0.0
FAM195B	1	1	0.75	0.0
MTND1P23	2	3	0.75	0.0
NFS1	1	1	0.7272727272727274	0.0
PSMA6	1	1	0.7142857142857141	0.0
CTSS	1	1	0.6666666666666666	0.0
IVD	1	1	0.6666666666666666	0.0
SOX2	1	1	0.6666666666666666	0.0
C2orf54	1	1	0.6666666666666666	0.0
AP001469.9	1	1	0.6666666666666666	0.0
GGA1	1	1	0.6666666666666666	0.0
HMGXB4	1	1	0.6666666666666666	0.0
ANO6	2	2	0.6666666666666666	0.0
RP5-998N21.4	2	2	0.6666666666666666	0.0
LINC00929	1	1	0.6666666666666666	0.0
CTD-2619J13.14	1	1	0.6666666666666666	0.0
SNHG3	1	1	0.6666666666666666	0.0
RP11-822E23.8	1	1	0.6666666666666666	0.0
RP11-43F13.3	1	1	0.6666666666666666	0.0
MIR143HG	1	1	0.6666666666666666	0.0
DIP2B	1	1	0.6666666666666666	0.0
C12orf55	1	2	0.6666666666666666	0.0
COMMD3-BMI1	1	2	0.6666666666666666	0.0
AC011747.4	1	2	0.6666666666666666	0.0
ARL14EPL	1	2	0.6666666666666666	0.0
IAPP	1	1	0.6666666666666666	0.0
ARHGAP23P1	2	4	0.6666666666666666	0.0
NOSTRIN	2	3	0.6666666666666666	0.0
ZNF549	1	2	0.6666666666666666	0.0
ERCC6L2	1	1	0.6666666666666666	0.0
LINC01087	1	2	0.6666666666666666	0.0
ACE2	1	1	0.6666666666666666	0.0
NCOA6	1	1	0.6666666666666666	0.0
ODF2L	1	1	0.6666666666666666	0.0
FBXL12	1	1	0.6666666666666666	0.0
CTD-3032J10.2	1	1	0.6666666666666666	0.0
ARHGAP15	1	2	0.6666666666666666	0.0
AC006547.13	1	1	0.6666666666666666	0.0
RP11-196G18.3	2	2	0.6666666666666666	0.0
RP11-439A17.9	2	2	0.6666666666666666	0.0
STXBP4	1	1	0.6666666666666666	0.0
CTD-2311B13.7	1	2	0.6666666666666666	0.0
CGB7	1	1	0.6666666666666666	0.0
OR11K2P	1	1	0.6666666666666666	0.0
MARK4	1	2	0.6666666666666666	0.0
LINC00115	1	1	0.6666666666666666	0.0
GGT3P	4	7	0.63	0.0
GGTLC3	4	7	0.63	0.0
CBFA2T2	1	1	0.625	0.0
CES3	1	1	0.6000000000000001	0.0
RP11-632K20.7	1	1	0.6000000000000001	0.0
AMD1	1	1	0.6000000000000001	0.0
PSTK	2	2	0.6	0.0
GRPR	1	3	0.6	0.0
C14orf64	1	2	0.5714285714285714	0.0
LPAL2	2	2	0.5714285714285714	0.0
LPA	2	2	0.5714285714285714	0.0
NDUFA11	1	1	0.5555555555555556	0.0
PSPN	1	1	0.5	0.0
AP001627.1	1	1	0.5	0.0
DYNLT1	2	2	0.5	0.0
ATG16L2	1	1	0.5	0.0
TIRAP	1	2	0.5	0.0
TBK1	1	1	0.5	0.0
RP11-252E2.2	1	1	0.5	0.0
AC009158.1	1	1	0.5	0.0
ANKRD36	1	1	0.5	0.0
MLF1	1	1	0.5	0.0
RP11-481G8.2	1	1	0.5	0.0
YPEL1	2	2	0.5	0.0
LINC00969	1	1	0.5	0.0
CDK11A	1	1	0.5	0.0
AC024183.3	1	1	0.5	0.0
RP11-531A24.5	1	2	0.5	0.0
C2orf48	1	2	0.5	0.0
HHLA2	1	1	0.5	0.0
FAM21A	1	1	0.5	0.0
FAM21C	1	1	0.5	0.0
PLOD2	1	1	0.5	0.0
RP11-153M7.3	1	1	0.5	0.0
ZNRF3	1	1	0.5	0.0
RP1-14D6.2	1	1	0.5	0.0
REL	1	1	0.5	0.0
TYW5	1	1	0.5	0.0
MT-ND2	1	1	0.5	0.0
AC017006.3	1	1	0.5	0.0
ALDH1B1	1	1	0.5	0.0
RP11-927P21.2	1	1	0.5	0.0
NOS1AP	1	1	0.5	0.0
AC008175.1	1	2	0.5	0.0
S100PBP	1	1	0.5	0.0
RASL10A	1	1	0.5	0.0
CYB5R3	1	1	0.5	0.0
KIAA1467	1	1	0.5	0.0
RP1-20N2.6	1	1	0.5	0.0
AAK1	1	1	0.5	0.0
TSPAN7	1	1	0.5	0.0
FADS6	1	1	0.5	0.0
PCDHB10	1	1	0.5	0.0
MAGI2-AS3	1	1	0.5	0.0
UNC80	1	1	0.5	0.0
RP11-10C8.2	1	1	0.5	0.0
ZNF284	1	1	0.5	0.0
STX3	1	1	0.5	0.0
AC007359.6	1	2	0.5	0.0
KCNJ6	1	1	0.5	0.0
LINC00276	1	1	0.5	0.0
AC006995.8	1	1	0.5	0.0
SPIRE2	1	1	0.5	0.0
RP11-373L24.1	1	1	0.5	0.0
RP11-176F3.7	1	1	0.5	0.0
ZNF606	1	1	0.5	0.0
CIRH1A	1	1	0.5	0.0
RP11-282O18.3	1	1	0.5	0.0
FAM175B	1	1	0.5	0.0
LIN28B	1	1	0.5	0.0
FAM138D	1	1	0.5	0.0
UBE2SP2	2	2	0.5	0.0
UBE2SP1	2	2	0.5	0.0
MLLT6	1	1	0.5	0.0
RP11-299H22.7	1	1	0.5	0.0
PCDP1	1	1	0.5	0.0
TTLL10-AS1	1	1	0.5	0.0
RP11-261C10.7	1	1	0.5	0.0
HNRNPA1	1	1	0.5	0.0
ZNF322P1	1	1	0.5	0.0
GTF2IRD2B	1	1	0.5	0.0
RP11-597M17.1	1	2	0.5	0.0
RP11-14I2.2	1	1	0.5	0.0
XPNPEP3	1	2	0.5	0.0
MAF	1	1	0.5	0.0
RP11-1407O15.2	1	1	0.5	0.0
IFT81	1	1	0.5	0.0
C7orf63	1	1	0.5	0.0
EEF1A1P28	1	1	0.5	0.0
PMM2	1	1	0.5	0.0
RP11-506N2.1	1	1	0.5	0.0
SLC13A4	1	1	0.5	0.0
PPIL6	1	1	0.5	0.0
IMP4	1	2	0.5	0.0
PRR23A	2	2	0.5	0.0
KATNAL1	1	1	0.5	0.0
XXyac-YX60D10.1	1	1	0.5	0.0
ZNF564	1	1	0.5	0.0
WNT8A	1	1	0.5	0.0
NCAPH2	1	1	0.5	0.0
RP1-78O14.1	1	1	0.5	0.0
LINC01002	1	1	0.5	0.0
FGF5	1	1	0.5	0.0
RP5-1070A16.1	1	1	0.5	0.0
C20orf194	1	1	0.5	0.0
RP11-798G7.6	1	1	0.5	0.0
AC009951.2	1	1	0.5	0.0
KPNA6	1	1	0.5	0.0
MTND2P28	1	1	0.5	0.0
RP11-646E18.4	1	1	0.5	0.0
RP1-29C18.9	1	1	0.5	0.0
MRS2	1	1	0.5	0.0
ADAM21P1	1	1	0.5	0.0
ANAPC16	1	1	0.5	0.0
IQCG	1	1	0.5	0.0
C5orf20	1	1	0.5	0.0
NUTM2F	1	1	0.5	0.0
PSMD11	1	1	0.5	0.0
U82671.12	1	1	0.5	0.0
USP7	1	1	0.5	0.0
PCAT4	1	1	0.5	0.0
RP11-216M21.1	1	1	0.5	0.0
OR11A1	1	1	0.5	0.0
TMOD4	1	1	0.5	0.0
TMEM184C	1	1	0.5	0.0
HCAR2	1	1	0.5	0.0
HCAR3	1	1	0.5	0.0
RP11-430C1.1	1	1	0.5	0.0
PRDM15	1	1	0.5	0.0
CTD-2651B20.4	1	1	0.5	0.0
MRC1L1	1	1	0.5	0.0
LIMK1	1	1	0.5	0.0
ADAM21	1	1	0.5	0.0
RP13-608F4.5	1	2	0.5	0.0
AC007742.7	1	1	0.5	0.0
ADAM32	1	1	0.5	0.0
AC004063.1	1	1	0.5	0.0
ANKS4B	1	1	0.5	0.0
LRIG2	1	1	0.5	0.0
RP11-158I9.7	1	1	0.5	0.0
C6orf25	1	1	0.5	0.0
GRAMD1A	1	1	0.5	0.0
CSPG4P9	1	2	0.5	0.0
CSPG4P8	1	2	0.5	0.0
RP1-74B13.2	1	1	0.5	0.0
NPHP1	1	1	0.5	0.0
RPTN	1	1	0.5	0.0
RP11-452D2.2	1	1	0.5	0.0
SLC25A51	1	1	0.5	0.0
CTD-2192J16.20	1	1	0.5	0.0
RP11-789C2.1	1	1	0.5	0.0
SLC25A30	1	1	0.5	0.0
FECH	1	2	0.5	0.0
TOR1AIP2	1	1	0.5	0.0
C16orf87	1	1	0.5	0.0
LINC00620	1	1	0.5	0.0
ATP6V0A2	1	1	0.5	0.0
ATP5A1	1	1	0.5	0.0
AP2A2	1	1	0.5	0.0
SFT2D2	1	1	0.5	0.0
MAP3K13	1	1	0.5	0.0
RP11-196E1.3	1	1	0.5	0.0
AC010240.2	1	1	0.5	0.0
CSPG4P10	1	2	0.5	0.0
AC079753.4	1	1	0.5	0.0
SUPT16H	1	1	0.5	0.0
RABEPK	1	1	0.5	0.0
UBR1	1	1	0.5	0.0
PRR11	1	1	0.5	0.0
HIF3A	1	1	0.5	0.0
RP11-473N11.2	1	1	0.5	0.0
SPDYE8P	1	1	0.5	0.0
RP5-857K21.7	1	1	0.5	0.0
TMED4	1	1	0.5	0.0
RP11-894P9.2	1	1	0.5	0.0
ERN2	1	1	0.5	0.0
RP4-760C5.5	1	1	0.5	0.0
ANKRD36C	1	1	0.5	0.0
MMAB	1	2	0.5	0.0
RNF165	1	1	0.5	0.0
ZNF322	1	1	0.5	0.0
TIFAB	1	1	0.5	0.0
OR5V1	1	1	0.5	0.0
BRF1	1	1	0.5	0.0
AC061975.3	1	1	0.5	0.0
RP11-496D24.2	1	1	0.5	0.0
ZNFX1	1	1	0.5	0.0
UCA1	1	1	0.5	0.0
VPS72	1	1	0.5	0.0
SALL1P1	1	2	0.5	0.0
TECRL	1	1	0.5	0.0
AC092415.1	1	1	0.5	0.0
GGTLC2	3	4	0.495	0.0
RP11-352E6.2	2	3	0.4722222222222222	0.0
RP5-857K21.11	2	3	0.4722222222222222	0.0
AC006115.3	2	2	0.4444444444444444	0.0
KCNG1	1	2	0.4	0.0
ZNF45	1	1	0.4	0.0
RPL36AP26	1	3	0.4	0.0
CORO2A	1	1	0.4	0.0
CSNK2B-LY6G5B-1181	1	1	0.4	0.0
CTD-3092A11.1	1	1	0.4	0.0
LINC01088	1	1	0.4	0.0
PEX1	1	2	0.4	0.0
ZNF418	1	1	0.4	0.0
LCE1E	1	1	0.4	0.0
APOOP4	1	2	0.4	0.0
RPL36A-HNRNPH2	1	3	0.4	0.0
HNRNPA1L2	1	1	0.375	0.0
DPYSL2	1	1	0.375	0.0
EPS15L1	1	3	0.375	0.0
WDR1	1	1	0.3333333333333333	0.0
STRIP1	1	1	0.3333333333333333	0.0
MTRNR2L1	1	1	0.3333333333333333	0.0
ZNF37BP	1	1	0.3333333333333333	0.0
ITGA10	1	1	0.3333333333333333	0.0
ZNRF2	1	1	0.3333333333333333	0.0
RPS17L	1	1	0.3333333333333333	0.0
C1orf35	1	1	0.3333333333333333	0.0
ASPA	1	1	0.3333333333333333	0.0
RP11-540A21.2	1	1	0.3333333333333333	0.0
MTND4P13	1	1	0.3333333333333333	0.0
TTC37	1	1	0.3333333333333333	0.0
AC068499.10	1	1	0.3333333333333333	0.0
RASEF	1	1	0.3333333333333333	0.0
C19orf55	1	1	0.3333333333333333	0.0
RPS17	1	1	0.3333333333333333	0.0
AC016697.1	1	1	0.3333333333333333	0.0
AL512652.1	1	1	0.3333333333333333	0.0
TMEM78	1	1	0.3333333333333333	0.0
RP11-822E23.6	1	1	0.3333333333333333	0.0
MT-ATP8	1	1	0.3333333333333333	0.0
RP11-31K23.2	1	1	0.3333333333333333	0.0
RP11-267M23.4	1	1	0.3333333333333333	0.0
CTC-513N18.6	1	1	0.3333333333333333	0.0
ZNF596	1	1	0.3333333333333333	0.0
RP11-63A11.1	1	2	0.3333333333333333	0.0
NTF4	1	1	0.3333333333333333	0.0
RP11-573D15.2	1	1	0.3333333333333333	0.0
ZNF705B	1	1	0.3333333333333333	0.0
PCDHGC4	1	1	0.3333333333333333	0.0
RP11-368M16.6	1	1	0.3333333333333333	0.0
FAM27D1	1	1	0.3333333333333333	0.0
RP11-307N16.6	1	1	0.3333333333333333	0.0
RP11-12A20.7	1	1	0.3333333333333333	0.0
TBC1D30	1	1	0.3333333333333333	0.0
AC024592.12	1	1	0.3333333333333333	0.0
NOS2P1	1	1	0.3333333333333333	0.0
NUTM2B	1	1	0.3333333333333333	0.0
NUTM2E	1	1	0.3333333333333333	0.0
MTATP8P1	1	1	0.3333333333333333	0.0
SLC7A11-AS1	1	1	0.3333333333333333	0.0
NOS2	1	1	0.3333333333333333	0.0
FAM53C	1	1	0.3333333333333333	0.0
DNAJB1P1	1	1	0.3333333333333333	0.0
RPSAP41	1	1	0.3333333333333333	0.0
RPSAP57	1	1	0.3333333333333333	0.0
DAPP1	1	1	0.3333333333333333	0.0
RP11-309I15.1	1	1	0.3333333333333333	0.0
ZBTB20-AS4	1	1	0.3333333333333333	0.0
RP1-206D15.5	1	1	0.3333333333333333	0.0
MTRNR2L12	1	1	0.3333333333333333	0.0
RP11-383J24.2	1	1	0.3333333333333333	0.0
PDE4DIP	1	1	0.3333333333333333	0.0
CREB3L2	1	1	0.3333333333333333	0.0
CEBPD	1	1	0.3333333333333333	0.0
SH2D3A	1	1	0.3333333333333333	0.0
SPATA13	1	1	0.3333333333333333	0.0
RP11-475J5.6	1	1	0.3333333333333333	0.0
TRIM11	1	2	0.3333333333333333	0.0
AC104782.3	1	2	0.3333333333333333	0.0
OR11K1P	1	1	0.3333333333333333	0.0
RP11-19P22.5	1	1	0.3333333333333333	0.0
SIRPB1	1	1	0.3333333333333333	0.0
LASP1	1	1	0.3333333333333333	0.0
AC092669.3	1	1	0.3333333333333333	0.0
IL36B	1	1	0.3333333333333333	0.0
RP11-1144P22.1	1	1	0.2857142857142857	0.0
SRD5A3	1	2	0.2857142857142857	0.0
RN7SL199P	1	2	0.2857142857142857	0.0
RN7SL656P	1	2	0.2857142857142857	0.0
RN7SL739P	1	2	0.2857142857142857	0.0
RN7SL270P	1	2	0.2857142857142857	0.0
RP1-309K20.6	1	1	0.2727272727272727	0.0
NDUFA3	1	1	0.25	0.0
ZNF93	1	1	0.25	0.0
PLCB1	1	1	0.25	0.0
DENND3	1	1	0.25	0.0
CREBBP	1	1	0.25	0.0
CTF1	1	1	0.25	0.0
MT-ND6	1	1	0.25	0.0
C1orf21	1	1	0.25	0.0
RP11-142A23.1	1	1	0.25	0.0
RP11-486O13.2	1	1	0.25	0.0
RP11-384K6.2	1	1	0.25	0.0
KIAA1456	1	1	0.25	0.0
RP11-211N8.7	1	1	0.25	0.0
RP11-111F5.8	1	1	0.25	0.0
RP11-475J5.11	1	1	0.25	0.0
RP11-475I24.8	1	1	0.25	0.0
AC174470.1	1	1	0.25	0.0
CTD-2021A8.2	1	1	0.25	0.0
CTD-2021A8.3	1	1	0.25	0.0
AL589675.1	1	1	0.25	0.0
RP11-35G9.5	1	1	0.25	0.0
FKBP7	1	1	0.25	0.0
ABCB6	1	1	0.25	0.0
SYT12	1	1	0.25	0.0
RP11-638I8.1	1	1	0.25	0.0
MGP	1	1	0.25	0.0
PDXK	1	1	0.25	0.0
AC008410.1	1	1	0.25	0.0
PDK1	1	1	0.25	0.0
LDLR	1	1	0.25	0.0
RP11-175I6.5	1	1	0.25	0.0
CTC-550B14.7	1	1	0.25	0.0
RN7SL703P	1	1	0.25	0.0
MTND6P3	1	1	0.25	0.0
MTND6P4	1	1	0.25	0.0
GTF2IRD2	1	1	0.25	0.0
AC112198.2	1	1	0.25	0.0
RP11-380P13.2	1	1	0.25	0.0
ULBP1	1	1	0.25	0.0
CTB-36O1.7	1	1	0.25	0.0
RP11-380M21.4	1	1	0.25	0.0
GRAMD1C	1	1	0.25	0.0
GOLGA8B	1	1	0.25	0.0
NUP155	1	1	0.25	0.0
RP11-465I4.2	1	1	0.25	0.0
RP11-469N6.1	1	1	0.25	0.0
RP11-846F4.9	1	1	0.25	0.0
AL033403.1	1	1	0.25	0.0
TUBB4BP7	1	1	0.25	0.0
PPCS	1	1	0.25	0.0
RP11-475J5.7	1	1	0.25	0.0
RP11-634B22.4	1	1	0.25	0.0
RP11-15B24.2	1	2	0.2222222222222222	0.0
XRCC2	1	1	0.2222222222222222	0.0
RP11-627H22.8	1	2	0.2222222222222222	0.0
RP11-12N13.4	1	2	0.2222222222222222	0.0
MTCO3P1	1	2	0.2222222222222222	0.0
RP11-63H19.1	1	2	0.2222222222222222	0.0
SCO2	1	1	0.2222222222222222	0.0
RP11-100G15.3	1	2	0.2222222222222222	0.0
RP3-420J14.1	1	1	0.2	0.0
ABCC9	1	1	0.2	0.0
ZNF816-ZNF321P	1	1	0.2	0.0
CDK11B	1	1	0.2	0.0
AC009133.17	1	1	0.2	0.0
RP11-253I19.4	1	1	0.2	0.0
CPT1A	1	1	0.2	0.0
SOAT1	1	1	0.2	0.0
RP4-800G7.1	1	3	0.2	0.0
LY6G5B	1	1	0.2	0.0
ZNF624	1	1	0.2	0.0
XIAP	1	1	0.2	0.0
ILDR2	1	1	0.2	0.0
BRIX1	1	1	0.2	0.0
ABL1	1	1	0.2	0.0
RP3-449O17.1	1	1	0.2	0.0
CYSLTR1	1	1	0.2	0.0
POLR2J4	1	1	0.2	0.0
ZNF552	1	1	0.2	0.0
CTD-2210P15.2	1	1	0.2	0.0
RP11-191L9.4	1	1	0.2	0.0
OGDH	1	1	0.2	0.0
PDP2	1	1	0.2	0.0
AC022182.2	1	1	0.2	0.0
INPP5D	1	1	0.2	0.0
RP11-466H18.1	1	3	0.2	0.0
RP11-326I11.3	1	1	0.2	0.0
LCE1D	1	1	0.2	0.0
LCE1F	1	1	0.2	0.0
YIPF6	1	1	0.2	0.0
RP11-83J16.1	1	3	0.2	0.0
ZNF816	1	1	0.2	0.0
WASH4P	1	1	0.2	0.0
DUSP6	1	1	0.2	0.0
RP11-308D16.4	1	1	0.2	0.0
ZNF776	1	1	0.2	0.0
RABL3	1	1	0.16666666666666666	0.0
RP11-454K7.1	1	1	0.16666666666666666	0.0
BLACE	1	1	0.16666666666666666	0.0
TGFBRAP1	1	1	0.16666666666666666	0.0
ZNF705G	1	1	0.16666666666666666	0.0
ZNF705E	1	1	0.16666666666666666	0.0
ZNF705D	1	1	0.16666666666666666	0.0
ZNF705A	1	1	0.16666666666666666	0.0
AC074117.10	1	1	0.16666666666666666	0.0
NUTM2D	1	1	0.16666666666666666	0.0
NUTM2A	1	1	0.16666666666666666	0.0
FAM122C	1	1	0.16666666666666666	0.0
RP11-548K12.2	1	1	0.16666666666666666	0.0
MKI67IPP2	1	1	0.16666666666666666	0.0
RP11-157L3.4	1	1	0.16666666666666666	0.0
RP11-277P12.10	1	1	0.14285714285714285	0.0
CTD-2354A18.1	1	1	0.14285714285714285	0.0
RP11-359M6.1	1	1	0.14285714285714285	0.0
NPM1P6	1	1	0.14285714285714285	0.0
NPM1P25	1	1	0.14285714285714285	0.0
NPM1P35	1	1	0.14285714285714285	0.0
NPM1P37	1	1	0.14285714285714285	0.0
NPM1P33	1	1	0.14285714285714285	0.0
NPM1P46	1	1	0.14285714285714285	0.0
NPM1P50	1	1	0.14285714285714285	0.0
RP1-90L6.2	1	1	0.14285714285714285	0.0
TM4SF19-AS1	1	1	0.14285714285714285	0.0
PSMA6P1	1	1	0.14285714285714285	0.0
AC007318.5	1	1	0.13333333333333333	0.0
RNU1-104P	1	1	0.125	0.0
AC097639.1	1	1	0.125	0.0
AL121869.1	1	1	0.125	0.0
GAGE1	1	1	0.125	0.0
AL035088.1	1	1	0.125	0.0
TMEM105	1	1	0.125	0.0
KRT18P11	1	1	0.125	0.0
KRT18P10	1	1	0.125	0.0
KRT18P15	1	1	0.125	0.0
HNRNPA1P48	1	1	0.125	0.0
KRT18P49	1	1	0.125	0.0
GTF2IRD2P1	1	1	0.125	0.0
TOR1A	1	1	0.125	0.0
AC012667.1	1	1	0.125	0.0
DNAL1	1	1	0.125	0.0
PTCD3	1	1	0.125	0.0
OCIAD1	1	1	0.125	0.0
ZC3H18	1	1	0.125	0.0
CTD-2383I20.1	1	1	0.1111111111111111	0.0
RP11-1018N14.5	1	1	0.1111111111111111	0.0
FUT5	1	1	0.1111111111111111	0.0
CFLAR	1	1	0.1111111111111111	0.0
DGKE	1	1	0.1	0.0
ZNF16	1	1	0.1	0.0
RWDD1	1	1	0.1	0.0
MTO1	1	1	0.1	0.0
ADD3	1	1	0.1	0.0
RP11-266E8.2	1	1	0.1	0.0
ZNF587B	1	1	0.1	0.0
YARS	1	1	0.1	0.0
ZNF814	1	1	0.1	0.0
PTK6	1	1	0.1	0.0
RP11-97E7.1	1	1	0.09090909090909091	0.0
RP11-197P3.4	1	1	0.09090909090909091	0.0
NUPL2	1	1	0.09090909090909091	0.0
SUSD5	1	1	0.09090909090909091	0.0
RP11-287D1.3	1	1	0.09090909090909091	0.0
AC005082.1	1	1	0.09090909090909091	0.0
RTN3P1	1	1	0.09090909090909091	0.0
KIAA0391	1	1	0.07142857142857142	0.0
PSMA6P4	1	1	0.07142857142857142	0.0
GAGE2C	1	1	0.0625	0.0
GAGE2B	1	1	0.0625	0.0
GAGE2E	1	1	0.0625	0.0
GAGE2D	1	1	0.0625	0.0
GAGE2A	1	1	0.0625	0.0
GAGE13	1	1	0.0625	0.0
GAGE12J	1	1	0.0625	0.0
GAGE12I	1	1	0.0625	0.0
GAGE12C	1	1	0.0625	0.0
GAGE12D	1	1	0.0625	0.0
GAGE12E	1	1	0.0625	0.0
GAGE12F	1	1	0.0625	0.0
GAGE12G	1	1	0.0625	0.0
GAGE12H	1	1	0.0625	0.0
AC011718.1	1	1	0.04	0.0
