ReferenceID	uniqueReadCount	totalReadCount	multimapAdjustedReadCount	multimapAdjustedBarcodeCount
tRNA-Gly-CCC-1-2	1308	49304	4838.793604974585	0.0
tRNA-Gly-CCC-1-1	1308	49304	4838.793604974585	0.0
tRNA-Gly-GCC-2-1	1476	50882	4804.43163916261	0.0
tRNA-Gly-GCC-2-5	1476	50882	4804.43163916261	0.0
tRNA-Gly-GCC-2-4	1476	50882	4804.43163916261	0.0
tRNA-Gly-GCC-2-3	1476	50882	4804.43163916261	0.0
tRNA-Gly-GCC-2-2	1476	50882	4804.43163916261	0.0
tRNA-Gly-GCC-2-6	1476	50882	4804.43163916261	0.0
tRNA-Gly-GCC-3-1	1466	50869	4803.098305829277	0.0
tRNA-Gly-GCC-5-1	1371	50643	4775.712652593626	0.0
tRNA-Gly-GCC-1-5	1170	27644	4490.97080832672	0.0
tRNA-Gly-GCC-1-3	1170	27644	4490.97080832672	0.0
tRNA-Gly-GCC-1-4	1170	27644	4490.97080832672	0.0
tRNA-Gly-GCC-1-1	1170	27644	4490.97080832672	0.0
tRNA-Gly-GCC-1-2	1170	27644	4490.97080832672	0.0
tRNA-Val-CAC-2-1	219	2020	1989.1354575163393	0.0
tRNA-Glu-CTC-1-7	894	12090	1504.8714091464087	0.0
tRNA-Glu-CTC-1-6	894	12090	1504.8714091464087	0.0
tRNA-Glu-CTC-1-5	894	12090	1504.8714091464087	0.0
tRNA-Glu-CTC-1-4	894	12090	1504.8714091464087	0.0
tRNA-Glu-CTC-1-3	894	12090	1504.8714091464087	0.0
tRNA-Glu-CTC-1-2	894	12090	1504.8714091464087	0.0
tRNA-Glu-CTC-1-1	894	12090	1504.8714091464087	0.0
tRNA-Glu-CTC-2-1	827	11936	1487.6646270396266	0.0
tRNA-His-GTG-1-4	803	10005	1102.1777777777722	0.0
tRNA-His-GTG-1-5	803	10005	1102.1777777777722	0.0
tRNA-His-GTG-1-2	803	10005	1102.1777777777722	0.0
tRNA-His-GTG-1-3	803	10005	1102.1777777777722	0.0
tRNA-His-GTG-1-1	803	10005	1102.1777777777722	0.0
tRNA-His-GTG-1-9	803	10005	1102.1777777777722	0.0
tRNA-His-GTG-1-8	803	10005	1102.1777777777722	0.0
tRNA-His-GTG-1-7	803	10005	1102.1777777777722	0.0
tRNA-His-GTG-1-6	803	10005	1102.1777777777722	0.0
tRNA-Lys-CTT-1-1	378	3268	1084.3464646464627	0.0
tRNA-Lys-CTT-1-2	378	3268	1084.3464646464627	0.0
tRNA-Lys-CTT-4-1	336	3100	1025.538131313133	0.0
tRNA-Glu-TTC-2-2	355	1590	722.95	0.0
tRNA-Glu-TTC-2-1	355	1590	722.95	0.0
tRNA-Val-CAC-8-1	370	6246	448.46593542187077	0.0
tRNA-Lys-CTT-2-1	282	2191	370.63614718614747	0.0
tRNA-Lys-CTT-2-3	282	2191	370.63614718614747	0.0
tRNA-Lys-CTT-2-2	282	2191	370.63614718614747	0.0
tRNA-Lys-CTT-2-5	282	2191	370.63614718614747	0.0
tRNA-Lys-CTT-2-4	282	2191	370.63614718614747	0.0
tRNA-Glu-TTC-9-1	350	6165	369.56261651855175	0.0
tRNA-Gly-CCC-6-1	313	6022	350.61949215925114	0.0
tRNA-Val-AAC-2-1	76	387	339.21358543417364	0.0
tRNA-Lys-CTT-3-1	138	1498	256.3895202020201	0.0
tRNA-Glu-TTC-1-2	166	654	254.95	0.0
tRNA-Glu-TTC-1-1	166	654	254.95	0.0
tRNA-Lys-TTT-3-4	185	1266	202.684704184704	0.0
tRNA-Lys-TTT-3-5	185	1266	202.684704184704	0.0
tRNA-Lys-TTT-3-2	185	1266	202.684704184704	0.0
tRNA-Lys-TTT-3-3	185	1266	202.684704184704	0.0
tRNA-Lys-TTT-3-1	185	1266	202.684704184704	0.0
tRNA-Lys-TTT-5-1	175	1253	201.3210678210677	0.0
tRNA-Ala-CGC-3-1	44	1321	186.71428571428572	0.0
tRNA-His-GTG-2-1	117	950	181.3999999999998	0.0
tRNA-Ala-TGC-4-1	40	1303	166.35714285714286	0.0
tRNA-Ala-TGC-3-2	41	1304	164.3571428571429	0.0
tRNA-Ala-TGC-3-1	41	1304	164.3571428571429	0.0
tRNA-Ala-CGC-2-1	40	1302	163.3571428571429	0.0
tRNA-Ala-CGC-1-1	36	1297	161.85714285714286	0.0
tRNA-Ala-TGC-2-1	36	1297	161.85714285714286	0.0
tRNA-Ala-AGC-4-1	36	1297	161.85714285714286	0.0
tRNA-Val-CAC-1-5	194	1632	105.57374993857194	0.0
tRNA-Val-CAC-1-4	194	1632	105.57374993857194	0.0
tRNA-Val-CAC-1-6	194	1632	105.57374993857194	0.0
tRNA-Val-CAC-1-1	194	1632	105.57374993857194	0.0
tRNA-Val-CAC-1-3	194	1632	105.57374993857194	0.0
tRNA-Val-CAC-1-2	194	1632	105.57374993857194	0.0
tRNA-Val-CAC-4-1	192	1630	105.41898803381002	0.0
tRNA-Val-AAC-3-1	181	1612	104.9665137107475	0.0
tRNA-Val-CAC-5-1	189	1620	104.2887359329697	0.0
tRNA-Val-AAC-1-1	183	1613	103.18009914492114	0.0
tRNA-Val-AAC-1-2	183	1613	103.18009914492114	0.0
tRNA-Val-AAC-1-3	183	1613	103.18009914492114	0.0
tRNA-Val-AAC-1-4	183	1613	103.18009914492114	0.0
tRNA-Val-AAC-1-5	183	1613	103.18009914492114	0.0
tRNA-Val-AAC-4-1	181	1611	103.03794228217605	0.0
tRNA-Glu-TTC-4-1	169	549	98.17498057498055	0.0
tRNA-Glu-TTC-4-2	169	549	98.17498057498055	0.0
tRNA-Gln-CTG-1-4	216	756	82.24046786546796	0.0
tRNA-Gln-CTG-1-3	216	756	82.24046786546796	0.0
tRNA-Gln-CTG-1-5	216	756	82.24046786546796	0.0
tRNA-Gln-CTG-1-1	216	756	82.24046786546796	0.0
tRNA-Gln-CTG-1-2	216	756	82.24046786546796	0.0
tRNA-Gln-CTG-2-1	202	740	82.04046786546792	0.0
tRNA-Glu-TTC-3-1	103	397	81.33962703962706	0.0
tRNA-Glu-TTC-8-1	88	371	78.4820512820513	0.0
tRNA-Val-TAC-1-1	75	176	77.56052631578946	0.0
tRNA-Val-TAC-1-2	75	176	77.56052631578946	0.0
tRNA-Gly-CCC-2-2	70	151	75.5	0.0
tRNA-Gly-CCC-2-1	70	151	75.5	0.0
tRNA-Gly-CCC-chr1-16	117	1421	72.35253309492435	0.0
tRNA-Gly-CCC-chr1-19	117	1421	72.35253309492435	0.0
tRNA-Gln-CTG-5-1	149	620	66.4588827838829	0.0
tRNA-Lys-CTT-6-1	121	249	61.89090909090911	0.0
tRNA-Cys-GCA-6-1	69	535	59.95420272159406	0.0
tRNA-Pro-TGG-2-1	56	111	58.87919799498748	0.0
tRNA-Val-CAC-3-1	26	70	57.77573529411766	0.0
tRNA-Ala-CGC-4-1	67	570	53.071053946053944	0.0
tRNA-Ala-AGC-7-1	67	570	53.071053946053944	0.0
tRNA-Ala-AGC-2-1	67	570	53.071053946053944	0.0
tRNA-Ala-AGC-2-2	67	570	53.071053946053944	0.0
tRNA-Ala-AGC-3-1	67	570	53.071053946053944	0.0
tRNA-Ala-AGC-5-1	67	570	53.071053946053944	0.0
tRNA-Gly-CCC-3-1	38	91	49.4495027918941	0.0
tRNA-Lys-CTT-7-1	87	319	45.78614718614721	0.0
tRNA-Ala-TGC-6-1	42	473	43.49313186813188	0.0
tRNA-Leu-CAA-4-1	22	52	42.4	0.0
tRNA-Lys-CTT-11-1	82	313	42.11948051948052	0.0
tRNA-Val-TAC-2-1	46	70	41.75000000000001	0.0
tRNA-Gln-TTG-2-1	78	325	35.94935897435897	0.0
tRNA-Ser-AGA-2-6	37	431	35.8573453836612	0.0
tRNA-Ser-AGA-1-1	37	431	35.8573453836612	0.0
tRNA-Ser-AGA-2-1	37	431	35.8573453836612	0.0
tRNA-Ser-AGA-2-3	37	431	35.8573453836612	0.0
tRNA-Ser-AGA-2-2	37	431	35.8573453836612	0.0
tRNA-Ser-AGA-2-5	37	431	35.8573453836612	0.0
tRNA-Ser-AGA-2-4	37	431	35.8573453836612	0.0
tRNA-Ser-AGA-3-1	37	431	35.8573453836612	0.0
tRNA-Ser-TGA-3-1	37	431	35.8573453836612	0.0
tRNA-Ser-TGA-2-1	37	431	35.8573453836612	0.0
tRNA-Ser-TGA-4-1	36	430	35.76643629275211	0.0
tRNA-Ala-TGC-1-1	38	465	35.73176823176824	0.0
tRNA-Ala-TGC-5-1	38	465	35.73176823176824	0.0
tRNA-Ala-TGC-7-1	38	465	35.73176823176824	0.0
tRNA-Val-AAC-6-1	38	465	35.73176823176824	0.0
tRNA-Ala-TGC-8-1	38	465	35.73176823176824	0.0
tRNA-Ser-AGA-4-1	29	423	35.25757575757577	0.0
tRNA-Gln-TTG-1-1	78	325	35.04935897435897	0.0
tRNA-Val-AAC-5-1	54	586	34.766408668730655	0.0
tRNA-Gln-TTG-3-1	81	324	34.482692307692304	0.0
tRNA-Gln-TTG-3-2	81	324	34.482692307692304	0.0
tRNA-Gln-TTG-3-3	81	324	34.482692307692304	0.0
tRNA-Gly-CCC-4-1	53	258	32.53677750548461	0.0
tRNA-Val-CAC-7-1	27	455	31.65073529411764	0.0
tRNA-Cys-GCA-5-1	19	70	30.273148148148145	0.0
tRNA-Pro-TGG-1-1	28	45	29.561034940291904	0.0
tRNA-Lys-TTT-4-1	70	194	28.15295815295815	0.0
tRNA-Lys-TTT-6-1	62	184	24.152958152958153	0.0
tRNA-Asp-GTC-1-1	22	33	23.777472527472526	0.0
tRNA-Cys-GCA-4-1	51	173	22.637261329652627	0.0
tRNA-Cys-GCA-2-3	51	173	22.637261329652627	0.0
tRNA-Cys-GCA-2-4	51	173	22.637261329652627	0.0
tRNA-Cys-GCA-2-1	51	173	22.637261329652627	0.0
tRNA-Cys-GCA-2-2	51	173	22.637261329652627	0.0
tRNA-Gly-GCC-4-1	65	256	22.283746954799593	0.0
tRNA-Gly-TCC-1-1	32	44	22.02777777777778	0.0
tRNA-Asp-GTC-2-4	122	252	21.27863802863803	0.0
tRNA-Asp-GTC-2-3	122	252	21.27863802863803	0.0
tRNA-Asp-GTC-2-2	122	252	21.27863802863803	0.0
tRNA-Asp-GTC-2-1	122	252	21.27863802863803	0.0
tRNA-Asp-GTC-2-9	122	252	21.27863802863803	0.0
tRNA-Asp-GTC-2-8	122	252	21.27863802863803	0.0
tRNA-Asp-GTC-2-7	122	252	21.27863802863803	0.0
tRNA-Asp-GTC-2-6	122	252	21.27863802863803	0.0
tRNA-Asp-GTC-2-5	122	252	21.27863802863803	0.0
tRNA-Asp-GTC-2-10	122	252	21.27863802863803	0.0
tRNA-Asp-GTC-2-11	122	252	21.27863802863803	0.0
tRNA-SeC-TCA-1-1	11	21	19.5	0.0
tRNA-Pro-TGG-3-5	100	280	17.715932601110612	0.0
tRNA-Pro-TGG-3-3	100	280	17.715932601110612	0.0
tRNA-Pro-TGG-3-4	100	280	17.715932601110612	0.0
tRNA-Pro-TGG-3-1	100	280	17.715932601110612	0.0
tRNA-Pro-TGG-3-2	100	280	17.715932601110612	0.0
tRNA-Arg-CCT-4-1	32	44	17.566666666666663	0.0
tRNA-Ala-AGC-1-1	19	94	16.851190476190474	0.0
tRNA-Gln-CTG-6-1	46	182	16.71491841491842	0.0
tRNA-Arg-CCG-2-1	13	17	16.166666666666664	0.0
tRNA-Gly-CCC-5-1	50	241	16.03481747720878	0.0
tRNA-Ser-GCT-3-1	21	103	15.2880813143971	0.0
tRNA-Trp-CCA-4-1	10	16	15.2	0.0
tRNA-Pro-CGG-1-1	95	266	15.149265934443935	0.0
tRNA-Pro-CGG-1-2	95	266	15.149265934443935	0.0
tRNA-Pro-CGG-1-3	95	266	15.149265934443935	0.0
tRNA-Pro-CGG-2-1	91	260	14.792648287385113	0.0
tRNA-Glu-TTC-10-1	29	78	14.582051282051278	0.0
tRNA-Pro-AGG-2-4	93	264	14.549265934443936	0.0
tRNA-Pro-AGG-2-3	93	264	14.549265934443936	0.0
tRNA-Pro-AGG-2-6	93	264	14.549265934443936	0.0
tRNA-Pro-AGG-2-5	93	264	14.549265934443936	0.0
tRNA-Pro-AGG-2-8	93	264	14.549265934443936	0.0
tRNA-Pro-AGG-2-7	93	264	14.549265934443936	0.0
tRNA-Pro-AGG-2-1	93	264	14.549265934443936	0.0
tRNA-Pro-AGG-2-2	93	264	14.549265934443936	0.0
tRNA-Ser-GCT-2-1	21	103	14.454747981063768	0.0
tRNA-Ser-GCT-1-1	21	103	14.454747981063768	0.0
tRNA-Ser-GCT-4-3	21	103	14.454747981063768	0.0
tRNA-Ser-GCT-4-2	21	103	14.454747981063768	0.0
tRNA-Ser-GCT-4-1	21	103	14.454747981063768	0.0
tRNA-Pro-AGG-1-1	89	258	14.192648287385113	0.0
tRNA-Ser-GCT-5-1	19	101	14.145224171539956	0.0
tRNA-Leu-CAG-1-7	19	127	14.131746031746026	0.0
tRNA-Leu-CAG-1-6	19	127	14.131746031746026	0.0
tRNA-Leu-CAG-1-5	19	127	14.131746031746026	0.0
tRNA-Leu-CAG-1-4	19	127	14.131746031746026	0.0
tRNA-Leu-CAG-1-3	19	127	14.131746031746026	0.0
tRNA-Leu-CAG-1-2	19	127	14.131746031746026	0.0
tRNA-Leu-CAG-1-1	19	127	14.131746031746026	0.0
tRNA-Leu-TAA-1-1	12	15	14.037037037037038	0.0
tRNA-Leu-CAG-2-2	18	126	13.988888888888884	0.0
tRNA-Leu-CAG-2-1	18	126	13.988888888888884	0.0
tRNA-Gln-CTG-3-1	42	178	13.78158508158509	0.0
tRNA-Gln-CTG-3-2	42	178	13.78158508158509	0.0
tRNA-Gln-CTG-4-2	42	177	13.40658508158509	0.0
tRNA-Gln-CTG-4-1	42	177	13.40658508158509	0.0
tRNA-Asp-GTC-3-1	76	160	13.303113553113569	0.0
tRNA-Ala-AGC-6-1	5	13	13.0	0.0
tRNA-Gln-CTG-12-1	11	21	12.62051282051282	0.0
tRNA-Ala-AGC-11-1	5	12	12.0	0.0
tRNA-Asp-ATC-chr6-103	15	89	11.779761904761903	0.0
tRNA-Arg-CCT-3-1	27	38	11.566666666666668	0.0
tRNA-Leu-AAG-2-1	31	95	11.541269841269836	0.0
tRNA-Leu-AAG-2-3	31	95	11.541269841269836	0.0
tRNA-Leu-AAG-2-2	31	95	11.541269841269836	0.0
tRNA-Leu-AAG-2-4	31	95	11.541269841269836	0.0
tRNA-Leu-TAG-1-1	26	90	11.30555555555555	0.0
tRNA-Cys-GCA-chr5-2	39	85	11.164113181504485	0.0
tRNA-Gln-CTG-7-1	23	151	11.042948717948716	0.0
tRNA-Gln-CTG-chr19-4	19	144	10.764102564102563	0.0
tRNA-Cys-GCA-1-1	35	65	10.560818328209631	0.0
tRNA-Met-CAT-1-1	11	18	10.5	0.0
tRNA-Leu-AAG-3-1	25	88	9.841269841269837	0.0
tRNA-Leu-AAG-1-3	24	87	9.80555555555555	0.0
tRNA-Leu-AAG-1-1	24	87	9.80555555555555	0.0
tRNA-Leu-AAG-1-2	24	87	9.80555555555555	0.0
tRNA-Lys-CTT-chr15-5	24	35	8.625	0.0
tRNA-Met-CAT-6-1	9	16	8.5	0.0
tRNA-Gly-TCC-2-6	39	56	8.051587301587304	0.0
tRNA-Gly-TCC-2-5	39	56	8.051587301587304	0.0
tRNA-Gly-TCC-2-4	39	56	8.051587301587304	0.0
tRNA-Gly-TCC-2-3	39	56	8.051587301587304	0.0
tRNA-Gly-TCC-2-2	39	56	8.051587301587304	0.0
tRNA-Gly-TCC-2-1	39	56	8.051587301587304	0.0
tRNA-Gly-TCC-3-1	22	30	8.027777777777779	0.0
tRNA-iMet-CAT-2-1	30	75	7.788888888888884	0.0
tRNA-iMet-CAT-1-8	30	75	7.788888888888884	0.0
tRNA-iMet-CAT-1-7	30	75	7.788888888888884	0.0
tRNA-iMet-CAT-1-6	30	75	7.788888888888884	0.0
tRNA-iMet-CAT-1-5	30	75	7.788888888888884	0.0
tRNA-iMet-CAT-1-4	30	75	7.788888888888884	0.0
tRNA-iMet-CAT-1-3	30	75	7.788888888888884	0.0
tRNA-iMet-CAT-1-2	30	75	7.788888888888884	0.0
tRNA-iMet-CAT-1-1	30	75	7.788888888888884	0.0
tRNA-Leu-CAA-1-1	13	21	7.4	0.0
tRNA-Gln-TTG-4-1	15	42	6.7660256410256405	0.0
tRNA-Arg-CCT-1-1	19	28	6.566666666666668	0.0
tRNA-Arg-CCT-2-1	19	28	6.566666666666668	0.0
tRNA-Leu-CAA-1-2	12	20	6.4	0.0
tRNA-Met-CAT-3-2	20	26	6.238095238095241	0.0
tRNA-Met-CAT-3-1	20	26	6.238095238095241	0.0
tRNA-Gly-CCC-7-1	16	39	6.166666666666666	0.0
tRNA-Lys-TTT-15-1	5	6	6.0	0.0
tRNA-Arg-TCT-1-1	9	11	5.4	0.0
tRNA-Trp-CCA-2-1	5	6	5.166666666666666	0.0
tRNA-Leu-TAG-2-1	7	9	4.985714285714286	0.0
tRNA-Arg-TCT-3-1	11	15	4.8999999999999995	0.0
tRNA-Arg-TCT-3-2	11	15	4.8999999999999995	0.0
tRNA-Thr-CGT-6-1	14	49	4.8999999999999995	0.0
tRNA-Tyr-GTA-5-3	17	21	4.81105006105006	0.0
tRNA-Arg-CCT-5-1	14	23	4.566666666666667	0.0
tRNA-Arg-TCT-2-1	9	12	4.4	0.0
tRNA-Tyr-GTA-1-1	10	13	4.326923076923077	0.0
tRNA-Lys-CTT-5-1	11	17	4.2444444444444445	0.0
tRNA-Und-NNN-3-1	9	21	4.2	0.0
tRNA-Cys-ACA-1-1	19	37	4.156746031746032	0.0
tRNA-Tyr-GTA-2-1	17	22	4.0888278388278385	0.0
tRNA-Val-TAC-3-1	11	14	4.060526315789474	0.0
tRNA-Arg-TCG-1-1	4	4	4.0	0.0
tRNA-Ala-AGC-8-1	2	8	4.0	0.0
tRNA-Ala-AGC-8-2	2	8	4.0	0.0
tRNA-Tyr-GTA-8-1	9	12	3.9935897435897436	0.0
tRNA-Tyr-GTA-5-4	17	20	3.81105006105006	0.0
tRNA-Asp-GTC-5-1	23	43	3.5576923076923084	0.0
tRNA-Ala-TGC-9-1	2	3	3.0	0.0
tRNA-Met-CAT-4-3	15	20	2.9880952380952377	0.0
tRNA-Met-CAT-4-1	15	20	2.9880952380952377	0.0
tRNA-Met-CAT-4-2	15	20	2.9880952380952377	0.0
tRNA-Met-CAT-2-1	15	20	2.9880952380952377	0.0
tRNA-Tyr-GTA-5-5	16	19	2.8110500610500613	0.0
tRNA-Tyr-GTA-5-2	16	19	2.8110500610500613	0.0
tRNA-Tyr-GTA-5-1	16	19	2.8110500610500613	0.0
tRNA-Lys-TTT-11-1	6	7	2.714285714285714	0.0
tRNA-Arg-CCG-1-3	8	9	2.642857142857143	0.0
tRNA-Arg-CCG-1-2	8	9	2.642857142857143	0.0
tRNA-Arg-CCG-1-1	8	9	2.642857142857143	0.0
tRNA-Gly-TCC-4-1	10	14	2.6349206349206344	0.0
tRNA-Met-CAT-5-1	13	18	2.5714285714285707	0.0
tRNA-Und-NNN-4-1	12	22	2.5333333333333337	0.0
tRNA-Glu-TTC-6-1	5	10	2.5111111111111115	0.0
tRNA-Leu-TAG-3-1	3	3	2.5	0.0
tRNA-Gly-GCC-6-1	4	5	2.4999999999999996	0.0
tRNA-Asn-GTT-2-1	21	24	2.4927206851119896	0.0
tRNA-Asn-GTT-2-2	21	24	2.4927206851119896	0.0
tRNA-Asn-GTT-2-3	21	24	2.4927206851119896	0.0
tRNA-Asn-GTT-2-4	21	24	2.4927206851119896	0.0
tRNA-Asn-GTT-2-5	21	24	2.4927206851119896	0.0
tRNA-Asn-GTT-2-6	21	24	2.4927206851119896	0.0
tRNA-Leu-CAA-3-1	6	12	2.4	0.0
tRNA-Leu-CAA-2-1	6	12	2.4	0.0
tRNA-Lys-CTT-10-1	4	6	2.253409090909091	0.0
tRNA-Glu-CTC-3-1	8	20	2.1797979797979794	0.0
tRNA-Asn-GTT-3-1	18	21	2.135144927536232	0.0
tRNA-Asn-GTT-3-2	18	21	2.135144927536232	0.0
tRNA-Cys-GCA-8-1	19	29	2.1150613074526117	0.0
tRNA-Cys-GCA-15-1	19	29	2.1150613074526117	0.0
tRNA-Cys-GCA-13-1	19	29	2.1150613074526117	0.0
tRNA-Cys-GCA-9-4	19	29	2.1150613074526117	0.0
tRNA-Cys-GCA-9-2	19	29	2.1150613074526117	0.0
tRNA-Cys-GCA-9-3	19	29	2.1150613074526117	0.0
tRNA-Cys-GCA-9-1	19	29	2.1150613074526117	0.0
tRNA-Cys-GCA-10-1	19	29	2.1150613074526117	0.0
tRNA-Lys-TTT-12-1	3	3	2.1	0.0
tRNA-Ile-AAT-4-1	7	15	2.0712121212121213	0.0
tRNA-Asn-GTT-6-1	9	11	2.0	0.0
tRNA-Thr-TGT-1-1	2	2	2.0	0.0
tRNA-Phe-GAA-1-6	10	15	1.9833333333333336	0.0
tRNA-Phe-GAA-1-1	10	15	1.9833333333333336	0.0
tRNA-Phe-GAA-1-2	10	15	1.9833333333333336	0.0
tRNA-Phe-GAA-1-3	10	15	1.9833333333333336	0.0
tRNA-Phe-GAA-1-4	10	15	1.9833333333333336	0.0
tRNA-Phe-GAA-1-5	10	15	1.9833333333333336	0.0
tRNA-Cys-GCA-14-1	17	25	1.9669131593044635	0.0
tRNA-Cys-GCA-19-1	17	25	1.9669131593044635	0.0
tRNA-Tyr-GTA-3-1	6	8	1.8269230769230769	0.0
tRNA-Lys-CTT-16-1	5	5	1.7666666666666668	0.0
tRNA-Lys-TTT-2-1	8	9	1.7525252525252524	0.0
tRNA-Lys-TTT-1-1	8	9	1.7525252525252524	0.0
tRNA-Ile-AAT-2-1	8	17	1.5863636363636364	0.0
tRNA-Cys-GCA-7-1	7	9	1.5703703703703704	0.0
tRNA-SeC-TCA-2-1	3	3	1.5	0.0
tRNA-Phe-GAA-3-1	5	5	1.4000000000000001	0.0
tRNA-Arg-TCT-5-1	5	7	1.4	0.0
tRNA-Ile-TAT-2-3	2	2	1.3333333333333333	0.0
tRNA-Tyr-GTA-chr1-127	3	3	1.3333333333333333	0.0
tRNA-Tyr-GTA-chr21-2	3	3	1.3333333333333333	0.0
tRNA-Ile-AAT-6-1	6	14	1.3212121212121213	0.0
tRNA-Arg-TCG-5-1	4	4	1.3095238095238093	0.0
tRNA-Arg-TCG-4-1	4	4	1.3095238095238093	0.0
tRNA-Ile-AAT-5-5	7	16	1.253030303030303	0.0
tRNA-Ile-AAT-5-4	7	16	1.253030303030303	0.0
tRNA-Ile-AAT-5-3	7	16	1.253030303030303	0.0
tRNA-Ile-AAT-5-2	7	16	1.253030303030303	0.0
tRNA-Ile-AAT-5-1	7	16	1.253030303030303	0.0
tRNA-Ile-AAT-1-1	7	16	1.253030303030303	0.0
tRNA-Phe-GAA-2-1	7	10	1.2214285714285715	0.0
tRNA-Lys-CTT-12-1	3	3	1.1944444444444444	0.0
tRNA-Lys-CTT-chr16-1	3	3	1.1944444444444444	0.0
tRNA-Lys-CTT-chr7-30	6	9	1.1944444444444442	0.0
tRNA-Asn-GTT-1-1	11	13	1.184387351778656	0.0
tRNA-Lys-CTT-9-1	2	2	1.1666666666666667	0.0
tRNA-Lys-CTT-8-1	2	2	1.0833333333333333	0.0
tRNA-Cys-GCA-17-1	12	17	1.0698010121923165	0.0
tRNA-Ile-AAT-3-1	6	9	1.053030303030303	0.0
tRNA-Ser-TGA-1-1	2	2	1.037037037037037	0.0
tRNA-Ser-CGA-4-1	2	2	1.037037037037037	0.0
tRNA-Glu-CTC-5-1	1	1	1.0	0.0
tRNA-Asn-GTT-21-1	1	1	1.0	0.0
tRNA-Ser-CGA-3-1	1	1	1.0	0.0
tRNA-Thr-AGT-3-1	1	1	1.0	0.0
tRNA-Lys-CTT-15-1	1	1	1.0	0.0
tRNA-Sup-CTA-chr5-1	1	1	1.0	0.0
tRNA-Tyr-GTA-10-1	1	1	1.0	0.0
tRNA-Ser-ACT-1-1	5	13	0.9878787878787879	0.0
tRNA-Tyr-GTA-4-1	6	8	0.9777167277167278	0.0
tRNA-Asn-GTT-5-1	9	10	0.9510540184453229	0.0
tRNA-Cys-GCA-chr11-21	10	13	0.8532767956680998	0.0
tRNA-Cys-GCA-22-1	10	15	0.8475787899700942	0.0
tRNA-Cys-GCA-20-1	10	15	0.8475787899700942	0.0
tRNA-Sup-TTA-1-1	4	7	0.8412698412698412	0.0
tRNA-Phe-GAA-5-1	5	7	0.8285714285714286	0.0
tRNA-Val-CAC-6-1	9	13	0.8132352941176471	0.0
tRNA-Arg-TCG-2-1	3	3	0.8095238095238095	0.0
tRNA-Ile-AAT-7-2	4	11	0.7984848484848485	0.0
tRNA-Ile-AAT-7-1	4	11	0.7984848484848485	0.0
tRNA-Leu-AAG-4-1	3	3	0.7857142857142857	0.0
tRNA-Thr-CGT-3-1	2	3	0.75	0.0
tRNA-Thr-AGT-6-1	2	3	0.75	0.0
tRNA-Thr-AGT-2-2	2	3	0.75	0.0
tRNA-Thr-AGT-2-1	2	3	0.75	0.0
tRNA-Val-TAC-4-1	6	11	0.6580882352941176	0.0
tRNA-Cys-GCA-21-1	3	5	0.6481481481481481	0.0
tRNA-Cys-GCA-23-1	3	5	0.6481481481481481	0.0
tRNA-Arg-TCG-3-1	3	3	0.6428571428571428	0.0
tRNA-Trp-CCA-3-2	3	3	0.5666666666666667	0.0
tRNA-Trp-CCA-3-1	3	3	0.5666666666666667	0.0
tRNA-Trp-CCA-3-3	3	3	0.5666666666666667	0.0
tRNA-Trp-CCA-1-1	3	3	0.5666666666666667	0.0
tRNA-Cys-GCA-3-1	5	9	0.551994301994302	0.0
tRNA-Tyr-GTA-7-1	5	5	0.5491452991452992	0.0
tRNA-Tyr-GTA-6-1	5	5	0.5491452991452992	0.0
tRNA-Ile-GAT-1-1	2	8	0.5333333333333333	0.0
tRNA-Ile-GAT-1-3	2	8	0.5333333333333333	0.0
tRNA-Ile-GAT-1-2	2	8	0.5333333333333333	0.0
tRNA-Cys-GCA-18-1	6	10	0.5231481481481481	0.0
tRNA-Leu-CAG-chr9-3	1	2	0.5	0.0
tRNA-Thr-TGT-3-1	1	2	0.5	0.0
tRNA-Thr-TGT-4-1	1	2	0.5	0.0
tRNA-Thr-TGT-2-1	1	2	0.5	0.0
tRNA-Thr-TGT-5-1	1	2	0.5	0.0
tRNA-Arg-ACG-1-3	2	2	0.47619047619047616	0.0
tRNA-Arg-ACG-1-1	2	2	0.47619047619047616	0.0
tRNA-Arg-ACG-1-2	2	2	0.47619047619047616	0.0
tRNA-Cys-GCA-16-1	3	5	0.40384615384615385	0.0
tRNA-Phe-GAA-6-1	4	4	0.4	0.0
tRNA-Ser-GCT-6-1	4	4	0.39919242550821493	0.0
tRNA-Arg-ACG-2-3	2	2	0.39285714285714285	0.0
tRNA-Arg-ACG-2-2	2	2	0.39285714285714285	0.0
tRNA-Arg-ACG-2-4	2	2	0.39285714285714285	0.0
tRNA-Arg-ACG-2-1	2	2	0.39285714285714285	0.0
tRNA-Asn-GTT-4-1	5	5	0.38438735177865613	0.0
tRNA-Cys-GCA-12-1	4	6	0.375	0.0
tRNA-Trp-CCA-5-1	2	2	0.3666666666666667	0.0
tRNA-Lys-TTT-8-1	3	4	0.36363636363636365	0.0
tRNA-Lys-TTT-14-1	3	4	0.36363636363636365	0.0
tRNA-Ile-TAT-2-2	1	1	0.3333333333333333	0.0
tRNA-Ile-TAT-2-1	1	1	0.3333333333333333	0.0
tRNA-Tyr-GTA-chr14-8	1	1	0.3333333333333333	0.0
tRNA-Tyr-GTA-9-1	3	3	0.29914529914529914	0.0
tRNA-Asp-GTC-4-1	3	4	0.2967032967032967	0.0
tRNA-Ile-AAT-8-1	2	3	0.26515151515151514	0.0
tRNA-Phe-GAA-4-1	2	2	0.25	0.0
tRNA-Cys-GCA-11-1	3	5	0.19162640901771336	0.0
tRNA-Asn-GTT-9-2	3	3	0.18438735177865612	0.0
tRNA-Asn-GTT-9-1	3	3	0.18438735177865612	0.0
tRNA-Pro-AGG-3-1	3	3	0.15288220551378445	0.0
tRNA-Cys-GCA-24-1	2	4	0.14814814814814814	0.0
tRNA-Cys-GCA-25-1	2	4	0.14814814814814814	0.0
tRNA-Leu-CAG-chr9-7	1	1	0.1	0.0
tRNA-Asn-GTT-7-1	1	1	0.1	0.0
tRNA-Asn-GTT-16-1	2	2	0.09347826086956522	0.0
tRNA-Asn-GTT-16-2	2	2	0.09347826086956522	0.0
tRNA-Asn-GTT-16-3	2	2	0.09347826086956522	0.0
tRNA-Asn-GTT-16-4	2	2	0.09347826086956522	0.0
tRNA-Asn-GTT-16-5	2	2	0.09347826086956522	0.0
tRNA-Asn-ATT-1-2	2	2	0.09347826086956522	0.0
tRNA-Asn-ATT-1-1	2	2	0.09347826086956522	0.0
tRNA-Glu-TTC-7-1	1	1	0.09090909090909091	0.0
tRNA-Lys-TTT-13-1	1	2	0.09090909090909091	0.0
tRNA-Lys-CTT-14-1	1	1	0.08333333333333333	0.0
tRNA-Gln-CTG-9-1	1	1	0.06666666666666667	0.0
tRNA-Asn-GTT-12-1	1	1	0.043478260869565216	0.0
tRNA-Asn-GTT-10-1	1	1	0.043478260869565216	0.0
tRNA-Asn-GTT-8-1	1	1	0.043478260869565216	0.0
tRNA-Leu-TAA-2-1	1	1	0.037037037037037035	0.0
tRNA-Leu-TAA-3-1	1	1	0.037037037037037035	0.0
tRNA-Leu-TAA-4-1	1	1	0.037037037037037035	0.0
tRNA-Ser-CGA-2-1	1	1	0.037037037037037035	0.0
tRNA-Ser-CGA-1-1	1	1	0.037037037037037035	0.0
