ReferenceID	uniqueReadCount	totalReadCount	multimapAdjustedReadCount	multimapAdjustedBarcodeCount
tRNA-Glu-CTC-1-7	1795	57393	7162.286857104252	0.0
tRNA-Glu-CTC-1-6	1795	57393	7162.286857104252	0.0
tRNA-Glu-CTC-1-5	1795	57393	7162.286857104252	0.0
tRNA-Glu-CTC-1-4	1795	57393	7162.286857104252	0.0
tRNA-Glu-CTC-1-3	1795	57393	7162.286857104252	0.0
tRNA-Glu-CTC-1-2	1795	57393	7162.286857104252	0.0
tRNA-Glu-CTC-1-1	1795	57393	7162.286857104252	0.0
tRNA-Glu-CTC-2-1	1743	57289	7150.543711361108	0.0
tRNA-Gly-GCC-2-1	908	16056	1501.588388102481	0.0
tRNA-Gly-GCC-2-5	908	16056	1501.588388102481	0.0
tRNA-Gly-GCC-2-4	908	16056	1501.588388102481	0.0
tRNA-Gly-GCC-2-3	908	16056	1501.588388102481	0.0
tRNA-Gly-GCC-2-2	908	16056	1501.588388102481	0.0
tRNA-Gly-GCC-2-6	908	16056	1501.588388102481	0.0
tRNA-Gly-GCC-3-1	893	16022	1498.6109271576292	0.0
tRNA-Gly-GCC-5-1	815	15870	1481.7232897949946	0.0
tRNA-Glu-TTC-2-2	571	2874	1294.4450549450548	0.0
tRNA-Glu-TTC-2-1	571	2874	1294.4450549450548	0.0
tRNA-Gly-CCC-1-2	673	13720	1267.3888575605627	0.0
tRNA-Gly-CCC-1-1	673	13720	1267.3888575605627	0.0
tRNA-Gly-GCC-1-5	662	8189	1140.8581932972972	0.0
tRNA-Gly-GCC-1-3	662	8189	1140.8581932972972	0.0
tRNA-Gly-GCC-1-4	662	8189	1140.8581932972972	0.0
tRNA-Gly-GCC-1-1	662	8189	1140.8581932972972	0.0
tRNA-Gly-GCC-1-2	662	8189	1140.8581932972972	0.0
tRNA-Lys-CTT-2-1	492	5374	836.6327385033245	0.0
tRNA-Lys-CTT-2-3	492	5374	836.6327385033245	0.0
tRNA-Lys-CTT-2-2	492	5374	836.6327385033245	0.0
tRNA-Lys-CTT-2-5	492	5374	836.6327385033245	0.0
tRNA-Lys-CTT-2-4	492	5374	836.6327385033245	0.0
tRNA-His-GTG-1-4	704	7303	808.7111111111063	0.0
tRNA-His-GTG-1-5	704	7303	808.7111111111063	0.0
tRNA-His-GTG-1-2	704	7303	808.7111111111063	0.0
tRNA-His-GTG-1-3	704	7303	808.7111111111063	0.0
tRNA-His-GTG-1-1	704	7303	808.7111111111063	0.0
tRNA-His-GTG-1-9	704	7303	808.7111111111063	0.0
tRNA-His-GTG-1-8	704	7303	808.7111111111063	0.0
tRNA-His-GTG-1-7	704	7303	808.7111111111063	0.0
tRNA-His-GTG-1-6	704	7303	808.7111111111063	0.0
tRNA-Lys-CTT-3-1	366	5113	798.48544413103	0.0
tRNA-Val-CAC-2-1	148	564	510.0907679738563	0.0
tRNA-Val-AAC-2-1	83	467	350.28654847904073	0.0
tRNA-Ala-AGC-6-1	57	293	292.5	0.0
tRNA-Glu-TTC-4-1	271	1367	291.5678094852007	0.0
tRNA-Glu-TTC-4-2	271	1367	291.5678094852007	0.0
tRNA-Val-CAC-1-5	376	4462	290.2491873065011	0.0
tRNA-Val-CAC-1-4	376	4462	290.2491873065011	0.0
tRNA-Val-CAC-1-6	376	4462	290.2491873065011	0.0
tRNA-Val-CAC-1-1	376	4462	290.2491873065011	0.0
tRNA-Val-CAC-1-3	376	4462	290.2491873065011	0.0
tRNA-Val-CAC-1-2	376	4462	290.2491873065011	0.0
tRNA-Val-CAC-5-1	368	4453	289.4672545333919	0.0
tRNA-Val-CAC-4-1	370	4437	289.38013968745355	0.0
tRNA-Glu-TTC-3-1	225	1277	281.5937113611027	0.0
tRNA-Glu-TTC-8-1	202	1247	278.78699633699637	0.0
tRNA-Val-AAC-1-1	348	4352	276.80077460808855	0.0
tRNA-Val-AAC-1-2	348	4352	276.80077460808855	0.0
tRNA-Val-AAC-1-3	348	4352	276.80077460808855	0.0
tRNA-Val-AAC-1-4	348	4352	276.80077460808855	0.0
tRNA-Val-AAC-1-5	348	4352	276.80077460808855	0.0
tRNA-Val-AAC-3-1	341	4325	276.74741326355064	0.0
tRNA-Val-AAC-4-1	345	4348	276.5331275492651	0.0
tRNA-Glu-TTC-1-2	219	766	243.0	0.0
tRNA-Glu-TTC-1-1	219	766	243.0	0.0
tRNA-Val-CAC-8-1	239	2774	178.3259246601352	0.0
tRNA-Lys-CTT-4-1	247	1007	165.4349539349541	0.0
tRNA-Glu-TTC-9-1	241	2757	162.74583808004869	0.0
tRNA-Gly-CCC-6-1	213	2659	146.15449608870657	0.0
tRNA-Lys-CTT-1-1	240	988	146.08464313464333	0.0
tRNA-Lys-CTT-1-2	240	988	146.08464313464333	0.0
tRNA-Ala-CGC-2-1	81	801	127.38858543417373	0.0
tRNA-Ala-TGC-3-2	81	801	127.38858543417373	0.0
tRNA-Ala-TGC-3-1	81	801	127.38858543417373	0.0
tRNA-Val-AAC-5-1	131	1844	117.27312521499836	0.0
tRNA-Ala-CGC-1-1	74	768	116.55525210084039	0.0
tRNA-Ala-TGC-2-1	74	768	116.55525210084039	0.0
tRNA-Lys-TTT-3-4	192	738	114.49082208641042	0.0
tRNA-Lys-TTT-3-5	192	738	114.49082208641042	0.0
tRNA-Lys-TTT-3-2	192	738	114.49082208641042	0.0
tRNA-Lys-TTT-3-3	192	738	114.49082208641042	0.0
tRNA-Lys-TTT-3-1	192	738	114.49082208641042	0.0
tRNA-Pro-TGG-2-1	112	289	109.54147869674198	0.0
tRNA-Lys-TTT-5-1	168	707	109.37112511671343	0.0
tRNA-His-GTG-2-1	94	314	92.59999999999991	0.0
tRNA-Gly-CCC-2-2	64	171	85.5	0.0
tRNA-Gly-CCC-2-1	64	171	85.5	0.0
tRNA-Val-CAC-7-1	65	1382	82.83040935672521	0.0
tRNA-Ser-TGA-4-1	76	897	77.73737373737364	0.0
tRNA-Ser-AGA-1-1	83	911	76.28282828282819	0.0
tRNA-Ser-TGA-2-1	83	911	76.28282828282819	0.0
tRNA-Ser-AGA-2-6	84	912	76.21735209235202	0.0
tRNA-Ser-AGA-2-1	84	912	76.21735209235202	0.0
tRNA-Ser-AGA-2-3	84	912	76.21735209235202	0.0
tRNA-Ser-AGA-2-2	84	912	76.21735209235202	0.0
tRNA-Ser-AGA-2-5	84	912	76.21735209235202	0.0
tRNA-Ser-AGA-2-4	84	912	76.21735209235202	0.0
tRNA-Ser-TGA-3-1	84	912	76.21735209235202	0.0
tRNA-Ser-AGA-3-1	81	909	75.85858585858578	0.0
tRNA-Ser-AGA-4-1	81	908	75.83712121212112	0.0
tRNA-SeC-TCA-1-1	46	83	73.0	0.0
tRNA-Leu-CAA-4-1	74	209	72.45347985347982	0.0
tRNA-Val-CAC-3-1	31	90	69.4608832129343	0.0
tRNA-Ala-TGC-4-1	42	507	69.11239495798318	0.0
tRNA-Gln-CTG-1-4	228	565	67.84232434232445	0.0
tRNA-Gln-CTG-1-3	228	565	67.84232434232445	0.0
tRNA-Gln-CTG-1-5	228	565	67.84232434232445	0.0
tRNA-Gln-CTG-1-1	228	565	67.84232434232445	0.0
tRNA-Gln-CTG-1-2	228	565	67.84232434232445	0.0
tRNA-Lys-CTT-7-1	126	458	67.80169177228005	0.0
tRNA-Arg-TCT-1-1	33	73	67.4	0.0
tRNA-Met-CAT-1-1	40	85	66.0	0.0
tRNA-Ala-CGC-3-1	38	501	65.68382352941177	0.0
tRNA-Ala-AGC-4-1	35	498	63.1123949579832	0.0
tRNA-Lys-CTT-11-1	114	442	56.8936831142714	0.0
tRNA-Val-TAC-1-1	58	127	53.09385964912279	0.0
tRNA-Val-TAC-1-2	58	127	53.09385964912279	0.0
tRNA-Gln-CTG-2-1	143	333	48.327172827172845	0.0
tRNA-Und-NNN-4-1	55	130	48.21111111111113	0.0
tRNA-Glu-TTC-10-1	87	239	45.770329670329694	0.0
tRNA-Ala-AGC-11-1	13	45	43.333333333333336	0.0
tRNA-Asp-GTC-2-4	174	493	41.173742923742964	0.0
tRNA-Asp-GTC-2-3	174	493	41.173742923742964	0.0
tRNA-Asp-GTC-2-2	174	493	41.173742923742964	0.0
tRNA-Asp-GTC-2-1	174	493	41.173742923742964	0.0
tRNA-Asp-GTC-2-9	174	493	41.173742923742964	0.0
tRNA-Asp-GTC-2-8	174	493	41.173742923742964	0.0
tRNA-Asp-GTC-2-7	174	493	41.173742923742964	0.0
tRNA-Asp-GTC-2-6	174	493	41.173742923742964	0.0
tRNA-Asp-GTC-2-5	174	493	41.173742923742964	0.0
tRNA-Asp-GTC-2-10	174	493	41.173742923742964	0.0
tRNA-Asp-GTC-2-11	174	493	41.173742923742964	0.0
tRNA-Pro-TGG-3-5	205	626	38.04966583124487	0.0
tRNA-Pro-TGG-3-3	205	626	38.04966583124487	0.0
tRNA-Pro-TGG-3-4	205	626	38.04966583124487	0.0
tRNA-Pro-TGG-3-1	205	626	38.04966583124487	0.0
tRNA-Pro-TGG-3-2	205	626	38.04966583124487	0.0
tRNA-Cys-GCA-4-1	65	262	36.86298331298333	0.0
tRNA-Asp-GTC-3-1	147	443	36.80860805860807	0.0
tRNA-Asp-GTC-1-1	32	43	36.527472527472526	0.0
tRNA-Gln-CTG-6-1	123	340	35.87199467199467	0.0
tRNA-Ala-AGC-8-1	16	72	35.33333333333333	0.0
tRNA-Ala-AGC-8-2	16	72	35.33333333333333	0.0
tRNA-Leu-CAA-1-1	64	180	35.12014652014655	0.0
tRNA-Cys-GCA-2-3	64	261	34.93990638990641	0.0
tRNA-Cys-GCA-2-4	64	261	34.93990638990641	0.0
tRNA-Cys-GCA-2-1	64	261	34.93990638990641	0.0
tRNA-Cys-GCA-2-2	64	261	34.93990638990641	0.0
tRNA-Pro-CGG-1-1	201	605	34.48299916457818	0.0
tRNA-Pro-CGG-1-2	201	605	34.48299916457818	0.0
tRNA-Pro-CGG-1-3	201	605	34.48299916457818	0.0
tRNA-Leu-CAA-1-2	63	179	34.12014652014654	0.0
tRNA-Pro-CGG-2-1	198	602	34.03855472013373	0.0
tRNA-Pro-AGG-2-4	197	598	32.39966583124484	0.0
tRNA-Pro-AGG-2-3	197	598	32.39966583124484	0.0
tRNA-Pro-AGG-2-6	197	598	32.39966583124484	0.0
tRNA-Pro-AGG-2-5	197	598	32.39966583124484	0.0
tRNA-Pro-AGG-2-8	197	598	32.39966583124484	0.0
tRNA-Pro-AGG-2-7	197	598	32.39966583124484	0.0
tRNA-Pro-AGG-2-1	197	598	32.39966583124484	0.0
tRNA-Pro-AGG-2-2	197	598	32.39966583124484	0.0
tRNA-Gln-CTG-5-1	85	231	32.3131868131868	0.0
tRNA-Pro-AGG-1-1	196	596	32.14966583124483	0.0
tRNA-Trp-CCA-4-1	21	39	31.916666666666668	0.0
tRNA-Arg-CCT-4-1	48	86	30.699999999999992	0.0
tRNA-Lys-TTT-4-1	66	207	30.520980816569054	0.0
tRNA-Gly-CCC-chr1-16	71	600	30.235281385281404	0.0
tRNA-Gly-CCC-chr1-19	71	600	30.235281385281404	0.0
tRNA-Met-CAT-6-1	27	49	30.0	0.0
tRNA-Ser-GCT-3-1	48	152	29.141269841269832	0.0
tRNA-Gln-TTG-1-1	89	230	29.10885780885779	0.0
tRNA-Gln-TTG-3-1	89	230	29.10885780885779	0.0
tRNA-Gln-TTG-3-2	89	230	29.10885780885779	0.0
tRNA-Gln-TTG-3-3	89	230	29.10885780885779	0.0
tRNA-Ala-TGC-6-1	46	258	28.85576923076923	0.0
tRNA-Ala-AGC-2-1	62	301	28.37121946680771	0.0
tRNA-Ala-AGC-2-2	62	301	28.37121946680771	0.0
tRNA-Ala-AGC-3-1	62	301	28.37121946680771	0.0
tRNA-Ala-CGC-4-1	61	300	28.037886133474377	0.0
tRNA-Ala-AGC-7-1	61	300	28.037886133474377	0.0
tRNA-Ala-AGC-5-1	61	300	28.037886133474377	0.0
tRNA-Lys-TTT-6-1	63	204	27.767409387997624	0.0
tRNA-Ser-GCT-4-3	47	151	27.3079365079365	0.0
tRNA-Ser-GCT-4-2	47	151	27.3079365079365	0.0
tRNA-Ser-GCT-4-1	47	151	27.3079365079365	0.0
tRNA-Gly-CCC-7-1	40	84	27.099999999999998	0.0
tRNA-Ala-AGC-1-1	23	178	26.79563492063492	0.0
tRNA-Cys-GCA-6-1	58	283	26.758831908831908	0.0
tRNA-Asn-GTT-2-1	93	257	25.70105401844533	0.0
tRNA-Asn-GTT-2-2	93	257	25.70105401844533	0.0
tRNA-Asn-GTT-2-3	93	257	25.70105401844533	0.0
tRNA-Asn-GTT-2-4	93	257	25.70105401844533	0.0
tRNA-Asn-GTT-2-5	93	257	25.70105401844533	0.0
tRNA-Asn-GTT-3-1	93	257	25.70105401844533	0.0
tRNA-Asn-GTT-2-6	93	257	25.70105401844533	0.0
tRNA-Asn-GTT-3-2	93	257	25.70105401844533	0.0
tRNA-Arg-CCG-2-1	18	26	25.5	0.0
tRNA-Leu-CAA-3-1	54	162	25.45347985347984	0.0
tRNA-Leu-CAA-2-1	54	162	25.45347985347984	0.0
tRNA-Lys-CTT-6-1	67	99	23.157875457875452	0.0
tRNA-Val-TAC-2-1	33	53	23.0	0.0
tRNA-Thr-TGT-4-1	25	54	22.83333333333333	0.0
tRNA-Leu-CAG-2-2	58	201	22.78681318681318	0.0
tRNA-Leu-CAG-2-1	58	201	22.78681318681318	0.0
tRNA-Asp-ATC-chr6-103	18	167	22.724206349206348	0.0
tRNA-Ser-GCT-5-1	39	127	22.45555555555555	0.0
tRNA-Thr-TGT-6-1	21	48	21.33333333333333	0.0
tRNA-iMet-CAT-1-8	70	190	20.716666666666658	0.0
tRNA-iMet-CAT-1-7	70	190	20.716666666666658	0.0
tRNA-iMet-CAT-1-6	70	190	20.716666666666658	0.0
tRNA-iMet-CAT-1-5	70	190	20.716666666666658	0.0
tRNA-iMet-CAT-1-4	70	190	20.716666666666658	0.0
tRNA-iMet-CAT-1-3	70	190	20.716666666666658	0.0
tRNA-iMet-CAT-1-2	70	190	20.716666666666658	0.0
tRNA-iMet-CAT-1-1	70	190	20.716666666666658	0.0
tRNA-Arg-CCT-1-1	40	78	20.533333333333324	0.0
tRNA-Ala-TGC-1-1	38	247	20.42479089537913	0.0
tRNA-Arg-CCT-2-1	39	77	20.03333333333332	0.0
tRNA-Val-AAC-6-1	35	243	19.6993006993007	0.0
tRNA-Ala-TGC-5-1	37	246	19.56764803823627	0.0
tRNA-Ala-TGC-7-1	37	246	19.56764803823627	0.0
tRNA-Ala-TGC-8-1	34	242	18.699300699300696	0.0
tRNA-Gln-CTG-4-2	72	200	17.797752247752264	0.0
tRNA-Gln-CTG-4-1	72	200	17.797752247752264	0.0
tRNA-Cys-GCA-5-1	20	34	17.771652421652423	0.0
tRNA-Arg-CCT-3-1	39	72	17.69999999999999	0.0
tRNA-iMet-CAT-2-1	50	160	16.96666666666666	0.0
tRNA-Gly-CCC-3-1	15	30	16.85343822843823	0.0
tRNA-Gln-CTG-3-1	71	198	16.797752247752268	0.0
tRNA-Gln-CTG-3-2	71	198	16.797752247752268	0.0
tRNA-Cys-GCA-chr5-2	46	125	16.49682539682539	0.0
tRNA-Gly-TCC-1-1	26	39	16.13888888888889	0.0
tRNA-Pro-TGG-1-1	40	88	15.992063492063487	0.0
tRNA-Met-CAT-3-2	32	82	15.428571428571427	0.0
tRNA-Met-CAT-3-1	32	82	15.428571428571427	0.0
tRNA-Asn-GTT-5-1	45	153	15.115700483091784	0.0
tRNA-Lys-CTT-chr7-30	45	63	15.008499833499835	0.0
tRNA-Leu-CAG-1-7	43	146	14.91181318681318	0.0
tRNA-Leu-CAG-1-6	43	146	14.91181318681318	0.0
tRNA-Leu-CAG-1-5	43	146	14.91181318681318	0.0
tRNA-Leu-CAG-1-4	43	146	14.91181318681318	0.0
tRNA-Leu-CAG-1-3	43	146	14.91181318681318	0.0
tRNA-Leu-CAG-1-2	43	146	14.91181318681318	0.0
tRNA-Leu-CAG-1-1	43	146	14.91181318681318	0.0
tRNA-Glu-CTC-3-1	26	126	14.677272727272726	0.0
tRNA-Tyr-GTA-1-1	22	34	14.619047619047619	0.0
tRNA-Ile-TAT-2-1	27	49	14.549999999999999	0.0
tRNA-Gly-GCC-4-1	50	144	13.668294790005312	0.0
tRNA-Asn-GTT-4-1	35	138	13.401054018445318	0.0
tRNA-Gly-CCC-4-1	23	68	12.548340548340548	0.0
tRNA-Arg-CCT-5-1	31	62	12.533333333333326	0.0
tRNA-Ser-GCT-2-1	21	70	12.507936507936508	0.0
tRNA-Thr-TGT-2-1	14	17	12.5	0.0
tRNA-Leu-AAG-1-3	49	83	11.437606837606834	0.0
tRNA-Leu-AAG-1-1	49	83	11.437606837606834	0.0
tRNA-Leu-AAG-1-2	49	83	11.437606837606834	0.0
tRNA-Leu-TAG-1-1	49	83	11.437606837606834	0.0
tRNA-Leu-TAG-3-1	18	22	11.059829059829058	0.0
tRNA-Thr-AGT-3-1	5	13	11.0	0.0
tRNA-Arg-TCG-1-1	10	11	11.0	0.0
tRNA-Ala-AGC-15-1	14	66	10.999999999999996	0.0
tRNA-Ala-AGC-10-1	14	66	10.999999999999996	0.0
tRNA-Ala-AGC-12-3	14	66	10.999999999999996	0.0
tRNA-Ala-AGC-12-1	14	66	10.999999999999996	0.0
tRNA-Ala-AGC-12-2	14	66	10.999999999999996	0.0
tRNA-Ala-AGC-14-1	14	66	10.999999999999996	0.0
tRNA-Asn-GTT-1-1	43	102	10.784387351778653	0.0
tRNA-Met-CAT-4-3	24	73	10.678571428571429	0.0
tRNA-Met-CAT-4-1	24	73	10.678571428571429	0.0
tRNA-Met-CAT-4-2	24	73	10.678571428571429	0.0
tRNA-Met-CAT-2-1	24	73	10.678571428571429	0.0
tRNA-Ser-GCT-1-1	19	68	10.507936507936508	0.0
tRNA-Lys-CTT-chr15-5	27	42	10.233333333333334	0.0
tRNA-SeC-TCA-2-1	18	20	10.0	0.0
tRNA-Tyr-GTA-8-1	17	26	9.952380952380953	0.0
tRNA-Ile-TAT-2-3	19	35	9.883333333333333	0.0
tRNA-Ile-TAT-2-2	19	35	9.883333333333333	0.0
tRNA-Tyr-GTA-2-1	24	42	9.785714285714283	0.0
tRNA-Asn-GTT-6-1	40	96	9.585353535353534	0.0
tRNA-Leu-TAA-1-1	9	11	9.5	0.0
tRNA-Met-CAT-5-1	20	66	9.428571428571429	0.0
tRNA-Ile-TAT-1-1	17	31	9.216666666666665	0.0
tRNA-Und-NNN-3-1	13	46	8.653968253968252	0.0
tRNA-Leu-AAG-2-1	42	63	8.613797313797312	0.0
tRNA-Leu-AAG-2-3	42	63	8.613797313797312	0.0
tRNA-Leu-AAG-2-2	42	63	8.613797313797312	0.0
tRNA-Leu-AAG-2-4	42	63	8.613797313797312	0.0
tRNA-Cys-GCA-17-1	16	69	8.556573056573056	0.0
tRNA-Cys-GCA-19-1	17	37	8.455810855810856	0.0
tRNA-Cys-GCA-1-1	26	46	8.438776963776963	0.0
tRNA-Lys-CTT-5-1	36	51	8.363586413586415	0.0
tRNA-Trp-CCA-2-1	9	10	8.333333333333332	0.0
tRNA-Gln-TTG-2-1	28	45	8.217948717948715	0.0
tRNA-Gly-TCC-3-1	19	31	8.13888888888889	0.0
tRNA-Val-TAC-4-1	11	25	8.080882352941176	0.0
tRNA-Ile-AAT-4-1	24	59	8.039989177489176	0.0
tRNA-Tyr-GTA-5-4	19	36	7.930555555555555	0.0
tRNA-Tyr-GTA-5-3	18	35	7.9305555555555545	0.0
tRNA-Thr-TGT-5-1	15	22	7.499999999999999	0.0
tRNA-Thr-CGT-6-1	6	73	7.3	0.0
tRNA-Arg-CCG-1-3	20	27	6.869047619047618	0.0
tRNA-Arg-CCG-1-2	20	27	6.869047619047618	0.0
tRNA-Arg-CCG-1-1	20	27	6.869047619047618	0.0
tRNA-Ile-TAT-3-1	12	23	6.466666666666668	0.0
tRNA-Leu-TAG-2-1	22	27	6.391575091575093	0.0
tRNA-Leu-TAA-2-1	6	7	6.333333333333333	0.0
tRNA-Arg-TCT-3-2	14	20	6.2333333333333325	0.0
tRNA-Tyr-GTA-5-5	18	33	5.930555555555555	0.0
tRNA-Thr-TGT-3-1	9	11	5.833333333333333	0.0
tRNA-Arg-TCT-3-1	13	19	5.7333333333333325	0.0
tRNA-Arg-TCT-2-1	13	18	5.7333333333333325	0.0
tRNA-Trp-CCA-3-2	17	28	5.650000000000001	0.0
tRNA-Trp-CCA-3-1	17	28	5.650000000000001	0.0
tRNA-Trp-CCA-3-3	17	28	5.650000000000001	0.0
tRNA-Phe-GAA-1-6	25	44	5.596825396825398	0.0
tRNA-Phe-GAA-1-1	25	44	5.596825396825398	0.0
tRNA-Phe-GAA-1-2	25	44	5.596825396825398	0.0
tRNA-Phe-GAA-1-3	25	44	5.596825396825398	0.0
tRNA-Phe-GAA-1-4	25	44	5.596825396825398	0.0
tRNA-Phe-GAA-1-5	25	44	5.596825396825398	0.0
tRNA-Val-TAC-3-1	7	13	5.593859649122806	0.0
tRNA-Arg-TCG-3-1	16	23	5.535714285714286	0.0
tRNA-Ile-AAT-5-5	29	68	5.456655844155845	0.0
tRNA-Ile-AAT-5-4	29	68	5.456655844155845	0.0
tRNA-Ile-AAT-5-3	29	68	5.456655844155845	0.0
tRNA-Ile-AAT-5-2	29	68	5.456655844155845	0.0
tRNA-Ile-AAT-5-1	29	68	5.456655844155845	0.0
tRNA-Gly-TCC-2-6	27	41	5.448412698412699	0.0
tRNA-Gly-TCC-2-5	27	41	5.448412698412699	0.0
tRNA-Gly-TCC-2-4	27	41	5.448412698412699	0.0
tRNA-Gly-TCC-2-3	27	41	5.448412698412699	0.0
tRNA-Gly-TCC-2-2	27	41	5.448412698412699	0.0
tRNA-Gly-TCC-2-1	27	41	5.448412698412699	0.0
tRNA-Lys-TTT-2-1	21	27	5.416522366522366	0.0
tRNA-Lys-TTT-1-1	21	27	5.416522366522366	0.0
tRNA-Ile-AAT-8-1	23	55	5.399080086580087	0.0
tRNA-Gln-CTG-7-1	14	72	5.315934065934065	0.0
tRNA-Gln-CTG-9-1	12	58	5.265151515151516	0.0
tRNA-Arg-ACG-2-3	20	30	5.25	0.0
tRNA-Arg-ACG-2-2	20	30	5.25	0.0
tRNA-Arg-ACG-2-4	20	30	5.25	0.0
tRNA-Arg-ACG-2-1	20	30	5.25	0.0
tRNA-Lys-TTT-7-1	9	12	5.174603174603175	0.0
tRNA-Ile-AAT-2-1	23	59	5.123322510822511	0.0
tRNA-Gln-CTG-chr19-4	12	69	5.065934065934065	0.0
tRNA-Ile-AAT-7-2	25	64	5.065746753246755	0.0
tRNA-Ile-AAT-7-1	25	64	5.065746753246755	0.0
tRNA-Ser-TGA-1-1	5	5	5.0	0.0
tRNA-Ser-CGA-4-1	4	5	5.0	0.0
tRNA-Tyr-GTA-5-2	17	32	4.930555555555555	0.0
tRNA-Tyr-GTA-5-1	17	32	4.930555555555555	0.0
tRNA-Cys-GCA-3-1	10	31	4.658831908831909	0.0
tRNA-Cys-GCA-16-1	9	30	4.621794871794871	0.0
tRNA-Phe-GAA-2-1	18	37	4.62063492063492	0.0
tRNA-Tyr-GTA-3-1	14	17	4.619047619047619	0.0
tRNA-Glu-TTC-6-1	17	21	4.613492063492065	0.0
tRNA-Trp-CCA-5-1	13	23	4.400000000000001	0.0
tRNA-Trp-CCA-1-1	13	23	4.400000000000001	0.0
tRNA-Pro-AGG-3-1	36	91	4.383583959899747	0.0
tRNA-Phe-GAA-4-1	10	26	4.333333333333333	0.0
tRNA-Lys-CTT-8-1	12	17	4.289957264957264	0.0
tRNA-Ile-AAT-6-1	13	21	4.203409090909091	0.0
tRNA-Ile-AAT-3-1	16	45	4.094155844155844	0.0
tRNA-Leu-AAG-3-1	19	34	3.9206349206349214	0.0
tRNA-Gly-CCC-5-1	16	79	3.718614718614718	0.0
tRNA-Arg-ACG-1-3	14	23	3.666666666666666	0.0
tRNA-Arg-ACG-1-1	14	23	3.666666666666666	0.0
tRNA-Arg-ACG-1-2	14	23	3.666666666666666	0.0
tRNA-Tyr-GTA-chr14-8	8	10	3.3333333333333335	0.0
tRNA-Tyr-GTA-chr1-127	8	10	3.3333333333333335	0.0
tRNA-Tyr-GTA-chr21-2	8	10	3.3333333333333335	0.0
tRNA-Val-CAC-6-1	20	32	3.24109477124183	0.0
tRNA-Ile-AAT-1-1	23	37	3.203409090909092	0.0
tRNA-Glu-CTC-5-1	5	6	3.1833333333333336	0.0
tRNA-Ile-GAT-1-1	11	45	3.133928571428571	0.0
tRNA-Ile-GAT-1-3	11	45	3.133928571428571	0.0
tRNA-Ile-GAT-1-2	11	45	3.133928571428571	0.0
tRNA-Ser-ACT-1-1	10	17	3.1200757575757576	0.0
tRNA-Lys-CTT-16-1	7	8	3.1000000000000005	0.0
tRNA-Gly-TCC-4-1	12	17	3.031746031746031	0.0
tRNA-Ala-CGC-5-1	2	3	3.0	0.0
tRNA-Cys-GCA-8-1	18	42	2.977463277463278	0.0
tRNA-Lys-TTT-13-1	4	7	2.9	0.0
tRNA-Cys-ACA-1-1	18	24	2.8976190476190475	0.0
tRNA-Cys-GCA-15-1	16	40	2.8005402005402007	0.0
tRNA-Cys-GCA-13-1	16	40	2.8005402005402007	0.0
tRNA-Cys-GCA-9-4	16	40	2.8005402005402007	0.0
tRNA-Cys-GCA-9-2	16	40	2.8005402005402007	0.0
tRNA-Cys-GCA-9-3	16	40	2.8005402005402007	0.0
tRNA-Cys-GCA-9-1	16	40	2.8005402005402007	0.0
tRNA-Cys-GCA-10-1	16	40	2.8005402005402007	0.0
tRNA-Gln-TTG-4-1	6	10	2.784615384615385	0.0
tRNA-Tyr-GTA-4-1	9	10	2.763888888888889	0.0
tRNA-Cys-GCA-14-1	14	32	2.555810855810856	0.0
tRNA-Lys-CTT-10-1	10	13	2.5214608920491273	0.0
tRNA-Asp-GTC-4-1	16	20	2.4505494505494507	0.0
tRNA-Arg-TCG-5-1	3	6	2.2857142857142856	0.0
tRNA-Arg-TCG-4-1	3	6	2.2857142857142856	0.0
tRNA-Leu-CAA-6-1	13	25	2.2153846153846155	0.0
tRNA-Ala-AGC-13-2	4	6	2.1666666666666665	0.0
tRNA-Ala-AGC-13-1	4	6	2.1666666666666665	0.0
tRNA-Lys-CTT-12-1	11	14	2.1265734265734264	0.0
tRNA-Thr-CGT-5-1	2	2	2.0	0.0
tRNA-Ala-AGC-22-1	4	7	2.0	0.0
tRNA-Thr-CGT-1-1	1	4	2.0	0.0
tRNA-Cys-GCA-chr11-21	8	25	1.9315684315684316	0.0
tRNA-Arg-TCT-5-1	6	9	1.9	0.0
tRNA-Lys-CTT-9-1	5	9	1.781818181818182	0.0
tRNA-Tyr-GTA-6-1	9	9	1.763888888888889	0.0
tRNA-Glu-TTC-7-1	7	10	1.7272727272727273	0.0
tRNA-Lys-CTT-chr16-1	13	17	1.6126845376845378	0.0
tRNA-Thr-CGT-4-1	2	2	1.5	0.0
tRNA-Phe-GAA-3-1	9	12	1.4777777777777776	0.0
tRNA-Cys-GCA-24-1	5	11	1.4216524216524213	0.0
tRNA-Leu-CAG-chr9-7	13	25	1.3403846153846155	0.0
tRNA-Gly-GCC-6-1	3	3	1.3333333333333335	0.0
tRNA-Ser-CGA-3-1	2	2	1.3333333333333333	0.0
tRNA-Ala-AGC-9-1	3	4	1.3333333333333333	0.0
tRNA-Ala-AGC-9-2	3	4	1.3333333333333333	0.0
tRNA-Asp-GTC-5-1	9	16	1.302197802197802	0.0
tRNA-Phe-GAA-5-1	9	12	1.2873015873015874	0.0
tRNA-Arg-TCG-2-1	2	3	1.2857142857142856	0.0
tRNA-Val-CAC-10-1	3	6	1.277777777777778	0.0
tRNA-Leu-AAG-4-1	3	3	1.1428571428571428	0.0
tRNA-Lys-TTT-8-1	10	12	1.100252525252525	0.0
tRNA-Gln-CTG-12-1	1	1	1.0	0.0
tRNA-Glu-TTC-5-1	1	1	1.0	0.0
tRNA-Ser-AGA-6-1	1	1	1.0	0.0
tRNA-Asn-GTT-14-1	1	1	1.0	0.0
tRNA-iMet-CAT-3-1	1	1	1.0	0.0
tRNA-Phe-GAA-8-1	1	1	1.0	0.0
tRNA-Cys-GCA-12-1	1	1	1.0	0.0
tRNA-Lys-TTT-11-1	1	1	1.0	0.0
tRNA-Ile-AAT-9-1	1	1	1.0	0.0
tRNA-Ser-GCT-6-1	4	5	0.8523809523809524	0.0
tRNA-Lys-CTT-14-1	7	10	0.8356643356643356	0.0
tRNA-Tyr-GTA-7-1	7	7	0.7638888888888888	0.0
tRNA-Sup-TTA-1-1	4	4	0.7023809523809523	0.0
tRNA-Phe-GAA-6-1	5	7	0.7	0.0
tRNA-Lys-TTT-14-1	5	7	0.6363636363636364	0.0
tRNA-Thr-AGT-1-1	2	2	0.5833333333333333	0.0
tRNA-Thr-AGT-1-3	2	2	0.5833333333333333	0.0
tRNA-Thr-AGT-1-2	2	2	0.5833333333333333	0.0
tRNA-Cys-GCA-22-1	5	12	0.57000407000407	0.0
tRNA-Cys-GCA-20-1	5	12	0.57000407000407	0.0
tRNA-Tyr-GTA-9-1	5	5	0.5555555555555556	0.0
tRNA-Cys-GCA-7-1	5	11	0.5216524216524216	0.0
tRNA-Cys-GCA-11-1	5	11	0.5216524216524216	0.0
tRNA-Asn-GTT-22-1	1	1	0.5	0.0
tRNA-Thr-CGT-2-1	1	1	0.5	0.0
tRNA-Asn-GTT-21-1	1	1	0.5	0.0
tRNA-Asn-GTT-15-1	1	1	0.5	0.0
tRNA-Val-CAC-11-1	1	1	0.5	0.0
tRNA-Val-CAC-11-2	1	1	0.5	0.0
tRNA-Gln-CTG-8-2	1	1	0.5	0.0
tRNA-Gln-CTG-8-1	1	1	0.5	0.0
tRNA-Asn-GTT-19-1	1	1	0.5	0.0
tRNA-Cys-GCA-18-1	4	10	0.4356384356384357	0.0
tRNA-Ser-CGA-1-1	2	2	0.4242424242424242	0.0
tRNA-Cys-GCA-21-1	4	10	0.42165242165242167	0.0
tRNA-Cys-GCA-23-1	4	10	0.42165242165242167	0.0
tRNA-Cys-GCA-25-1	4	10	0.42165242165242167	0.0
tRNA-Asn-GTT-11-2	4	5	0.41666666666666663	0.0
tRNA-Asn-GTT-11-1	4	5	0.41666666666666663	0.0
tRNA-Asn-GTT-8-1	2	2	0.37681159420289856	0.0
tRNA-Phe-GAA-10-1	4	4	0.3530020703933747	0.0
tRNA-Asn-GTT-13-1	1	1	0.3333333333333333	0.0
tRNA-Leu-TAA-3-1	1	1	0.3333333333333333	0.0
tRNA-Ser-CGA-2-1	1	1	0.3333333333333333	0.0
tRNA-Asn-GTT-18-1	1	1	0.3333333333333333	0.0
tRNA-Asn-GTT-16-1	3	6	0.3101449275362319	0.0
tRNA-Asn-GTT-16-2	3	6	0.3101449275362319	0.0
tRNA-Asn-GTT-16-3	3	6	0.3101449275362319	0.0
tRNA-Asn-GTT-16-4	3	6	0.3101449275362319	0.0
tRNA-Asn-GTT-16-5	3	6	0.3101449275362319	0.0
tRNA-Asn-GTT-9-2	3	6	0.3101449275362319	0.0
tRNA-Asn-GTT-9-1	3	6	0.3101449275362319	0.0
tRNA-Thr-AGT-5-1	1	1	0.25	0.0
tRNA-Asn-ATT-1-2	2	3	0.14347826086956522	0.0
tRNA-Asn-ATT-1-1	2	3	0.14347826086956522	0.0
tRNA-Tyr-GTA-11-1	1	1	0.1	0.0
tRNA-Lys-TTT-chr3-2	1	1	0.08333333333333333	0.0
tRNA-Asn-GTT-7-1	1	1	0.08333333333333333	0.0
tRNA-Val-AAC-7-1	1	1	0.05	0.0
tRNA-Asn-GTT-12-1	1	1	0.043478260869565216	0.0
tRNA-Asn-GTT-10-1	1	1	0.043478260869565216	0.0
