ReferenceID	uniqueReadCount	totalReadCount	multimapAdjustedReadCount	multimapAdjustedBarcodeCount
tRNA-Glu-CTC-1-7	2148	68837	8551.973417283214	0.0
tRNA-Glu-CTC-1-6	2148	68837	8551.973417283214	0.0
tRNA-Glu-CTC-1-5	2148	68837	8551.973417283214	0.0
tRNA-Glu-CTC-1-4	2148	68837	8551.973417283214	0.0
tRNA-Glu-CTC-1-3	2148	68837	8551.973417283214	0.0
tRNA-Glu-CTC-1-2	2148	68837	8551.973417283214	0.0
tRNA-Glu-CTC-1-1	2148	68837	8551.973417283214	0.0
tRNA-Glu-CTC-2-1	2115	68782	8545.72089203069	0.0
tRNA-His-GTG-1-4	1472	24736	2740.3666666666804	0.0
tRNA-His-GTG-1-5	1472	24736	2740.3666666666804	0.0
tRNA-His-GTG-1-2	1472	24736	2740.3666666666804	0.0
tRNA-His-GTG-1-3	1472	24736	2740.3666666666804	0.0
tRNA-His-GTG-1-1	1472	24736	2740.3666666666804	0.0
tRNA-His-GTG-1-9	1472	24736	2740.3666666666804	0.0
tRNA-His-GTG-1-8	1472	24736	2740.3666666666804	0.0
tRNA-His-GTG-1-7	1472	24736	2740.3666666666804	0.0
tRNA-His-GTG-1-6	1472	24736	2740.3666666666804	0.0
tRNA-Glu-TTC-2-2	687	3884	1550.182967032967	0.0
tRNA-Glu-TTC-2-1	687	3884	1550.182967032967	0.0
tRNA-Gly-GCC-2-1	944	9891	841.7116304589135	0.0
tRNA-Gly-GCC-2-5	944	9891	841.7116304589135	0.0
tRNA-Gly-GCC-2-4	944	9891	841.7116304589135	0.0
tRNA-Gly-GCC-2-3	944	9891	841.7116304589135	0.0
tRNA-Gly-GCC-2-2	944	9891	841.7116304589135	0.0
tRNA-Gly-GCC-2-6	944	9891	841.7116304589135	0.0
tRNA-Gly-GCC-3-1	923	9856	839.4850635475639	0.0
tRNA-Gly-GCC-5-1	852	9719	823.528714341214	0.0
tRNA-Gly-CCC-1-2	801	9515	814.9626276501268	0.0
tRNA-Gly-CCC-1-1	801	9515	814.9626276501268	0.0
tRNA-Gly-GCC-1-5	755	6218	752.4857091579928	0.0
tRNA-Gly-GCC-1-3	755	6218	752.4857091579928	0.0
tRNA-Gly-GCC-1-4	755	6218	752.4857091579928	0.0
tRNA-Gly-GCC-1-1	755	6218	752.4857091579928	0.0
tRNA-Gly-GCC-1-2	755	6218	752.4857091579928	0.0
tRNA-Val-CAC-2-1	167	761	677.9681372549019	0.0
tRNA-Und-NNN-4-1	194	3091	539.066666666666	0.0
tRNA-Glu-TTC-1-2	340	1840	531.15	0.0
tRNA-Glu-TTC-1-1	340	1840	531.15	0.0
tRNA-Val-AAC-3-1	474	8218	523.0280824610551	0.0
tRNA-Val-CAC-1-5	495	8250	521.1126996412604	0.0
tRNA-Val-CAC-1-4	495	8250	521.1126996412604	0.0
tRNA-Val-CAC-1-6	495	8250	521.1126996412604	0.0
tRNA-Val-CAC-1-1	495	8250	521.1126996412604	0.0
tRNA-Val-CAC-1-3	495	8250	521.1126996412604	0.0
tRNA-Val-CAC-1-2	495	8250	521.1126996412604	0.0
tRNA-Val-CAC-5-1	483	8238	520.1749078578805	0.0
tRNA-Val-CAC-4-1	485	8233	519.8507948793556	0.0
tRNA-Val-AAC-1-1	483	8233	519.0404774190381	0.0
tRNA-Val-AAC-1-2	483	8233	519.0404774190381	0.0
tRNA-Val-AAC-1-3	483	8233	519.0404774190381	0.0
tRNA-Val-AAC-1-4	483	8233	519.0404774190381	0.0
tRNA-Val-AAC-1-5	483	8233	519.0404774190381	0.0
tRNA-Val-AAC-4-1	475	8225	518.4566538896263	0.0
tRNA-His-GTG-2-1	224	1120	465.700000000001	0.0
tRNA-Val-AAC-2-1	103	524	423.5441932035972	0.0
tRNA-Lys-CTT-2-1	458	2084	291.15577143444693	0.0
tRNA-Lys-CTT-2-3	458	2084	291.15577143444693	0.0
tRNA-Lys-CTT-2-2	458	2084	291.15577143444693	0.0
tRNA-Lys-CTT-2-5	458	2084	291.15577143444693	0.0
tRNA-Lys-CTT-2-4	458	2084	291.15577143444693	0.0
tRNA-Val-AAC-5-1	197	4183	258.6764017887857	0.0
tRNA-Lys-CTT-3-1	336	1742	257.1145015931782	0.0
tRNA-Glu-TTC-4-1	261	1105	233.9693768791594	0.0
tRNA-Glu-TTC-4-2	261	1105	233.9693768791594	0.0
tRNA-Glu-TTC-3-1	232	1054	227.98979534957786	0.0
tRNA-Glu-TTC-8-1	211	1029	225.953205128205	0.0
tRNA-Pro-TGG-2-1	200	605	215.5436090225564	0.0
tRNA-Ala-CGC-2-1	88	1498	205.83809523809512	0.0
tRNA-Ala-TGC-3-2	88	1498	205.83809523809512	0.0
tRNA-Ala-TGC-3-1	88	1498	205.83809523809512	0.0
tRNA-Val-CAC-7-1	115	3076	199.37697798417614	0.0
tRNA-Ala-CGC-1-1	82	1462	194.00476190476178	0.0
tRNA-Ala-TGC-2-1	82	1462	194.00476190476178	0.0
tRNA-Lys-CTT-1-1	314	1143	185.01049408108258	0.0
tRNA-Lys-CTT-1-2	314	1143	185.01049408108258	0.0
tRNA-Val-CAC-8-1	337	3178	180.98144078144068	0.0
tRNA-Lys-CTT-4-1	294	1113	173.45230504789356	0.0
tRNA-Glu-TTC-9-1	330	3165	172.16325896325887	0.0
tRNA-Ala-AGC-4-1	53	1317	168.76190476190473	0.0
tRNA-Gly-CCC-6-1	313	3115	168.513492063492	0.0
tRNA-Ser-AGA-4-1	115	1965	167.61363636363663	0.0
tRNA-Ala-CGC-3-1	49	1313	167.33333333333331	0.0
tRNA-Ala-TGC-4-1	52	1316	166.9047619047619	0.0
tRNA-Ser-AGA-1-1	116	1967	164.6439393939397	0.0
tRNA-Ser-TGA-2-1	116	1967	164.6439393939397	0.0
tRNA-Ser-AGA-2-6	114	1965	163.977272727273	0.0
tRNA-Ser-AGA-2-1	114	1965	163.977272727273	0.0
tRNA-Ser-AGA-2-3	114	1965	163.977272727273	0.0
tRNA-Ser-AGA-2-2	114	1965	163.977272727273	0.0
tRNA-Ser-AGA-2-5	114	1965	163.977272727273	0.0
tRNA-Ser-AGA-2-4	114	1965	163.977272727273	0.0
tRNA-Ser-TGA-3-1	114	1965	163.977272727273	0.0
tRNA-Ser-AGA-3-1	113	1964	163.89393939393966	0.0
tRNA-Ser-TGA-4-1	105	1942	163.28030303030332	0.0
tRNA-Met-CAT-1-1	70	173	147.61111111111111	0.0
tRNA-Arg-CCG-2-1	83	150	142.26666666666668	0.0
tRNA-Lys-TTT-3-4	257	791	120.86204849072512	0.0
tRNA-Lys-TTT-3-5	257	791	120.86204849072512	0.0
tRNA-Lys-TTT-3-2	257	791	120.86204849072512	0.0
tRNA-Lys-TTT-3-3	257	791	120.86204849072512	0.0
tRNA-Lys-TTT-3-1	257	791	120.86204849072512	0.0
tRNA-Ala-TGC-6-1	74	1287	110.44184981684982	0.0
tRNA-Gln-CTG-1-4	353	901	109.99877344877362	0.0
tRNA-Gln-CTG-1-3	353	901	109.99877344877362	0.0
tRNA-Gln-CTG-1-5	353	901	109.99877344877362	0.0
tRNA-Gln-CTG-1-1	353	901	109.99877344877362	0.0
tRNA-Gln-CTG-1-2	353	901	109.99877344877362	0.0
tRNA-Cys-GCA-6-1	108	1327	108.70011157424953	0.0
tRNA-Lys-TTT-5-1	198	714	107.68365743733396	0.0
tRNA-Ala-CGC-4-1	76	1287	100.36609224109229	0.0
tRNA-Ala-TGC-1-1	73	1284	100.0744255744256	0.0
tRNA-Ala-TGC-5-1	73	1284	100.0744255744256	0.0
tRNA-Ala-TGC-7-1	73	1284	100.0744255744256	0.0
tRNA-Ala-AGC-2-1	76	1287	99.89942557442562	0.0
tRNA-Ala-AGC-2-2	76	1287	99.89942557442562	0.0
tRNA-Ala-AGC-3-1	76	1287	99.89942557442562	0.0
tRNA-Ala-AGC-7-1	75	1286	99.56609224109229	0.0
tRNA-Ala-AGC-5-1	75	1286	99.56609224109229	0.0
tRNA-Val-AAC-6-1	70	1279	98.40775890775895	0.0
tRNA-Ala-TGC-8-1	70	1279	98.40775890775895	0.0
tRNA-Val-TAC-1-1	99	226	86.32017543859646	0.0
tRNA-Val-TAC-1-2	99	226	86.32017543859646	0.0
tRNA-Pro-TGG-3-5	335	1329	77.49602990318971	0.0
tRNA-Pro-TGG-3-3	335	1329	77.49602990318971	0.0
tRNA-Pro-TGG-3-4	335	1329	77.49602990318971	0.0
tRNA-Pro-TGG-3-1	335	1329	77.49602990318971	0.0
tRNA-Pro-TGG-3-2	335	1329	77.49602990318971	0.0
tRNA-Pro-CGG-1-1	327	1313	75.47936323652303	0.0
tRNA-Pro-CGG-1-2	327	1313	75.47936323652303	0.0
tRNA-Pro-CGG-1-3	327	1313	75.47936323652303	0.0
tRNA-Pro-CGG-2-1	320	1306	74.5181704260655	0.0
tRNA-Arg-CCT-4-1	86	183	73.2666666666667	0.0
tRNA-Gln-CTG-2-1	231	593	71.80018037518049	0.0
tRNA-Pro-AGG-2-4	318	1293	70.17380768096743	0.0
tRNA-Pro-AGG-2-3	318	1293	70.17380768096743	0.0
tRNA-Pro-AGG-2-6	318	1293	70.17380768096743	0.0
tRNA-Pro-AGG-2-5	318	1293	70.17380768096743	0.0
tRNA-Pro-AGG-2-8	318	1293	70.17380768096743	0.0
tRNA-Pro-AGG-2-7	318	1293	70.17380768096743	0.0
tRNA-Pro-AGG-2-1	318	1293	70.17380768096743	0.0
tRNA-Pro-AGG-2-2	318	1293	70.17380768096743	0.0
tRNA-Pro-AGG-1-1	314	1289	69.93483709273212	0.0
tRNA-Val-CAC-3-1	48	122	66.50400326797387	0.0
tRNA-Ser-GCT-3-1	92	282	63.76428571428572	0.0
tRNA-Gln-CTG-5-1	158	480	62.87530525030525	0.0
tRNA-Trp-CCA-4-1	34	66	62.81666666666666	0.0
tRNA-Ala-AGC-6-1	18	62	60.57142857142857	0.0
tRNA-SeC-TCA-1-1	57	78	60.0	0.0
tRNA-Gly-CCC-7-1	70	266	57.444444444444436	0.0
tRNA-Lys-CTT-6-1	109	229	56.26025641025641	0.0
tRNA-Leu-CAA-4-1	71	187	55.26703296703298	0.0
tRNA-Lys-CTT-7-1	139	399	54.71650057458883	0.0
tRNA-Lys-CTT-11-1	136	396	54.174833907922164	0.0
tRNA-Ala-AGC-8-1	14	100	50.0	0.0
tRNA-Ala-AGC-8-2	14	100	50.0	0.0
tRNA-Gln-CTG-6-1	170	447	49.58537296037304	0.0
tRNA-Ser-GCT-4-3	79	267	47.930952380952384	0.0
tRNA-Ser-GCT-4-2	79	267	47.930952380952384	0.0
tRNA-Ser-GCT-4-1	79	267	47.930952380952384	0.0
tRNA-Trp-CCA-2-1	33	49	47.33333333333333	0.0
tRNA-Val-TAC-2-1	61	123	46.91666666666668	0.0
tRNA-Gly-CCC-chr1-16	94	934	46.21904761904762	0.0
tRNA-Gly-CCC-chr1-19	94	934	46.21904761904762	0.0
tRNA-Arg-CCT-3-1	70	151	42.26666666666669	0.0
tRNA-Gln-TTG-1-1	131	296	41.719677544677566	0.0
tRNA-Ser-GCT-5-1	69	231	40.671428571428564	0.0
tRNA-Gln-TTG-3-1	126	288	39.275233100233116	0.0
tRNA-Gln-TTG-3-2	126	288	39.275233100233116	0.0
tRNA-Gln-TTG-3-3	126	288	39.275233100233116	0.0
tRNA-Lys-TTT-4-1	102	294	39.07743131051955	0.0
tRNA-Glu-TTC-10-1	106	217	37.92158119658123	0.0
tRNA-Thr-TGT-2-1	23	39	36.75	0.0
tRNA-Met-CAT-6-1	35	63	36.736111111111114	0.0
tRNA-Gly-GCC-4-1	81	427	36.60064080656188	0.0
tRNA-Lys-TTT-6-1	87	275	34.321572300248775	0.0
tRNA-Pro-TGG-1-1	72	148	33.05896849968057	0.0
tRNA-Arg-CCT-2-1	55	130	31.76666666666666	0.0
tRNA-Leu-CAA-1-1	67	169	31.267032967032968	0.0
tRNA-Arg-CCT-1-1	55	130	31.26666666666666	0.0
tRNA-Arg-TCG-1-1	25	33	30.477777777777778	0.0
tRNA-Leu-CAA-1-2	66	167	29.267032967032968	0.0
tRNA-Gln-CTG-3-1	109	308	27.721953046953047	0.0
tRNA-Gln-CTG-3-2	109	308	27.721953046953047	0.0
tRNA-Gln-CTG-4-2	108	307	27.22195304695305	0.0
tRNA-Gln-CTG-4-1	108	307	27.22195304695305	0.0
tRNA-Ala-AGC-11-1	7	24	24.0	0.0
tRNA-Gln-TTG-2-1	70	137	23.770543345543334	0.0
tRNA-iMet-CAT-1-8	64	221	23.347222222222218	0.0
tRNA-iMet-CAT-1-7	64	221	23.347222222222218	0.0
tRNA-iMet-CAT-1-6	64	221	23.347222222222218	0.0
tRNA-iMet-CAT-1-5	64	221	23.347222222222218	0.0
tRNA-iMet-CAT-1-4	64	221	23.347222222222218	0.0
tRNA-iMet-CAT-1-3	64	221	23.347222222222218	0.0
tRNA-iMet-CAT-1-2	64	221	23.347222222222218	0.0
tRNA-iMet-CAT-1-1	64	221	23.347222222222218	0.0
tRNA-Asn-GTT-2-1	91	222	22.4658049537845	0.0
tRNA-Asn-GTT-2-2	91	222	22.4658049537845	0.0
tRNA-Asn-GTT-2-3	91	222	22.4658049537845	0.0
tRNA-Asn-GTT-2-4	91	222	22.4658049537845	0.0
tRNA-Asn-GTT-2-5	91	222	22.4658049537845	0.0
tRNA-Asn-GTT-2-6	91	222	22.4658049537845	0.0
tRNA-Leu-CAA-3-1	56	154	22.267032967032975	0.0
tRNA-Asn-GTT-3-1	87	218	22.202219519610832	0.0
tRNA-Asn-GTT-3-2	87	218	22.202219519610832	0.0
tRNA-Gly-CCC-2-2	34	44	22.0	0.0
tRNA-Gly-CCC-2-1	34	44	22.0	0.0
tRNA-Lys-CTT-chr7-30	42	66	21.79751082251082	0.0
tRNA-Leu-CAA-2-1	55	153	21.267032967032975	0.0
tRNA-Arg-CCT-5-1	37	104	21.166666666666664	0.0
tRNA-Leu-CAG-2-2	61	174	21.089255189255194	0.0
tRNA-Leu-CAG-2-1	61	174	21.089255189255194	0.0
tRNA-Cys-GCA-2-3	74	170	20.759788008925934	0.0
tRNA-Cys-GCA-2-4	74	170	20.759788008925934	0.0
tRNA-Cys-GCA-2-1	74	170	20.759788008925934	0.0
tRNA-Cys-GCA-2-2	74	170	20.759788008925934	0.0
tRNA-Met-CAT-3-2	40	94	20.688492063492067	0.0
tRNA-Met-CAT-3-1	40	94	20.688492063492067	0.0
tRNA-Cys-GCA-4-1	73	169	20.682864932002857	0.0
tRNA-Arg-ACG-2-3	59	112	20.39285714285714	0.0
tRNA-Arg-ACG-2-2	59	112	20.39285714285714	0.0
tRNA-Arg-ACG-2-4	59	112	20.39285714285714	0.0
tRNA-Arg-ACG-2-1	59	112	20.39285714285714	0.0
tRNA-Ser-GCT-2-1	36	129	20.247619047619043	0.0
tRNA-iMet-CAT-2-1	50	196	20.222222222222218	0.0
tRNA-Gly-TCC-1-1	28	34	19.888888888888886	0.0
tRNA-Gly-CCC-4-1	34	68	19.731934731934736	0.0
tRNA-Val-TAC-3-1	13	39	19.653508771929825	0.0
tRNA-Glu-CTC-3-1	41	152	19.22323232323232	0.0
tRNA-Ser-GCT-1-1	33	126	18.880952380952376	0.0
tRNA-Leu-AAG-2-1	70	134	18.85159285159284	0.0
tRNA-Leu-AAG-2-3	70	134	18.85159285159284	0.0
tRNA-Leu-AAG-2-2	70	134	18.85159285159284	0.0
tRNA-Leu-AAG-2-4	70	134	18.85159285159284	0.0
tRNA-Leu-TAG-1-1	73	125	18.134926184926186	0.0
tRNA-SeC-TCA-2-1	28	36	18.0	0.0
tRNA-Leu-AAG-1-3	72	124	17.634926184926186	0.0
tRNA-Leu-AAG-1-1	72	124	17.634926184926186	0.0
tRNA-Leu-AAG-1-2	72	124	17.634926184926186	0.0
tRNA-Asn-GTT-5-1	59	172	17.25469384267338	0.0
tRNA-Leu-TAG-2-1	49	87	16.629370629370623	0.0
tRNA-Glu-TTC-6-1	40	84	15.312373737373735	0.0
tRNA-Ser-TGA-1-1	8	16	15.2	0.0
tRNA-Arg-ACG-1-3	44	86	15.142857142857142	0.0
tRNA-Arg-ACG-1-1	44	86	15.142857142857142	0.0
tRNA-Arg-ACG-1-2	44	86	15.142857142857142	0.0
tRNA-Cys-GCA-chr5-2	61	128	15.072974822112748	0.0
tRNA-Leu-AAG-3-1	44	99	15.035353535353526	0.0
tRNA-Asp-GTC-1-1	21	22	14.128205128205128	0.0
tRNA-Thr-CGT-6-1	26	140	13.999999999999996	0.0
tRNA-Leu-TAG-3-1	17	22	13.816239316239313	0.0
tRNA-Lys-CTT-chr15-5	36	56	13.73333333333333	0.0
tRNA-Ala-AGC-1-1	21	99	13.174603174603174	0.0
tRNA-Asp-ATC-chr6-103	20	101	12.33531746031746	0.0
tRNA-Ala-TGC-9-1	5	12	12.0	0.0
tRNA-Asn-GTT-4-1	37	123	11.874895862875402	0.0
tRNA-Tyr-GTA-1-1	20	29	11.785714285714285	0.0
tRNA-Met-CAT-4-3	28	76	11.188492063492061	0.0
tRNA-Met-CAT-4-1	28	76	11.188492063492061	0.0
tRNA-Met-CAT-4-2	28	76	11.188492063492061	0.0
tRNA-Met-CAT-2-1	28	76	11.188492063492061	0.0
tRNA-Gly-CCC-3-1	16	21	11.176406926406926	0.0
tRNA-Gln-CTG-chr19-4	29	130	11.045787545787544	0.0
tRNA-Phe-GAA-8-1	8	11	11.0	0.0
tRNA-Gln-CTG-7-1	32	140	10.956043956043954	0.0
tRNA-Arg-TCT-1-1	13	13	10.9	0.0
tRNA-Tyr-GTA-8-1	19	28	10.785714285714285	0.0
tRNA-Thr-TGT-4-1	19	28	10.250000000000002	0.0
tRNA-Asp-GTC-2-4	89	123	10.153263403263406	0.0
tRNA-Asp-GTC-2-3	89	123	10.153263403263406	0.0
tRNA-Asp-GTC-2-2	89	123	10.153263403263406	0.0
tRNA-Asp-GTC-2-1	89	123	10.153263403263406	0.0
tRNA-Asp-GTC-2-9	89	123	10.153263403263406	0.0
tRNA-Asp-GTC-2-8	89	123	10.153263403263406	0.0
tRNA-Asp-GTC-2-7	89	123	10.153263403263406	0.0
tRNA-Asp-GTC-2-6	89	123	10.153263403263406	0.0
tRNA-Asp-GTC-2-5	89	123	10.153263403263406	0.0
tRNA-Asp-GTC-2-10	89	123	10.153263403263406	0.0
tRNA-Asp-GTC-2-11	89	123	10.153263403263406	0.0
tRNA-Gly-CCC-5-1	29	181	10.149604781183726	0.0
tRNA-Arg-CCG-1-3	25	43	10.0515873015873	0.0
tRNA-Arg-CCG-1-2	25	43	10.0515873015873	0.0
tRNA-Arg-CCG-1-1	25	43	10.0515873015873	0.0
tRNA-Arg-TCG-3-1	27	44	10.0015873015873	0.0
tRNA-Leu-CAG-1-7	47	96	9.946398046398048	0.0
tRNA-Leu-CAG-1-6	47	96	9.946398046398048	0.0
tRNA-Leu-CAG-1-5	47	96	9.946398046398048	0.0
tRNA-Leu-CAG-1-4	47	96	9.946398046398048	0.0
tRNA-Leu-CAG-1-3	47	96	9.946398046398048	0.0
tRNA-Leu-CAG-1-2	47	96	9.946398046398048	0.0
tRNA-Leu-CAG-1-1	47	96	9.946398046398048	0.0
tRNA-Und-NNN-3-1	25	61	9.85821123321123	0.0
tRNA-Cys-GCA-19-1	24	40	9.544588339314505	0.0
tRNA-Met-CAT-5-1	23	67	9.521825396825397	0.0
tRNA-Val-TAC-4-1	18	56	9.38031045751634	0.0
tRNA-Cys-GCA-24-1	8	14	9.217765567765568	0.0
tRNA-Trp-CCA-5-1	24	42	9.100000000000001	0.0
tRNA-Thr-TGT-6-1	14	23	8.833333333333334	0.0
tRNA-Asp-GTC-3-1	73	106	8.737179487179487	0.0
tRNA-Trp-CCA-1-1	23	40	8.700000000000001	0.0
tRNA-Ile-TAT-1-1	16	24	8.683333333333334	0.0
tRNA-Ile-TAT-2-1	16	30	8.516666666666666	0.0
tRNA-Trp-CCA-3-2	24	42	8.350000000000001	0.0
tRNA-Trp-CCA-3-1	24	42	8.350000000000001	0.0
tRNA-Trp-CCA-3-3	24	42	8.350000000000001	0.0
tRNA-Lys-CTT-5-1	38	49	8.101839826839827	0.0
tRNA-Gly-TCC-3-1	18	22	7.888888888888888	0.0
tRNA-Cys-GCA-17-1	22	71	7.503532173258339	0.0
tRNA-Ala-AGC-10-1	10	45	7.5	0.0
tRNA-Ala-AGC-12-3	10	45	7.5	0.0
tRNA-Ala-AGC-12-1	10	45	7.5	0.0
tRNA-Ala-AGC-12-2	10	45	7.5	0.0
tRNA-Ala-AGC-14-1	10	45	7.5	0.0
tRNA-Ala-AGC-15-1	9	44	7.333333333333333	0.0
tRNA-Ile-TAT-2-2	13	25	7.183333333333334	0.0
tRNA-Val-CAC-6-1	21	54	7.0611928104575155	0.0
tRNA-Cys-GCA-1-1	42	56	7.008261757399685	0.0
tRNA-Tyr-GTA-2-1	23	38	6.904761904761906	0.0
tRNA-Tyr-GTA-5-4	17	32	6.841269841269843	0.0
tRNA-Tyr-GTA-5-3	17	32	6.841269841269843	0.0
tRNA-Thr-TGT-5-1	15	21	6.749999999999998	0.0
tRNA-Ile-TAT-2-3	12	24	6.683333333333334	0.0
tRNA-Asn-GTT-6-1	30	49	6.669934640522875	0.0
tRNA-Pro-AGG-3-1	48	119	6.635714285714282	0.0
tRNA-Lys-TTT-1-1	29	33	6.59420301920302	0.0
tRNA-Ser-CGA-4-1	5	7	6.333333333333334	0.0
tRNA-Tyr-GTA-5-5	16	31	5.841269841269841	0.0
tRNA-Tyr-GTA-5-1	16	31	5.841269841269841	0.0
tRNA-Lys-TTT-2-1	24	28	5.760869685869686	0.0
tRNA-Ala-AGC-9-1	5	11	5.5	0.0
tRNA-Ala-AGC-9-2	5	11	5.5	0.0
tRNA-Asn-GTT-1-1	33	49	5.457063695043233	0.0
tRNA-Tyr-GTA-3-1	16	17	5.285714285714286	0.0
tRNA-Arg-TCG-2-1	9	17	5.251587301587301	0.0
tRNA-Arg-TCT-3-2	13	15	5.233333333333333	0.0
tRNA-Ile-AAT-4-1	11	16	5.157287157287158	0.0
tRNA-Tyr-GTA-5-2	15	30	4.841269841269842	0.0
tRNA-Cys-ACA-1-1	28	41	4.807142857142856	0.0
tRNA-Gln-TTG-4-1	15	32	4.740384615384615	0.0
tRNA-Leu-TAA-1-1	5	6	4.7	0.0
tRNA-Arg-TCG-5-1	10	18	4.4182539682539685	0.0
tRNA-Arg-TCG-4-1	10	18	4.4182539682539685	0.0
tRNA-Arg-TCT-3-1	11	13	4.233333333333333	0.0
tRNA-Leu-AAG-4-1	10	24	4.166666666666667	0.0
tRNA-Ile-TAT-3-1	8	15	3.9333333333333336	0.0
tRNA-Arg-TCT-2-1	10	12	3.733333333333334	0.0
tRNA-Phe-GAA-1-6	13	29	3.6500000000000004	0.0
tRNA-Phe-GAA-1-1	13	29	3.6500000000000004	0.0
tRNA-Phe-GAA-1-2	13	29	3.6500000000000004	0.0
tRNA-Phe-GAA-1-3	13	29	3.6500000000000004	0.0
tRNA-Phe-GAA-1-4	13	29	3.6500000000000004	0.0
tRNA-Phe-GAA-1-5	13	29	3.6500000000000004	0.0
tRNA-Gln-CTG-9-1	11	39	3.5974025974025965	0.0
tRNA-Cys-GCA-5-1	12	13	3.596786141512308	0.0
tRNA-Phe-GAA-2-1	12	27	3.483333333333334	0.0
tRNA-Thr-TGT-3-1	7	7	3.4166666666666665	0.0
tRNA-Ala-AGC-22-1	2	10	3.3333333333333335	0.0
tRNA-Ala-AGC-13-2	2	10	3.3333333333333335	0.0
tRNA-Ala-AGC-13-1	2	10	3.3333333333333335	0.0
tRNA-Asp-GTC-4-1	13	19	3.314102564102564	0.0
tRNA-Phe-GAA-4-1	11	25	3.2833333333333337	0.0
tRNA-Tyr-GTA-6-1	8	9	3.2222222222222223	0.0
tRNA-Arg-TCT-5-1	6	6	2.9000000000000004	0.0
tRNA-Cys-GCA-8-1	24	39	2.7980681927943603	0.0
tRNA-Cys-GCA-15-1	23	38	2.721145115871283	0.0
tRNA-Cys-GCA-13-1	23	38	2.721145115871283	0.0
tRNA-Cys-GCA-9-4	23	38	2.721145115871283	0.0
tRNA-Cys-GCA-9-2	23	38	2.721145115871283	0.0
tRNA-Cys-GCA-9-3	23	38	2.721145115871283	0.0
tRNA-Cys-GCA-9-1	23	38	2.721145115871283	0.0
tRNA-Cys-GCA-10-1	23	38	2.721145115871283	0.0
tRNA-Cys-GCA-14-1	22	37	2.6826835774097444	0.0
tRNA-Gly-TCC-2-6	17	21	2.6746031746031744	0.0
tRNA-Gly-TCC-2-5	17	21	2.6746031746031744	0.0
tRNA-Gly-TCC-2-4	17	21	2.6746031746031744	0.0
tRNA-Gly-TCC-2-3	17	21	2.6746031746031744	0.0
tRNA-Gly-TCC-2-2	17	21	2.6746031746031744	0.0
tRNA-Gly-TCC-2-1	17	21	2.6746031746031744	0.0
tRNA-Asp-GTC-5-1	9	10	2.634615384615385	0.0
tRNA-Tyr-GTA-chr1-127	7	7	2.533333333333333	0.0
tRNA-Tyr-GTA-chr21-2	7	7	2.533333333333333	0.0
tRNA-Lys-CTT-9-1	8	16	2.490909090909091	0.0
tRNA-Glu-CTC-5-1	4	7	2.4333333333333336	0.0
tRNA-Phe-GAA-6-1	4	6	2.4000000000000004	0.0
tRNA-Val-CAC-10-1	5	8	2.336601307189542	0.0
tRNA-Leu-TAA-2-1	3	3	2.2	0.0
tRNA-Lys-CTT-chr16-1	13	18	2.1858585858585857	0.0
tRNA-Cys-GCA-chr11-21	17	31	2.1160169107430775	0.0
tRNA-Cys-GCA-3-1	8	21	2.0512820512820515	0.0
tRNA-Cys-GCA-16-1	8	21	2.0512820512820515	0.0
tRNA-Lys-CTT-10-1	8	8	1.9536037491919844	0.0
tRNA-Lys-CTT-12-1	12	16	1.9358585858585857	0.0
tRNA-Gly-GCC-6-1	6	7	1.7666666666666668	0.0
tRNA-Lys-CTT-16-1	8	10	1.6222222222222222	0.0
tRNA-Glu-TTC-7-1	5	7	1.5795454545454544	0.0
tRNA-Tyr-GTA-chr14-8	5	5	1.5333333333333332	0.0
tRNA-Lys-TTT-11-1	6	6	1.5293040293040292	0.0
tRNA-Tyr-GTA-4-1	5	5	1.507936507936508	0.0
tRNA-Ser-CGA-3-1	2	2	1.5	0.0
tRNA-Val-CAC-9-1	2	2	1.5	0.0
tRNA-Sup-TTA-1-1	4	5	1.4761904761904763	0.0
tRNA-Leu-CAG-chr9-7	18	26	1.438461538461539	0.0
tRNA-Phe-GAA-10-1	10	14	1.4192076039902126	0.0
tRNA-Ser-CGA-1-1	3	3	1.4166666666666665	0.0
tRNA-Asn-GTT-12-1	3	3	1.3768115942028984	0.0
tRNA-Lys-CTT-14-1	5	5	1.375	0.0
tRNA-Cys-GCA-18-1	7	8	1.269863064589231	0.0
tRNA-Leu-CAA-6-1	16	24	1.2384615384615387	0.0
tRNA-Cys-GCA-12-1	5	6	1.1956872404134067	0.0
tRNA-Gly-TCC-4-1	7	10	1.1746031746031744	0.0
tRNA-Ala-AGC-16-1	2	2	1.1666666666666667	0.0
tRNA-Ile-AAT-2-1	9	12	1.1572871572871573	0.0
tRNA-Ile-AAT-5-5	9	12	1.1572871572871573	0.0
tRNA-Ile-AAT-5-4	9	12	1.1572871572871573	0.0
tRNA-Ile-AAT-5-3	9	12	1.1572871572871573	0.0
tRNA-Ile-AAT-5-2	9	12	1.1572871572871573	0.0
tRNA-Ile-AAT-5-1	9	12	1.1572871572871573	0.0
tRNA-Thr-TGT-1-1	2	2	1.1	0.0
tRNA-Lys-TTT-8-1	11	12	1.0723776223776225	0.0
tRNA-Lys-CTT-8-1	7	11	1.0666666666666667	0.0
tRNA-Thr-CGT-4-1	1	2	1.0	0.0
tRNA-Thr-CGT-1-1	1	2	1.0	0.0
tRNA-Ala-CGC-5-1	2	2	1.0	0.0
tRNA-Thr-CGT-2-1	1	2	1.0	0.0
tRNA-Asn-GTT-20-1	1	1	1.0	0.0
tRNA-Thr-AGT-3-1	1	2	1.0	0.0
tRNA-Asn-GTT-17-1	2	2	1.0	0.0
tRNA-Leu-AAG-7-1	1	1	1.0	0.0
tRNA-Gln-TTG-6-1	1	1	1.0	0.0
tRNA-Asn-GTT-11-2	8	11	0.917832167832168	0.0
tRNA-Asn-GTT-11-1	8	11	0.917832167832168	0.0
tRNA-Ile-AAT-6-1	6	9	0.9040404040404041	0.0
tRNA-Lys-TTT-14-1	8	9	0.9001554001554003	0.0
tRNA-Ser-CGA-2-1	2	2	0.8333333333333333	0.0
tRNA-Cys-GCA-22-1	13	14	0.7698630645892307	0.0
tRNA-Cys-GCA-20-1	13	14	0.7698630645892307	0.0
tRNA-Lys-TTT-13-1	3	3	0.7588235294117647	0.0
tRNA-Ile-AAT-3-1	7	8	0.7572871572871573	0.0
tRNA-Phe-GAA-3-1	4	5	0.7333333333333334	0.0
tRNA-Leu-TAA-4-1	2	2	0.7	0.0
tRNA-Ser-GCT-6-1	4	4	0.6428571428571428	0.0
tRNA-Cys-GCA-7-1	9	10	0.6101848343227654	0.0
tRNA-Ile-AAT-1-1	4	6	0.5818181818181819	0.0
tRNA-Ser-ACT-1-1	4	6	0.5818181818181819	0.0
tRNA-Asn-GTT-19-1	2	2	0.5666666666666667	0.0
tRNA-Asn-GTT-15-1	2	2	0.5588235294117647	0.0
tRNA-Lys-TTT-7-1	4	4	0.5079365079365079	0.0
tRNA-Cys-GCA-chrX-3	1	1	0.5	0.0
tRNA-Ala-AGC-21-1	1	1	0.5	0.0
tRNA-Cys-GCA-chr12-14	1	1	0.5	0.0
nmt-tRNA-Ser-TGA-2-1	1	1	0.5	0.0
nmt-tRNA-Ser-TGA-1-1	1	1	0.5	0.0
tRNA-Ala-AGC-19-1	1	1	0.5	0.0
tRNA-Gln-CTG-8-2	1	1	0.5	0.0
tRNA-Gln-CTG-8-1	1	1	0.5	0.0
tRNA-Asn-GTT-10-1	2	2	0.37681159420289856	0.0
tRNA-Asn-GTT-8-1	2	2	0.37681159420289856	0.0
tRNA-Asn-GTT-9-2	6	6	0.35706369504323465	0.0
tRNA-Asn-GTT-9-1	6	6	0.35706369504323465	0.0
tRNA-Asn-GTT-7-1	4	4	0.2933223639105992	0.0
tRNA-Cys-GCA-21-1	6	7	0.28796261210054314	0.0
tRNA-Cys-GCA-23-1	6	7	0.28796261210054314	0.0
tRNA-Cys-GCA-11-1	6	7	0.28796261210054314	0.0
tRNA-Arg-TCG-6-1	2	2	0.2777777777777778	0.0
tRNA-Asn-GTT-13-1	4	4	0.2635854341736695	0.0
tRNA-Asn-GTT-21-1	4	4	0.2635854341736695	0.0
tRNA-Asn-GTT-18-1	4	4	0.2635854341736695	0.0
tRNA-Ile-AAT-8-1	3	3	0.2532467532467533	0.0
tRNA-Ile-AAT-7-2	3	3	0.2532467532467533	0.0
tRNA-Ile-AAT-7-1	3	3	0.2532467532467533	0.0
tRNA-Tyr-GTA-chr7-6	1	1	0.25	0.0
tRNA-Tyr-GTA-chr7-1	1	1	0.25	0.0
tRNA-Undet-NNN-chr2-20	1	1	0.25	0.0
tRNA-Undet-NNN-chr2-8	1	1	0.25	0.0
tRNA-Tyr-GTA-7-1	2	2	0.2222222222222222	0.0
tRNA-Tyr-GTA-9-1	2	2	0.2222222222222222	0.0
tRNA-Cys-GCA-25-1	4	5	0.21776556776556777	0.0
tRNA-Leu-TAA-3-1	1	1	0.2	0.0
tRNA-Tyr-GTA-chr10-3	1	1	0.2	0.0
tRNA-Phe-GAA-5-1	1	2	0.2	0.0
tRNA-Tyr-GTA-chr9-10	1	1	0.2	0.0
tRNA-Leu-CAG-chr9-3	1	1	0.125	0.0
tRNA-Thr-AGT-1-1	1	1	0.1	0.0
tRNA-Thr-AGT-1-3	1	1	0.1	0.0
tRNA-Thr-AGT-1-2	1	1	0.1	0.0
tRNA-Thr-CGT-3-1	1	1	0.1	0.0
tRNA-Thr-AGT-6-1	1	1	0.1	0.0
tRNA-Thr-AGT-2-2	1	1	0.1	0.0
tRNA-Thr-AGT-2-1	1	1	0.1	0.0
tRNA-Thr-AGT-5-1	1	1	0.1	0.0
tRNA-Thr-AGT-4-1	1	1	0.1	0.0
tRNA-Tyr-GTA-11-1	1	1	0.1	0.0
tRNA-Ile-AAT-9-1	1	1	0.1	0.0
tRNA-Asn-GTT-16-1	2	2	0.09347826086956522	0.0
tRNA-Asn-GTT-16-2	2	2	0.09347826086956522	0.0
tRNA-Asn-GTT-16-3	2	2	0.09347826086956522	0.0
tRNA-Asn-GTT-16-4	2	2	0.09347826086956522	0.0
tRNA-Asn-GTT-16-5	2	2	0.09347826086956522	0.0
tRNA-Asn-ATT-1-2	2	2	0.09347826086956522	0.0
tRNA-Asn-ATT-1-1	2	2	0.09347826086956522	0.0
tRNA-Leu-AAG-6-1	1	1	0.09090909090909091	0.0
tRNA-Lys-TTT-10-1	1	1	0.08333333333333333	0.0
tRNA-Gln-CTG-12-1	1	1	0.07692307692307693	0.0
tRNA-Ile-GAT-1-1	1	1	0.07142857142857142	0.0
tRNA-Ile-GAT-1-3	1	1	0.07142857142857142	0.0
tRNA-Ile-GAT-1-2	1	1	0.07142857142857142	0.0
tRNA-Val-AAC-7-1	1	1	0.05263157894736842	0.0
