ReferenceID	uniqueReadCount	totalReadCount	multimapAdjustedReadCount	multimapAdjustedBarcodeCount
tRNA-Gly-GCC-1-5	5601	197923	33987.34576132983	0.0
tRNA-Gly-GCC-1-3	5601	197923	33987.34576132983	0.0
tRNA-Gly-GCC-1-4	5601	197923	33987.34576132983	0.0
tRNA-Gly-GCC-1-1	5601	197923	33987.34576132983	0.0
tRNA-Gly-GCC-1-2	5601	197923	33987.34576132983	0.0
tRNA-Gly-CCC-1-2	4755	163185	22650.25093441677	0.0
tRNA-Gly-CCC-1-1	4755	163185	22650.25093441677	0.0
tRNA-Gly-GCC-2-1	6071	213723	21204.454755112696	0.0
tRNA-Gly-GCC-2-5	6071	213723	21204.454755112696	0.0
tRNA-Gly-GCC-2-4	6071	213723	21204.454755112696	0.0
tRNA-Gly-GCC-2-3	6071	213723	21204.454755112696	0.0
tRNA-Gly-GCC-2-2	6071	213723	21204.454755112696	0.0
tRNA-Gly-GCC-2-6	6071	213723	21204.454755112696	0.0
tRNA-Gly-GCC-3-1	5995	213544	21178.635885576434	0.0
tRNA-Gly-GCC-5-1	5354	204563	20591.7302063144	0.0
tRNA-Glu-CTC-1-7	3578	77910	9629.943558735957	0.0
tRNA-Glu-CTC-1-6	3578	77910	9629.943558735957	0.0
tRNA-Glu-CTC-1-5	3578	77910	9629.943558735957	0.0
tRNA-Glu-CTC-1-4	3578	77910	9629.943558735957	0.0
tRNA-Glu-CTC-1-3	3578	77910	9629.943558735957	0.0
tRNA-Glu-CTC-1-2	3578	77910	9629.943558735957	0.0
tRNA-Glu-CTC-1-1	3578	77910	9629.943558735957	0.0
tRNA-Glu-CTC-2-1	3155	74272	9230.93446782687	0.0
tRNA-Lys-CTT-2-1	3077	54566	9059.513454274493	0.0
tRNA-Lys-CTT-2-3	3077	54566	9059.513454274493	0.0
tRNA-Lys-CTT-2-2	3077	54566	9059.513454274493	0.0
tRNA-Lys-CTT-2-5	3077	54566	9059.513454274493	0.0
tRNA-Lys-CTT-2-4	3077	54566	9059.513454274493	0.0
tRNA-Lys-TTT-3-4	3334	48216	7475.578214514291	0.0
tRNA-Lys-TTT-3-5	3334	48216	7475.578214514291	0.0
tRNA-Lys-TTT-3-2	3334	48216	7475.578214514291	0.0
tRNA-Lys-TTT-3-3	3334	48216	7475.578214514291	0.0
tRNA-Lys-TTT-3-1	3334	48216	7475.578214514291	0.0
tRNA-Lys-TTT-5-1	3019	47135	7360.22402981012	0.0
tRNA-Lys-CTT-3-1	1711	34639	5438.832916756494	0.0
tRNA-Glu-TTC-2-2	1153	11370	5350.25	0.0
tRNA-Glu-TTC-2-1	1153	11370	5350.25	0.0
tRNA-Lys-CTT-1-1	1736	18254	4405.281531377122	0.0
tRNA-Lys-CTT-1-2	1736	18254	4405.281531377122	0.0
tRNA-Lys-CTT-4-1	1737	18027	4386.939412385004	0.0
tRNA-His-GTG-1-4	2434	39388	4349.27777777788	0.0
tRNA-His-GTG-1-5	2434	39388	4349.27777777788	0.0
tRNA-His-GTG-1-2	2434	39388	4349.27777777788	0.0
tRNA-His-GTG-1-3	2434	39388	4349.27777777788	0.0
tRNA-His-GTG-1-1	2434	39388	4349.27777777788	0.0
tRNA-His-GTG-1-9	2434	39388	4349.27777777788	0.0
tRNA-His-GTG-1-8	2434	39388	4349.27777777788	0.0
tRNA-His-GTG-1-7	2434	39388	4349.27777777788	0.0
tRNA-His-GTG-1-6	2434	39388	4349.27777777788	0.0
tRNA-Val-CAC-2-1	770	4964	4306.922013199217	0.0
tRNA-Gly-CCC-6-1	1575	26010	3045.921277881603	0.0
tRNA-Val-AAC-2-1	495	3297	2934.2588414853117	0.0
tRNA-Val-CAC-8-1	1545	26188	2672.960815983663	0.0
tRNA-Lys-TTT-4-1	1613	15946	2326.1759927164244	0.0
tRNA-Glu-TTC-9-1	1346	24170	2072.8220501743003	0.0
tRNA-Gly-CCC-2-2	690	4102	2051.0	0.0
tRNA-Gly-CCC-2-1	690	4102	2051.0	0.0
tRNA-Val-TAC-1-1	682	4523	1997.31871345029	0.0
tRNA-Val-TAC-1-2	682	4523	1997.31871345029	0.0
tRNA-Glu-TTC-4-1	1224	9070	1439.7939194863109	0.0
tRNA-Glu-TTC-4-2	1224	9070	1439.7939194863109	0.0
tRNA-Val-CAC-1-5	1441	16731	1190.6628967996262	0.0
tRNA-Val-CAC-1-4	1441	16731	1190.6628967996262	0.0
tRNA-Val-CAC-1-6	1441	16731	1190.6628967996262	0.0
tRNA-Val-CAC-1-1	1441	16731	1190.6628967996262	0.0
tRNA-Val-CAC-1-3	1441	16731	1190.6628967996262	0.0
tRNA-Val-CAC-1-2	1441	16731	1190.6628967996262	0.0
tRNA-Val-CAC-4-1	1412	16658	1185.1161935029231	0.0
tRNA-Val-CAC-5-1	1334	16427	1165.5460540019008	0.0
tRNA-Glu-TTC-1-2	635	2977	1153.75	0.0
tRNA-Glu-TTC-1-1	635	2977	1153.75	0.0
tRNA-Arg-CCT-4-1	413	4682	1081.9000000000028	0.0
tRNA-Glu-TTC-3-1	767	5367	1048.684828577222	0.0
tRNA-Val-AAC-3-1	1132	14846	1048.2051407484882	0.0
tRNA-Arg-CCT-1-1	334	4654	1045.233333333336	0.0
tRNA-Arg-CCT-2-1	334	4653	1044.233333333336	0.0
tRNA-Arg-CCT-3-1	385	4644	1043.733333333336	0.0
tRNA-Glu-TTC-8-1	697	5264	1012.339835164837	0.0
tRNA-Lys-TTT-6-1	973	8034	1010.7423198533494	0.0
tRNA-Val-AAC-1-1	1160	14963	975.9997654865001	0.0
tRNA-Val-AAC-1-2	1160	14963	975.9997654865001	0.0
tRNA-Val-AAC-1-3	1160	14963	975.9997654865001	0.0
tRNA-Val-AAC-1-4	1160	14963	975.9997654865001	0.0
tRNA-Val-AAC-1-5	1160	14963	975.9997654865001	0.0
tRNA-Val-AAC-4-1	1113	14809	966.2015332448856	0.0
tRNA-Val-TAC-2-1	414	1841	901.8333333333338	0.0
tRNA-Leu-CAA-1-2	290	2168	855.3238095238095	0.0
tRNA-Arg-CCT-5-1	244	4266	853.6000000000029	0.0
tRNA-Lys-CTT-7-1	918	5706	816.0526660431069	0.0
tRNA-Leu-CAA-1-1	253	2123	811.3238095238095	0.0
tRNA-Lys-CTT-11-1	867	5617	764.5784236188658	0.0
tRNA-Gln-TTG-2-1	544	2967	737.5242979243019	0.0
tRNA-Tyr-GTA-chr1-127	531	2235	732.900000000004	0.0
tRNA-Tyr-GTA-chr21-2	531	2235	732.900000000004	0.0
tRNA-Tyr-GTA-chr14-8	518	2219	725.9000000000037	0.0
tRNA-Gln-CTG-5-1	629	3621	713.1143162393172	0.0
tRNA-Lys-CTT-6-1	600	2672	627.8526140526142	0.0
tRNA-Gln-CTG-2-1	850	4579	623.0300671550674	0.0
tRNA-Gln-CTG-1-4	869	4642	578.3300671550674	0.0
tRNA-Gln-CTG-1-3	869	4642	578.3300671550674	0.0
tRNA-Gln-CTG-1-5	869	4642	578.3300671550674	0.0
tRNA-Gln-CTG-1-1	869	4642	578.3300671550674	0.0
tRNA-Gln-CTG-1-2	869	4642	578.3300671550674	0.0
tRNA-Ala-AGC-1-1	123	667	560.5829725829724	0.0
tRNA-Leu-CAA-4-1	260	1234	556.157142857143	0.0
tRNA-Gln-TTG-1-1	523	2747	548.7052503052505	0.0
tRNA-Gly-TCC-1-1	365	1654	532.5	0.0
tRNA-Glu-TTC-10-1	458	2800	523.8043650793646	0.0
tRNA-Met-CAT-1-1	196	955	500.94444444444406	0.0
tRNA-Ala-TGC-3-2	209	2712	499.6147546897543	0.0
tRNA-Ala-TGC-3-1	209	2712	499.6147546897543	0.0
tRNA-Ala-CGC-2-1	192	2694	497.1861832611828	0.0
tRNA-Val-CAC-3-1	237	846	496.8881313131317	0.0
tRNA-Ala-TGC-2-1	198	2676	495.4480880230876	0.0
tRNA-Ala-CGC-1-1	183	2659	493.6861832611828	0.0
tRNA-Pro-AGG-1-1	823	5063	473.6945279866319	0.0
tRNA-Met-CAT-6-1	179	925	470.5694444444442	0.0
tRNA-Met-CAT-3-2	308	3142	463.99206349206406	0.0
tRNA-Met-CAT-3-1	308	3142	463.99206349206406	0.0
tRNA-Met-CAT-4-3	273	3098	441.99206349206406	0.0
tRNA-Met-CAT-4-1	273	3098	441.99206349206406	0.0
tRNA-Met-CAT-4-2	273	3098	441.99206349206406	0.0
tRNA-Met-CAT-2-1	273	3098	441.99206349206406	0.0
tRNA-Ala-TGC-4-1	202	1184	440.3623737373737	0.0
tRNA-Met-CAT-5-1	261	3083	439.6587301587307	0.0
tRNA-Leu-TAA-1-1	159	487	437.45119047619045	0.0
tRNA-Gly-TCC-3-1	344	1544	423.49999999999994	0.0
tRNA-Gln-TTG-3-1	511	2272	389.2385836385827	0.0
tRNA-Gln-TTG-3-2	511	2272	389.2385836385827	0.0
tRNA-Gln-TTG-3-3	511	2272	389.2385836385827	0.0
tRNA-Gly-CCC-chr1-16	320	3771	369.7558770113692	0.0
tRNA-Gly-CCC-chr1-19	320	3771	369.7558770113692	0.0
tRNA-Gln-TTG-4-1	176	1115	364.17362637362686	0.0
tRNA-Lys-TTT-2-1	378	1869	358.8340576090566	0.0
tRNA-Lys-TTT-1-1	378	1866	357.66739094238994	0.0
tRNA-Gly-CCC-4-1	242	2361	352.72179720228894	0.0
tRNA-Pro-TGG-3-5	961	5531	351.7126769128696	0.0
tRNA-Pro-TGG-3-3	961	5531	351.7126769128696	0.0
tRNA-Pro-TGG-3-4	961	5531	351.7126769128696	0.0
tRNA-Pro-TGG-3-1	961	5531	351.7126769128696	0.0
tRNA-Pro-TGG-3-2	961	5531	351.7126769128696	0.0
tRNA-Ala-TGC-6-1	130	980	348.6473443223444	0.0
tRNA-Val-TAC-3-1	153	506	341.6798245614035	0.0
tRNA-Pro-CGG-2-1	833	4933	335.8176274018363	0.0
tRNA-Cys-GCA-6-1	262	994	329.055309045999	0.0
tRNA-His-GTG-2-1	394	2525	324.5000000000007	0.0
tRNA-Gly-CCC-5-1	236	2906	321.9947702818411	0.0
tRNA-Pro-CGG-1-1	900	5235	320.3579150081081	0.0
tRNA-Pro-CGG-1-2	900	5235	320.3579150081081	0.0
tRNA-Pro-CGG-1-3	900	5235	320.3579150081081	0.0
tRNA-Thr-TGT-4-1	222	1135	318.3333333333334	0.0
tRNA-Pro-TGG-2-1	426	1751	304.3690476190474	0.0
tRNA-Thr-TGT-5-1	199	1067	298.16666666666674	0.0
tRNA-Lys-TTT-7-1	110	737	296.9670024420024	0.0
tRNA-Thr-CGT-4-1	72	297	286.5	0.0
tRNA-Leu-TAG-3-1	152	349	282.25757575757575	0.0
tRNA-Pro-AGG-2-4	863	5120	280.9051372303301	0.0
tRNA-Pro-AGG-2-3	863	5120	280.9051372303301	0.0
tRNA-Pro-AGG-2-6	863	5120	280.9051372303301	0.0
tRNA-Pro-AGG-2-5	863	5120	280.9051372303301	0.0
tRNA-Pro-AGG-2-8	863	5120	280.9051372303301	0.0
tRNA-Pro-AGG-2-7	863	5120	280.9051372303301	0.0
tRNA-Pro-AGG-2-1	863	5120	280.9051372303301	0.0
tRNA-Pro-AGG-2-2	863	5120	280.9051372303301	0.0
tRNA-Gly-TCC-2-6	443	2000	275.6726190476189	0.0
tRNA-Gly-TCC-2-5	443	2000	275.6726190476189	0.0
tRNA-Gly-TCC-2-4	443	2000	275.6726190476189	0.0
tRNA-Gly-TCC-2-3	443	2000	275.6726190476189	0.0
tRNA-Gly-TCC-2-2	443	2000	275.6726190476189	0.0
tRNA-Gly-TCC-2-1	443	2000	275.6726190476189	0.0
tRNA-Pro-TGG-1-1	265	1075	274.95046931053105	0.0
tRNA-Gly-CCC-3-1	157	1820	268.62721108665033	0.0
tRNA-Ala-AGC-2-1	176	1295	264.9572649572649	0.0
tRNA-Ala-AGC-2-2	176	1295	264.9572649572649	0.0
tRNA-Thr-TGT-3-1	137	948	252.33333333333331	0.0
tRNA-Ala-AGC-3-1	159	1262	250.29059829059827	0.0
tRNA-Gly-GCC-4-1	271	2044	244.8432861728916	0.0
tRNA-Thr-TGT-2-1	128	938	242.16666666666666	0.0
tRNA-Arg-CCG-2-1	135	244	240.29999999999998	0.0
tRNA-Asp-GTC-2-4	670	2672	231.49167499167578	0.0
tRNA-Asp-GTC-2-3	670	2672	231.49167499167578	0.0
tRNA-Asp-GTC-2-2	670	2672	231.49167499167578	0.0
tRNA-Asp-GTC-2-1	670	2672	231.49167499167578	0.0
tRNA-Asp-GTC-2-9	670	2672	231.49167499167578	0.0
tRNA-Asp-GTC-2-8	670	2672	231.49167499167578	0.0
tRNA-Asp-GTC-2-7	670	2672	231.49167499167578	0.0
tRNA-Asp-GTC-2-6	670	2672	231.49167499167578	0.0
tRNA-Asp-GTC-2-5	670	2672	231.49167499167578	0.0
tRNA-Asp-GTC-2-10	670	2672	231.49167499167578	0.0
tRNA-Asp-GTC-2-11	670	2672	231.49167499167578	0.0
tRNA-Asp-GTC-1-1	179	386	224.32967032967036	0.0
tRNA-Val-AAC-5-1	288	3286	221.9991522924961	0.0
tRNA-Arg-TCT-1-1	173	406	209.29999999999993	0.0
tRNA-Ala-TGC-1-1	143	1004	208.71289266289264	0.0
tRNA-iMet-CAT-1-8	362	1917	208.3777777777783	0.0
tRNA-iMet-CAT-1-7	362	1917	208.3777777777783	0.0
tRNA-iMet-CAT-1-6	362	1917	208.3777777777783	0.0
tRNA-iMet-CAT-1-5	362	1917	208.3777777777783	0.0
tRNA-iMet-CAT-1-4	362	1917	208.3777777777783	0.0
tRNA-iMet-CAT-1-3	362	1917	208.3777777777783	0.0
tRNA-iMet-CAT-1-2	362	1917	208.3777777777783	0.0
tRNA-iMet-CAT-1-1	362	1917	208.3777777777783	0.0
tRNA-Leu-CAG-2-2	243	1715	200.10714285714317	0.0
tRNA-Leu-CAG-2-1	243	1715	200.10714285714317	0.0
tRNA-iMet-CAT-2-1	344	1803	195.8777777777783	0.0
tRNA-Cys-GCA-4-1	294	1193	173.25958810027734	0.0
tRNA-Thr-TGT-1-1	114	511	171.18431568431566	0.0
tRNA-Cys-GCA-2-3	301	1185	170.21029017597948	0.0
tRNA-Cys-GCA-2-4	301	1185	170.21029017597948	0.0
tRNA-Cys-GCA-2-1	301	1185	170.21029017597948	0.0
tRNA-Cys-GCA-2-2	301	1185	170.21029017597948	0.0
tRNA-Leu-CAG-1-7	227	1492	168.2321428571432	0.0
tRNA-Leu-CAG-1-6	227	1492	168.2321428571432	0.0
tRNA-Leu-CAG-1-5	227	1492	168.2321428571432	0.0
tRNA-Leu-CAG-1-4	227	1492	168.2321428571432	0.0
tRNA-Leu-CAG-1-3	227	1492	168.2321428571432	0.0
tRNA-Leu-CAG-1-2	227	1492	168.2321428571432	0.0
tRNA-Leu-CAG-1-1	227	1492	168.2321428571432	0.0
tRNA-Ala-CGC-3-1	97	845	167.83412698412695	0.0
tRNA-Leu-CAA-2-1	186	842	161.82380952380944	0.0
tRNA-Ala-AGC-4-1	129	584	156.93380230880229	0.0
tRNA-Asn-GTT-2-1	329	1540	151.47817782474021	0.0
tRNA-Asn-GTT-2-2	329	1540	151.47817782474021	0.0
tRNA-Asn-GTT-2-3	329	1540	151.47817782474021	0.0
tRNA-Asn-GTT-2-4	329	1540	151.47817782474021	0.0
tRNA-Asn-GTT-2-5	329	1540	151.47817782474021	0.0
tRNA-Asn-GTT-2-6	329	1540	151.47817782474021	0.0
tRNA-Lys-CTT-5-1	259	755	148.1216977466977	0.0
tRNA-Arg-TCT-3-1	221	471	147.21666666666675	0.0
tRNA-Leu-CAA-3-1	180	825	147.15714285714276	0.0
tRNA-Asn-GTT-1-1	280	1465	145.3170667136291	0.0
tRNA-Asn-GTT-3-1	253	1435	144.77423717904253	0.0
tRNA-Asn-GTT-3-2	253	1435	144.77423717904253	0.0
tRNA-Ile-TAT-2-1	62	363	142.25	0.0
tRNA-Cys-GCA-chr5-2	208	949	140.3907750614648	0.0
tRNA-Arg-TCT-2-1	190	432	140.21666666666667	0.0
tRNA-Val-CAC-7-1	104	1626	138.98161764705893	0.0
tRNA-Asn-GTT-6-1	214	1377	136.34865338909444	0.0
tRNA-Ser-GCT-3-1	218	489	135.0348370927319	0.0
tRNA-Ala-AGC-6-1	70	143	128.64285714285717	0.0
tRNA-Arg-TCT-3-2	211	457	126.7166666666668	0.0
tRNA-Cys-GCA-5-1	110	241	118.46591739190123	0.0
tRNA-Gln-CTG-6-1	228	1013	115.86336996337009	0.0
tRNA-Tyr-GTA-1-1	108	226	114.57800532800535	0.0
tRNA-Lys-TTT-8-1	247	1057	110.18878343878353	0.0
tRNA-Thr-AGT-3-1	97	435	107.642649017649	0.0
tRNA-Tyr-GTA-5-1	169	377	107.2113025863027	0.0
tRNA-Ile-TAT-1-1	45	314	103.25000000000003	0.0
tRNA-Ile-TAT-3-1	44	307	103.00000000000004	0.0
tRNA-Lys-CTT-chr15-5	128	431	98.35952380952382	0.0
tRNA-Leu-TAG-1-1	162	375	93.4075757575758	0.0
tRNA-Gly-TCC-4-1	105	311	88.83928571428574	0.0
tRNA-Asp-GTC-5-1	215	777	86.98351648351647	0.0
tRNA-Thr-CGT-3-1	102	404	85.05769230769229	0.0
tRNA-Thr-CGT-1-1	104	462	83.43431568431569	0.0
tRNA-Thr-TGT-6-1	94	200	81.99999999999996	0.0
tRNA-Arg-ACG-2-3	153	523	81.78571428571435	0.0
tRNA-Arg-ACG-2-2	153	523	81.78571428571435	0.0
tRNA-Arg-ACG-2-4	153	523	81.78571428571435	0.0
tRNA-Arg-ACG-2-1	153	523	81.78571428571435	0.0
tRNA-Ser-GCT-5-1	211	460	79.78483709273196	0.0
tRNA-Ser-ACT-1-1	98	142	78.9727272727273	0.0
tRNA-Arg-TCT-5-1	150	361	78.0500000000001	0.0
tRNA-Gln-CTG-4-2	188	931	75.54386446886456	0.0
tRNA-Gln-CTG-4-1	188	931	75.54386446886456	0.0
tRNA-Trp-CCA-2-1	51	82	75.33333333333334	0.0
tRNA-Arg-ACG-1-3	128	484	74.3690476190477	0.0
tRNA-Arg-ACG-1-1	128	484	74.3690476190477	0.0
tRNA-Arg-ACG-1-2	128	484	74.3690476190477	0.0
tRNA-Lys-TTT-14-1	147	792	74.25805305805311	0.0
tRNA-Ser-GCT-4-3	233	488	73.98721804511291	0.0
tRNA-Ser-GCT-4-2	233	488	73.98721804511291	0.0
tRNA-Ser-GCT-4-1	233	488	73.98721804511291	0.0
tRNA-Gln-CTG-3-1	183	927	73.90497557997567	0.0
tRNA-Gln-CTG-3-2	183	927	73.90497557997567	0.0
tRNA-Tyr-GTA-5-5	143	343	73.71130258630262	0.0
tRNA-Thr-CGT-2-1	37	84	73.5	0.0
tRNA-Tyr-GTA-2-1	140	339	71.00657675657676	0.0
tRNA-Gly-CCC-7-1	75	217	70.53535353535355	0.0
tRNA-Lys-CTT-chr7-30	182	550	70.48836441336448	0.0
tRNA-Tyr-GTA-5-4	144	338	66.71130258630258	0.0
tRNA-Cys-GCA-1-1	181	486	66.56313177882146	0.0
tRNA-SeC-TCA-1-1	33	74	66.5	0.0
tRNA-Thr-AGT-1-1	132	473	63.225982350982385	0.0
tRNA-Thr-AGT-1-3	132	473	63.225982350982385	0.0
tRNA-Thr-AGT-1-2	132	473	63.225982350982385	0.0
tRNA-Thr-CGT-6-1	34	566	62.000000000000014	0.0
tRNA-Ser-GCT-2-1	212	405	61.97055137844626	0.0
tRNA-Arg-CCG-1-3	131	240	61.77777777777778	0.0
tRNA-Arg-CCG-1-2	131	240	61.77777777777778	0.0
tRNA-Arg-CCG-1-1	131	240	61.77777777777778	0.0
tRNA-Leu-TAG-2-1	103	172	61.459956709956764	0.0
tRNA-Ile-AAT-8-1	138	520	60.58686868686873	0.0
tRNA-Ser-GCT-1-1	212	403	59.97055137844626	0.0
tRNA-Ala-CGC-4-1	122	574	59.41440781440785	0.0
tRNA-Ser-TGA-2-1	141	485	58.98715699505178	0.0
tRNA-Ala-AGC-7-1	130	584	58.92393162393167	0.0
tRNA-Ala-TGC-5-1	118	550	58.64384504384512	0.0
tRNA-Ala-AGC-5-1	126	581	58.59059829059833	0.0
tRNA-Und-NNN-3-1	67	336	57.99142246642252	0.0
tRNA-Ser-TGA-4-1	109	396	57.657864065758844	0.0
tRNA-Gln-CTG-7-1	88	725	56.58672161172163	0.0
tRNA-Gln-CTG-chr19-4	80	723	55.74728327228327	0.0
tRNA-Ala-TGC-7-1	115	547	55.64384504384512	0.0
tRNA-Ala-AGC-11-1	44	79	55.611111111111114	0.0
tRNA-Lys-TTT-11-1	120	340	55.55262515262521	0.0
tRNA-Val-AAC-6-1	81	481	54.447344322344364	0.0
tRNA-Val-CAC-6-1	189	553	54.24309163059173	0.0
tRNA-Arg-TCG-1-1	64	87	53.87777777777778	0.0
tRNA-Leu-AAG-2-1	178	450	53.548845598845716	0.0
tRNA-Leu-AAG-2-3	178	450	53.548845598845716	0.0
tRNA-Leu-AAG-2-2	178	450	53.548845598845716	0.0
tRNA-Leu-AAG-2-4	178	450	53.548845598845716	0.0
tRNA-Tyr-GTA-5-3	129	321	51.71130258630259	0.0
tRNA-Leu-TAA-3-1	70	95	51.18452380952381	0.0
tRNA-Ser-AGA-1-1	144	478	50.61215699505177	0.0
tRNA-Asp-GTC-3-1	199	534	50.58974358974364	0.0
tRNA-Lys-CTT-16-1	78	255	50.392857142857146	0.0
tRNA-Leu-AAG-3-1	167	401	49.56551226551236	0.0
tRNA-Arg-TCG-3-1	117	214	49.244444444444426	0.0
tRNA-Leu-AAG-1-3	164	400	48.71313131313139	0.0
tRNA-Leu-AAG-1-1	164	400	48.71313131313139	0.0
tRNA-Leu-AAG-1-2	164	400	48.71313131313139	0.0
tRNA-Tyr-GTA-5-2	127	318	48.71130258630258	0.0
tRNA-Ile-AAT-4-1	153	527	48.6426767676768	0.0
tRNA-Ser-TGA-1-1	40	64	48.528113553113556	0.0
tRNA-Ser-AGA-4-1	99	399	47.93399378399383	0.0
tRNA-Ile-AAT-5-5	180	578	47.56287878787881	0.0
tRNA-Ile-AAT-5-4	180	578	47.56287878787881	0.0
tRNA-Ile-AAT-5-3	180	578	47.56287878787881	0.0
tRNA-Ile-AAT-5-2	180	578	47.56287878787881	0.0
tRNA-Ile-AAT-5-1	180	578	47.56287878787881	0.0
tRNA-Tyr-GTA-8-1	68	130	47.244671994672004	0.0
tRNA-Ser-AGA-3-1	112	435	45.918062200956925	0.0
tRNA-Ile-AAT-2-1	165	547	45.718434343434375	0.0
tRNA-Glu-TTC-6-1	68	231	43.726587301587294	0.0
tRNA-Ile-AAT-7-2	133	527	42.786868686868694	0.0
tRNA-Ile-AAT-7-1	133	527	42.786868686868694	0.0
tRNA-Ile-TAT-2-2	49	84	42.25000000000001	0.0
tRNA-Lys-CTT-10-1	95	256	41.61763718307838	0.0
tRNA-Cys-GCA-9-4	217	499	41.35507545605923	0.0
tRNA-Cys-GCA-9-2	217	499	41.35507545605923	0.0
tRNA-Cys-GCA-9-3	217	499	41.35507545605923	0.0
tRNA-Cys-GCA-9-1	217	499	41.35507545605923	0.0
tRNA-Trp-CCA-1-1	49	152	41.33333333333334	0.0
tRNA-Ile-AAT-3-1	128	489	40.80732323232326	0.0
tRNA-Cys-GCA-10-1	214	492	40.74396434494812	0.0
tRNA-Tyr-GTA-3-1	71	129	40.57800532800533	0.0
tRNA-Phe-GAA-1-6	175	298	39.45245310245318	0.0
tRNA-Phe-GAA-1-1	175	298	39.45245310245318	0.0
tRNA-Phe-GAA-1-2	175	298	39.45245310245318	0.0
tRNA-Phe-GAA-1-3	175	298	39.45245310245318	0.0
tRNA-Phe-GAA-1-4	175	298	39.45245310245318	0.0
tRNA-Phe-GAA-1-5	175	298	39.45245310245318	0.0
tRNA-Thr-AGT-5-1	90	337	39.356934731934736	0.0
tRNA-Ser-TGA-3-1	119	427	38.70937921727397	0.0
tRNA-Cys-GCA-8-1	224	495	38.69466642065025	0.0
tRNA-Ala-TGC-8-1	67	463	38.32234432234436	0.0
tRNA-Ser-AGA-2-6	129	436	38.001045883940634	0.0
tRNA-Ser-AGA-2-1	129	436	38.001045883940634	0.0
tRNA-Ser-AGA-2-3	129	436	38.001045883940634	0.0
tRNA-Ser-AGA-2-2	129	436	38.001045883940634	0.0
tRNA-Ser-AGA-2-5	129	436	38.001045883940634	0.0
tRNA-Ser-AGA-2-4	129	436	38.001045883940634	0.0
nmt-tRNA-Val-TAC-1-1	17	38	38.0	0.0
tRNA-Thr-AGT-2-2	82	325	37.606934731934736	0.0
tRNA-Thr-AGT-2-1	82	325	37.606934731934736	0.0
tRNA-Trp-CCA-4-1	44	150	36.1	0.0
tRNA-Lys-TTT-9-1	28	52	35.29590964590966	0.0
tRNA-Cys-GCA-13-1	194	416	35.1224996984835	0.0
tRNA-Thr-AGT-6-1	75	316	34.97435897435898	0.0
tRNA-Cys-GCA-15-1	186	405	34.721235962219765	0.0
tRNA-Cys-ACA-1-1	75	196	34.482178932178925	0.0
tRNA-Phe-GAA-3-1	93	137	34.15800865800869	0.0
tRNA-Trp-CCA-3-2	53	165	34.033333333333324	0.0
tRNA-Trp-CCA-3-1	53	165	34.033333333333324	0.0
tRNA-Trp-CCA-3-3	53	165	34.033333333333324	0.0
tRNA-Cys-GCA-14-1	181	403	32.98943702042082	0.0
tRNA-Phe-GAA-2-1	132	213	32.00007215007215	0.0
tRNA-Arg-TCG-2-1	56	81	31.32777777777778	0.0
tRNA-Cys-GCA-19-1	175	393	31.273095954079757	0.0
tRNA-Leu-AAG-4-1	54	111	29.174603174603167	0.0
tRNA-Thr-AGT-4-1	60	279	28.440268065268057	0.0
tRNA-Cys-GCA-17-1	153	330	26.89606224704604	0.0
tRNA-Tyr-GTA-4-1	59	111	25.56844544344544	0.0
tRNA-Lys-CTT-8-1	77	150	24.869930069930064	0.0
tRNA-Ile-AAT-1-1	118	277	24.146897546897545	0.0
tRNA-Lys-TTT-15-1	15	52	23.999999999999996	0.0
tRNA-Tyr-GTA-chr10-3	38	113	23.39999999999999	0.0
tRNA-Tyr-GTA-chr9-10	38	113	23.39999999999999	0.0
tRNA-Asn-GTT-4-1	106	150	22.940804087366555	0.0
tRNA-Glu-CTC-3-1	43	146	22.386868686868688	0.0
tRNA-Ile-GAT-1-1	32	262	22.22380952380952	0.0
tRNA-Ile-GAT-1-3	32	262	22.22380952380952	0.0
tRNA-Ile-GAT-1-2	32	262	22.22380952380952	0.0
tRNA-Ala-AGC-8-1	32	51	21.111111111111107	0.0
tRNA-Ala-AGC-8-2	32	51	21.111111111111107	0.0
tRNA-Cys-GCA-20-1	132	263	20.876870327854107	0.0
tRNA-Val-TAC-4-1	52	145	20.705882352941174	0.0
tRNA-Cys-GCA-22-1	131	262	20.376870327854103	0.0
tRNA-Tyr-GTA-6-1	62	110	20.28273115773116	0.0
tRNA-Cys-GCA-7-1	70	188	20.205095370785017	0.0
tRNA-Ser-CGA-4-1	20	27	19.070488721804512	0.0
tRNA-Ser-GCT-6-1	113	137	18.91791979949874	0.0
tRNA-Leu-TAA-4-1	38	57	18.458333333333332	0.0
tRNA-Leu-TAA-2-1	44	63	18.117857142857144	0.0
tRNA-Thr-CGT-chr1-118	36	118	17.709956709956703	0.0
tRNA-Lys-CTT-14-1	59	155	17.58432400932401	0.0
tRNA-Arg-TCG-5-1	52	73	17.494444444444436	0.0
tRNA-Arg-TCG-4-1	52	73	17.494444444444436	0.0
tRNA-Ile-TAT-2-3	41	59	17.249999999999996	0.0
tRNA-Lys-CTT-chr16-1	74	170	17.163616938616936	0.0
tRNA-Cys-GCA-chr11-21	116	242	16.780229561213332	0.0
tRNA-Sup-TTA-1-1	40	85	15.214393939393936	0.0
tRNA-Lys-CTT-12-1	66	160	13.91235431235431	0.0
tRNA-Cys-GCA-18-1	67	166	13.77547172645549	0.0
tRNA-Phe-GAA-5-1	70	118	13.611976911976898	0.0
tRNA-Asp-ATC-chr6-103	28	88	13.43416305916306	0.0
tRNA-Asn-GTT-9-2	73	170	13.130586527148987	0.0
tRNA-Asn-GTT-9-1	73	170	13.130586527148987	0.0
tRNA-Asn-GTT-8-1	18	25	12.96376811594203	0.0
tRNA-Tyr-GTA-7-1	43	83	12.789224664224664	0.0
tRNA-Asn-GTT-5-1	97	128	12.375030971593429	0.0
tRNA-Ala-AGC-15-1	16	30	11.587301587301585	0.0
tRNA-Pro-AGG-3-1	45	236	11.290100250626562	0.0
nmt-tRNA-Gln-TTG-9-1	12	17	11.0	0.0
tRNA-Glu-TTC-5-1	11	11	10.125	0.0
tRNA-Thr-CGT-5-1	8	10	10.0	0.0
tRNA-Cys-GCA-23-1	52	106	9.939283404973056	0.0
tRNA-Cys-GCA-21-1	51	105	9.839283404973056	0.0
tRNA-Gly-GCC-6-1	15	37	9.749999999999998	0.0
tRNA-Phe-GAA-4-1	36	56	9.549999999999999	0.0
tRNA-Phe-GAA-6-1	61	90	9.404040404040392	0.0
tRNA-Lys-TTT-10-1	20	77	9.240231990231988	0.0
tRNA-Cys-GCA-11-1	53	115	9.07493664062629	0.0
nmt-tRNA-Leu-TAA-1-1	7	9	9.0	0.0
tRNA-Phe-GAA-10-1	16	24	8.880383022774328	0.0
tRNA-Und-NNN-4-1	25	56	8.868686868686869	0.0
tRNA-Asn-GTT-7-1	36	41	8.758465798906972	0.0
tRNA-Asp-GTC-4-1	36	90	8.68864468864469	0.0
tRNA-Lys-CTT-9-1	14	22	8.150000000000002	0.0
tRNA-Glu-TTC-7-1	20	57	8.085281385281386	0.0
tRNA-Asn-GTT-10-1	14	20	7.963768115942029	0.0
tRNA-Ile-AAT-6-1	54	76	7.823232323232317	0.0
tRNA-SeC-TCA-2-1	12	15	7.5	0.0
tRNA-Leu-AAG-6-1	6	11	7.349999999999999	0.0
tRNA-Cys-GCA-24-1	39	88	7.279875864875863	0.0
tRNA-Cys-GCA-25-1	39	88	7.236542531542529	0.0
tRNA-Cys-GCA-3-1	32	77	6.890034040034039	0.0
nmt-tRNA-Gln-TTG-7-1	9	12	6.0	0.0
tRNA-Glu-TTC-11-1	5	6	6.0	0.0
tRNA-Lys-TTT-13-1	11	15	5.869429590017825	0.0
tRNA-Gln-CTG-12-1	12	13	5.185531135531136	0.0
tRNA-Trp-CCA-5-1	16	23	5.133333333333334	0.0
tRNA-Gln-CTG-8-2	9	11	5.111111111111111	0.0
tRNA-Gln-CTG-8-1	9	11	5.111111111111111	0.0
tRNA-Ser-CGA-1-1	23	27	5.106396381396381	0.0
tRNA-Ser-CGA-3-1	6	6	4.666666666666667	0.0
tRNA-Ala-CGC-5-1	8	11	4.491341991341991	0.0
tRNA-Met-CAT-7-1	5	7	4.375	0.0
tRNA-Val-CAC-11-1	8	8	4.0	0.0
tRNA-Val-CAC-11-2	8	8	4.0	0.0
tRNA-Arg-TCG-6-1	12	23	3.7777777777777777	0.0
tRNA-Ile-AAT-9-1	18	19	3.6838383838383844	0.0
tRNA-Cys-GCA-12-1	19	45	3.5061295871133598	0.0
tRNA-Ala-AGC-19-1	4	4	3.5	0.0
tRNA-Ser-CGA-2-1	11	14	3.451190476190477	0.0
tRNA-Glu-CTC-5-1	5	5	3.090909090909091	0.0
tRNA-Asn-GTT-16-1	26	45	2.6966628527841343	0.0
tRNA-Asn-GTT-16-2	26	45	2.6966628527841343	0.0
tRNA-Asn-GTT-16-3	26	45	2.6966628527841343	0.0
tRNA-Asn-GTT-16-4	26	45	2.6966628527841343	0.0
tRNA-Asn-GTT-16-5	26	45	2.6966628527841343	0.0
tRNA-Arg-TCT-4-1	3	3	2.5	0.0
tRNA-Tyr-GTA-chr9-4	3	4	2.5	0.0
tRNA-Phe-GAA-8-1	7	7	2.481818181818182	0.0
tRNA-Leu-CAA-6-1	6	7	2.3	0.0
tRNA-Tyr-GTA-chr7-6	7	9	2.25	0.0
tRNA-Tyr-GTA-chr7-1	7	9	2.25	0.0
tRNA-Undet-NNN-chr2-20	7	9	2.25	0.0
tRNA-Undet-NNN-chr2-8	7	9	2.25	0.0
tRNA-Tyr-GTA-11-1	10	12	2.1381313131313133	0.0
tRNA-Ala-AGC-20-1	1	4	2.0	0.0
tRNA-Cys-GCA-chrX-3	2	2	2.0	0.0
tRNA-Phe-GAA-11-1	2	2	2.0	0.0
tRNA-Ser-AGA-chr11-8	1	2	2.0	0.0
tRNA-Leu-AAG-5-1	3	7	1.75	0.0
tRNA-Cys-GCA-16-1	9	20	1.7432844932844933	0.0
tRNA-Asn-GTT-13-1	23	24	1.6419656324068086	0.0
tRNA-Asn-GTT-18-1	23	24	1.6419656324068086	0.0
tRNA-Asn-GTT-12-1	5	7	1.4637681159420288	0.0
tRNA-Gln-CTG-9-1	5	14	1.3666666666666667	0.0
tRNA-Ala-AGC-9-1	4	6	1.3333333333333333	0.0
tRNA-Ala-AGC-9-2	4	6	1.3333333333333333	0.0
tRNA-Leu-CAG-chr9-3	9	10	1.2168803418803418	0.0
tRNA-Asn-GTT-15-1	15	15	1.118855409296586	0.0
tRNA-Asn-GTT-17-1	2	2	1.0833333333333333	0.0
tRNA-Val-CAC-10-1	3	3	1.0555555555555556	0.0
tRNA-Asn-GTT-21-1	15	16	1.046498599439776	0.0
tRNA-Gln-CTG-10-1	1	1	1.0	0.0
tRNA-Lys-CTT-15-1	1	1	1.0	0.0
tRNA-Val-AAC-chr6-84	1	1	1.0	0.0
tRNA-Tyr-GTA-10-1	1	1	1.0	0.0
nmt-tRNA-Leu-TAA-4-1	1	1	1.0	0.0
tRNA-Gln-TTG-6-1	1	1	1.0	0.0
tRNA-Asn-GTT-11-2	3	3	0.75	0.0
tRNA-Asn-GTT-11-1	3	3	0.75	0.0
tRNA-Ser-AGA-5-1	4	8	0.702020202020202	0.0
tRNA-Asn-GTT-14-1	2	2	0.6666666666666666	0.0
tRNA-Leu-CAG-chr9-7	6	7	0.5249999999999999	0.0
tRNA-Tyr-GTA-9-1	5	5	0.5213675213675213	0.0
tRNA-Tyr-ATA-1-1	1	1	0.5	0.0
tRNA-Val-TAC-chr17-24	1	1	0.5	0.0
tRNA-Leu-TAA-chr11-12	1	1	0.5	0.0
tRNA-Leu-CAA-5-1	1	1	0.5	0.0
tRNA-SeC-TCA-3-1	3	3	0.45	0.0
tRNA-Asn-ATT-1-2	4	8	0.3830663615560641	0.0
tRNA-Asn-ATT-1-1	4	8	0.3830663615560641	0.0
tRNA-Lys-TTT-chr3-2	3	4	0.36363636363636365	0.0
tRNA-Ala-TGC-9-1	1	1	0.3333333333333333	0.0
tRNA-Thr-AGT-7-1	3	4	0.3076923076923077	0.0
tRNA-Ile-AAT-10-1	3	3	0.2727272727272727	0.0
tRNA-Ala-AGC-12-3	2	2	0.25396825396825395	0.0
tRNA-Ala-AGC-12-1	2	2	0.25396825396825395	0.0
tRNA-Ala-AGC-12-2	2	2	0.25396825396825395	0.0
tRNA-Ala-AGC-14-1	2	2	0.25396825396825395	0.0
tRNA-Val-TAC-chr2-6	1	1	0.25	0.0
tRNA-Phe-GAA-7-1	1	2	0.2222222222222222	0.0
tRNA-Lys-TTT-12-1	1	1	0.2	0.0
tRNA-Ala-AGC-10-1	1	1	0.14285714285714285	0.0
tRNA-Ile-GAT-chrX-5	1	2	0.14285714285714285	0.0
tRNA-Ile-GAT-chrX-7	1	2	0.14285714285714285	0.0
tRNA-Ala-AGC-17-1	1	1	0.14285714285714285	0.0
tRNA-Asn-GTT-22-1	2	2	0.13596491228070173	0.0
tRNA-Ala-AGC-16-1	1	1	0.1111111111111111	0.0
tRNA-Asn-GTT-20-1	1	2	0.10526315789473684	0.0
tRNA-iMet-CAT-3-1	1	1	0.1	0.0
