ReferenceID	uniqueReadCount	totalReadCount	multimapAdjustedReadCount	multimapAdjustedBarcodeCount
tRNA-Glu-CTC-1-7	5850	943969	117874.15231546217	0.0
tRNA-Glu-CTC-1-6	5850	943969	117874.15231546217	0.0
tRNA-Glu-CTC-1-5	5850	943969	117874.15231546217	0.0
tRNA-Glu-CTC-1-4	5850	943969	117874.15231546217	0.0
tRNA-Glu-CTC-1-3	5850	943969	117874.15231546217	0.0
tRNA-Glu-CTC-1-2	5850	943969	117874.15231546217	0.0
tRNA-Glu-CTC-1-1	5850	943969	117874.15231546217	0.0
tRNA-Glu-CTC-2-1	5806	943892	117865.49574980559	0.0
tRNA-Gly-GCC-2-1	2574	183997	16690.4346863076	0.0
tRNA-Gly-GCC-2-5	2574	183997	16690.4346863076	0.0
tRNA-Gly-GCC-2-4	2574	183997	16690.4346863076	0.0
tRNA-Gly-GCC-2-3	2574	183997	16690.4346863076	0.0
tRNA-Gly-GCC-2-2	2574	183997	16690.4346863076	0.0
tRNA-Gly-GCC-2-6	2574	183997	16690.4346863076	0.0
tRNA-Gly-GCC-3-1	2546	183945	16685.89198067989	0.0
tRNA-Gly-GCC-5-1	2477	183839	16673.924520362445	0.0
tRNA-Gly-CCC-1-2	2389	182911	16603.62336041131	0.0
tRNA-Gly-CCC-1-1	2389	182911	16603.62336041131	0.0
tRNA-His-GTG-1-4	3075	148576	16463.93333333354	0.0
tRNA-His-GTG-1-5	3075	148576	16463.93333333354	0.0
tRNA-His-GTG-1-2	3075	148576	16463.93333333354	0.0
tRNA-His-GTG-1-3	3075	148576	16463.93333333354	0.0
tRNA-His-GTG-1-1	3075	148576	16463.93333333354	0.0
tRNA-His-GTG-1-9	3075	148576	16463.93333333354	0.0
tRNA-His-GTG-1-8	3075	148576	16463.93333333354	0.0
tRNA-His-GTG-1-7	3075	148576	16463.93333333354	0.0
tRNA-His-GTG-1-6	3075	148576	16463.93333333354	0.0
tRNA-Gly-GCC-1-5	2082	109931	16461.406148179198	0.0
tRNA-Gly-GCC-1-3	2082	109931	16461.406148179198	0.0
tRNA-Gly-GCC-1-4	2082	109931	16461.406148179198	0.0
tRNA-Gly-GCC-1-1	2082	109931	16461.406148179198	0.0
tRNA-Gly-GCC-1-2	2082	109931	16461.406148179198	0.0
tRNA-Glu-TTC-4-1	1159	30393	7168.113174048158	0.0
tRNA-Glu-TTC-4-2	1159	30393	7168.113174048158	0.0
tRNA-Glu-TTC-3-1	1119	30317	7159.6418897768735	0.0
tRNA-Glu-TTC-8-1	1087	30280	7154.180769230753	0.0
tRNA-Glu-TTC-2-2	1077	9173	4030.3649084249087	0.0
tRNA-Glu-TTC-2-1	1077	9173	4030.3649084249087	0.0
tRNA-His-GTG-2-1	525	6449	2843.599999999987	0.0
tRNA-Val-CAC-8-1	907	38243	2480.8236129368047	0.0
tRNA-Val-CAC-4-1	919	36125	2357.0468253968143	0.0
tRNA-Val-CAC-1-5	925	36132	2356.6182539682422	0.0
tRNA-Val-CAC-1-4	925	36132	2356.6182539682422	0.0
tRNA-Val-CAC-1-6	925	36132	2356.6182539682422	0.0
tRNA-Val-CAC-1-1	925	36132	2356.6182539682422	0.0
tRNA-Val-CAC-1-3	925	36132	2356.6182539682422	0.0
tRNA-Val-CAC-1-2	925	36132	2356.6182539682422	0.0
tRNA-Val-CAC-5-1	919	36125	2355.8800653594653	0.0
tRNA-Val-AAC-1-1	886	35845	2321.0920634920512	0.0
tRNA-Val-AAC-1-2	886	35845	2321.0920634920512	0.0
tRNA-Val-AAC-1-3	886	35845	2321.0920634920512	0.0
tRNA-Val-AAC-1-4	886	35845	2321.0920634920512	0.0
tRNA-Val-AAC-1-5	886	35845	2321.0920634920512	0.0
tRNA-Val-AAC-4-1	884	35843	2320.961811391211	0.0
tRNA-Val-AAC-3-1	878	35836	2320.4618113912115	0.0
tRNA-Glu-TTC-9-1	864	37936	2240.2031223163026	0.0
tRNA-Pro-TGG-2-1	572	4147	2144.618922305762	0.0
tRNA-Gly-CCC-6-1	723	36946	2027.0261714893363	0.0
tRNA-Val-CAC-2-1	257	1782	1533.8117880485522	0.0
tRNA-Glu-TTC-1-2	566	4098	1497.7333333333333	0.0
tRNA-Glu-TTC-1-1	566	4098	1497.7333333333333	0.0
tRNA-Val-AAC-2-1	190	1480	1397.0812324929977	0.0
tRNA-Glu-TTC-10-1	436	4528	853.3948717948726	0.0
tRNA-Lys-CTT-2-1	564	5253	778.3337024087	0.0
tRNA-Lys-CTT-2-3	564	5253	778.3337024087	0.0
tRNA-Lys-CTT-2-2	564	5253	778.3337024087	0.0
tRNA-Lys-CTT-2-5	564	5253	778.3337024087	0.0
tRNA-Lys-CTT-2-4	564	5253	778.3337024087	0.0
tRNA-Lys-CTT-3-1	452	4903	732.5800588300561	0.0
tRNA-Val-AAC-5-1	277	9619	606.4950396825387	0.0
tRNA-Cys-GCA-6-1	249	3715	566.8591589891593	0.0
tRNA-Pro-TGG-3-5	909	8757	499.5152028355159	0.0
tRNA-Pro-TGG-3-3	909	8757	499.5152028355159	0.0
tRNA-Pro-TGG-3-4	909	8757	499.5152028355159	0.0
tRNA-Pro-TGG-3-1	909	8757	499.5152028355159	0.0
tRNA-Pro-TGG-3-2	909	8757	499.5152028355159	0.0
tRNA-Pro-CGG-1-1	876	8633	475.28186950218264	0.0
tRNA-Pro-CGG-1-2	876	8633	475.28186950218264	0.0
tRNA-Pro-CGG-1-3	876	8633	475.28186950218264	0.0
tRNA-Pro-CGG-2-1	865	8621	474.6072263993276	0.0
tRNA-Pro-AGG-2-4	868	8617	471.68186950218285	0.0
tRNA-Pro-AGG-2-3	868	8617	471.68186950218285	0.0
tRNA-Pro-AGG-2-6	868	8617	471.68186950218285	0.0
tRNA-Pro-AGG-2-5	868	8617	471.68186950218285	0.0
tRNA-Pro-AGG-2-8	868	8617	471.68186950218285	0.0
tRNA-Pro-AGG-2-7	868	8617	471.68186950218285	0.0
tRNA-Pro-AGG-2-1	868	8617	471.68186950218285	0.0
tRNA-Pro-AGG-2-2	868	8617	471.68186950218285	0.0
tRNA-Pro-AGG-1-1	864	8613	471.44289891394754	0.0
tRNA-Val-TAC-1-1	187	912	430.13888888888846	0.0
tRNA-Val-TAC-1-2	187	912	430.13888888888846	0.0
tRNA-Val-CAC-7-1	120	6756	412.31004901960796	0.0
tRNA-Cys-GCA-2-3	327	2916	403.01422779290465	0.0
tRNA-Cys-GCA-2-4	327	2916	403.01422779290465	0.0
tRNA-Cys-GCA-2-1	327	2916	403.01422779290465	0.0
tRNA-Cys-GCA-2-2	327	2916	403.01422779290465	0.0
tRNA-Cys-GCA-4-1	312	2898	401.6102845139614	0.0
tRNA-Gly-CCC-7-1	174	1345	379.48813131313113	0.0
tRNA-Cys-GCA-chr5-2	244	2438	337.1818461930233	0.0
tRNA-Cys-GCA-5-1	110	369	311.13755836755837	0.0
tRNA-Ser-AGA-1-1	140	3397	286.1575757575752	0.0
tRNA-Ser-TGA-2-1	140	3397	286.1575757575752	0.0
tRNA-Ser-TGA-4-1	131	3382	285.5303030303025	0.0
tRNA-Ser-AGA-2-6	135	3391	282.7825757575752	0.0
tRNA-Ser-AGA-2-1	135	3391	282.7825757575752	0.0
tRNA-Ser-AGA-2-3	135	3391	282.7825757575752	0.0
tRNA-Ser-AGA-2-2	135	3391	282.7825757575752	0.0
tRNA-Ser-AGA-2-5	135	3391	282.7825757575752	0.0
tRNA-Ser-AGA-2-4	135	3391	282.7825757575752	0.0
tRNA-Ser-TGA-3-1	135	3391	282.7825757575752	0.0
tRNA-Und-NNN-4-1	159	1481	282.49090909090893	0.0
tRNA-Ser-AGA-4-1	131	3387	282.4189393939389	0.0
tRNA-Ser-AGA-3-1	132	3386	282.2575757575752	0.0
tRNA-Lys-TTT-3-4	330	1564	249.8604978354974	0.0
tRNA-Lys-TTT-3-5	330	1564	249.8604978354974	0.0
tRNA-Lys-TTT-3-2	330	1564	249.8604978354974	0.0
tRNA-Lys-TTT-3-3	330	1564	249.8604978354974	0.0
tRNA-Lys-TTT-3-1	330	1564	249.8604978354974	0.0
tRNA-Gly-TCC-1-1	108	303	248.97222222222223	0.0
tRNA-Ala-AGC-2-1	179	2783	242.71834964656904	0.0
tRNA-Ala-AGC-2-2	179	2783	242.71834964656904	0.0
tRNA-Ala-AGC-3-1	179	2783	242.71834964656904	0.0
tRNA-Ala-CGC-4-1	178	2782	242.718349646569	0.0
tRNA-Ala-AGC-7-1	176	2780	241.718349646569	0.0
tRNA-Ala-AGC-5-1	176	2780	241.718349646569	0.0
tRNA-Gly-CCC-chr1-16	228	4781	239.6482683982686	0.0
tRNA-Gly-CCC-chr1-19	228	4781	239.6482683982686	0.0
tRNA-Lys-CTT-1-1	321	1753	238.7156537906541	0.0
tRNA-Lys-CTT-1-2	321	1753	238.7156537906541	0.0
tRNA-Lys-TTT-5-1	264	1443	231.77135642135616	0.0
tRNA-Lys-CTT-4-1	311	1727	226.0145826395829	0.0
tRNA-Glu-CTC-3-1	105	1722	210.7131313131314	0.0
tRNA-Ala-CGC-2-1	115	1346	208.7593247825444	0.0
tRNA-Ala-TGC-3-2	115	1346	208.7593247825444	0.0
tRNA-Ala-TGC-3-1	115	1346	208.7593247825444	0.0
tRNA-Ala-TGC-6-1	128	2433	203.65708791208758	0.0
tRNA-Ala-TGC-1-1	126	2477	191.83144488466442	0.0
tRNA-Ala-TGC-5-1	126	2477	191.83144488466442	0.0
tRNA-Ala-TGC-7-1	126	2477	191.83144488466442	0.0
tRNA-Val-AAC-6-1	121	2470	191.68055786318914	0.0
tRNA-Ala-TGC-8-1	118	2467	190.39484357747486	0.0
tRNA-Gly-GCC-4-1	187	1776	188.8490487582594	0.0
tRNA-Cys-GCA-1-1	145	1227	181.3790552040553	0.0
tRNA-Ala-CGC-1-1	100	1252	177.5926581158778	0.0
tRNA-Ala-TGC-2-1	100	1252	177.5926581158778	0.0
tRNA-Gly-CCC-3-1	82	285	160.08350713613873	0.0
tRNA-Val-CAC-3-1	73	404	151.39697712418297	0.0
tRNA-Cys-ACA-1-1	117	1236	142.63479797979798	0.0
tRNA-Ala-CGC-3-1	65	976	134.95932478254457	0.0
tRNA-Ala-AGC-4-1	65	976	126.2640866873065	0.0
tRNA-Ala-TGC-4-1	64	977	124.8593247825446	0.0
tRNA-Und-NNN-3-1	115	636	120.36764346764353	0.0
tRNA-Gly-CCC-2-2	95	233	116.5	0.0
tRNA-Gly-CCC-2-1	95	233	116.5	0.0
tRNA-Arg-CCG-2-1	64	101	101.0	0.0
tRNA-Glu-TTC-6-1	134	573	100.94545454545458	0.0
tRNA-Gly-CCC-4-1	98	687	100.50617803249386	0.0
tRNA-Thr-TGT-4-1	59	198	85.08333333333327	0.0
tRNA-Thr-TGT-6-1	51	187	82.33333333333327	0.0
tRNA-Met-CAT-1-1	39	97	79.0	0.0
tRNA-Val-TAC-2-1	57	123	78.24999999999996	0.0
tRNA-Asp-GTC-1-1	67	99	75.03937728937733	0.0
tRNA-Ala-AGC-8-1	21	143	71.33333333333333	0.0
tRNA-Ala-AGC-8-2	21	143	71.33333333333333	0.0
tRNA-Gln-CTG-1-4	218	523	71.21402347652355	0.0
tRNA-Gln-CTG-1-3	218	523	71.21402347652355	0.0
tRNA-Gln-CTG-1-5	218	523	71.21402347652355	0.0
tRNA-Gln-CTG-1-1	218	523	71.21402347652355	0.0
tRNA-Gln-CTG-1-2	218	523	71.21402347652355	0.0
tRNA-Ser-GCT-3-1	89	366	71.0178571428572	0.0
tRNA-Ala-AGC-1-1	47	491	69.95696248196246	0.0
tRNA-Trp-CCA-4-1	44	77	67.28333333333335	0.0
tRNA-Lys-CTT-7-1	113	445	65.25876345876345	0.0
tRNA-Ser-GCT-4-3	84	357	62.0178571428572	0.0
tRNA-Ser-GCT-4-2	84	357	62.0178571428572	0.0
tRNA-Ser-GCT-4-1	84	357	62.0178571428572	0.0
tRNA-Asp-ATC-chr6-103	36	434	60.05934343434346	0.0
tRNA-Lys-CTT-11-1	106	433	57.205192030192045	0.0
tRNA-Trp-CCA-2-1	37	58	54.66666666666667	0.0
tRNA-Ala-AGC-6-1	25	57	52.259740259740255	0.0
tRNA-Ser-GCT-5-1	70	300	51.10714285714291	0.0
tRNA-Leu-CAA-4-1	77	177	49.61263736263736	0.0
tRNA-Thr-TGT-5-1	48	100	47.083333333333364	0.0
tRNA-Lys-TTT-4-1	103	332	45.81641414141414	0.0
tRNA-Val-TAC-4-1	50	307	45.73080065359479	0.0
tRNA-SeC-TCA-1-1	38	54	45.0	0.0
tRNA-Arg-TCT-1-1	25	44	43.2	0.0
tRNA-Arg-CCT-4-1	53	81	42.450000000000024	0.0
tRNA-Cys-GCA-19-1	83	397	41.366344195020666	0.0
tRNA-Asn-GTT-3-1	107	387	41.19625603864737	0.0
tRNA-Asn-GTT-3-2	107	387	41.19625603864737	0.0
tRNA-Lys-TTT-6-1	83	308	40.76998556998557	0.0
tRNA-Met-CAT-6-1	33	58	39.125	0.0
tRNA-Pro-TGG-1-1	71	210	38.37755663668976	0.0
tRNA-Asn-GTT-2-1	102	381	38.19625603864737	0.0
tRNA-Asn-GTT-2-2	102	381	38.19625603864737	0.0
tRNA-Asn-GTT-2-3	102	381	38.19625603864737	0.0
tRNA-Asn-GTT-2-4	102	381	38.19625603864737	0.0
tRNA-Asn-GTT-2-5	102	381	38.19625603864737	0.0
tRNA-Asn-GTT-2-6	102	381	38.19625603864737	0.0
tRNA-Lys-CTT-chr7-30	66	97	38.09077589077588	0.0
tRNA-Gln-CTG-6-1	121	288	37.70697219447221	0.0
tRNA-Lys-CTT-6-1	98	156	36.904795204795214	0.0
tRNA-Val-TAC-3-1	34	78	36.583333333333336	0.0
tRNA-Gln-TTG-1-1	90	240	35.338490675990656	0.0
tRNA-Gln-TTG-3-1	88	238	34.67182400932399	0.0
tRNA-Gln-TTG-3-2	88	238	34.67182400932399	0.0
tRNA-Gln-TTG-3-3	88	238	34.67182400932399	0.0
tRNA-Cys-GCA-8-1	115	442	34.44392087759739	0.0
tRNA-Gln-CTG-5-1	80	228	33.645146520146504	0.0
tRNA-Cys-GCA-13-1	101	424	32.98315941683591	0.0
tRNA-Cys-GCA-14-1	87	397	32.96556164423813	0.0
tRNA-Cys-GCA-9-4	99	422	32.85815941683591	0.0
tRNA-Cys-GCA-9-2	99	422	32.85815941683591	0.0
tRNA-Cys-GCA-9-3	99	422	32.85815941683591	0.0
tRNA-Cys-GCA-9-1	99	422	32.85815941683591	0.0
tRNA-Cys-GCA-10-1	99	422	32.85815941683591	0.0
tRNA-Cys-GCA-15-1	95	418	32.699697878374366	0.0
tRNA-Asp-GTC-2-4	203	380	31.877955377955338	0.0
tRNA-Asp-GTC-2-3	203	380	31.877955377955338	0.0
tRNA-Asp-GTC-2-2	203	380	31.877955377955338	0.0
tRNA-Asp-GTC-2-1	203	380	31.877955377955338	0.0
tRNA-Asp-GTC-2-9	203	380	31.877955377955338	0.0
tRNA-Asp-GTC-2-8	203	380	31.877955377955338	0.0
tRNA-Asp-GTC-2-7	203	380	31.877955377955338	0.0
tRNA-Asp-GTC-2-6	203	380	31.877955377955338	0.0
tRNA-Asp-GTC-2-5	203	380	31.877955377955338	0.0
tRNA-Asp-GTC-2-10	203	380	31.877955377955338	0.0
tRNA-Asp-GTC-2-11	203	380	31.877955377955338	0.0
tRNA-Gly-CCC-5-1	79	546	31.660205583889795	0.0
tRNA-Asn-GTT-5-1	65	311	31.004589371980686	0.0
tRNA-Ser-GCT-2-1	39	214	30.517857142857135	0.0
tRNA-Ser-GCT-1-1	39	214	30.517857142857135	0.0
tRNA-Cys-GCA-7-1	54	82	30.1958917008917	0.0
tRNA-Leu-TAG-2-1	56	90	29.72584082584081	0.0
tRNA-Leu-CAA-1-1	70	161	29.44597069597068	0.0
tRNA-Val-CAC-6-1	48	145	27.987091503267973	0.0
tRNA-Gln-CTG-2-1	123	225	27.754553779553778	0.0
tRNA-Asn-GTT-4-1	40	272	26.67125603864735	0.0
tRNA-Leu-CAA-1-2	67	158	26.445970695970683	0.0
tRNA-Leu-CAA-2-1	65	154	25.945970695970683	0.0
tRNA-Cys-GCA-17-1	84	284	25.422656047656066	0.0
tRNA-Leu-CAG-2-2	77	202	23.834859584859572	0.0
tRNA-Leu-CAG-2-1	77	202	23.834859584859572	0.0
tRNA-Met-CAT-3-2	47	114	23.220238095238088	0.0
tRNA-Met-CAT-3-1	47	114	23.220238095238088	0.0
tRNA-Asp-GTC-3-1	151	276	22.827838827838804	0.0
tRNA-Leu-AAG-2-1	75	159	22.614729714729698	0.0
tRNA-Leu-AAG-2-3	75	159	22.614729714729698	0.0
tRNA-Leu-AAG-2-2	75	159	22.614729714729698	0.0
tRNA-Leu-AAG-2-4	75	159	22.614729714729698	0.0
tRNA-Leu-CAA-3-1	62	150	22.612637362637347	0.0
tRNA-iMet-CAT-1-8	72	209	22.411111111111104	0.0
tRNA-iMet-CAT-1-7	72	209	22.411111111111104	0.0
tRNA-iMet-CAT-1-6	72	209	22.411111111111104	0.0
tRNA-iMet-CAT-1-5	72	209	22.411111111111104	0.0
tRNA-iMet-CAT-1-4	72	209	22.411111111111104	0.0
tRNA-iMet-CAT-1-3	72	209	22.411111111111104	0.0
tRNA-iMet-CAT-1-2	72	209	22.411111111111104	0.0
tRNA-iMet-CAT-1-1	72	209	22.411111111111104	0.0
tRNA-Leu-TAG-1-1	73	148	21.788539238539226	0.0
tRNA-Arg-TCG-3-1	44	85	20.82142857142857	0.0
tRNA-Arg-CCG-1-3	44	85	20.82142857142857	0.0
tRNA-Arg-CCG-1-2	44	85	20.82142857142857	0.0
tRNA-Arg-CCG-1-1	44	85	20.82142857142857	0.0
tRNA-Leu-AAG-1-3	72	146	20.78853923853923	0.0
tRNA-Leu-AAG-1-1	72	146	20.78853923853923	0.0
tRNA-Leu-AAG-1-2	72	146	20.78853923853923	0.0
tRNA-Ala-AGC-11-1	8	21	20.333333333333332	0.0
tRNA-iMet-CAT-2-1	57	189	19.911111111111104	0.0
tRNA-Glu-CTC-5-1	23	42	18.157575757575756	0.0
tRNA-Cys-GCA-chr11-21	50	243	17.5758041958042	0.0
tRNA-Thr-TGT-2-1	18	25	16.75	0.0
tRNA-Lys-CTT-chr15-5	38	65	16.583333333333332	0.0
tRNA-Leu-CAG-1-7	59	140	14.995573870573864	0.0
tRNA-Leu-CAG-1-6	59	140	14.995573870573864	0.0
tRNA-Leu-CAG-1-5	59	140	14.995573870573864	0.0
tRNA-Leu-CAG-1-4	59	140	14.995573870573864	0.0
tRNA-Leu-CAG-1-3	59	140	14.995573870573864	0.0
tRNA-Leu-CAG-1-2	59	140	14.995573870573864	0.0
tRNA-Leu-CAG-1-1	59	140	14.995573870573864	0.0
tRNA-Leu-TAG-3-1	22	27	14.688034188034184	0.0
tRNA-Met-CAT-4-3	37	98	14.470238095238093	0.0
tRNA-Met-CAT-4-1	37	98	14.470238095238093	0.0
tRNA-Met-CAT-4-2	37	98	14.470238095238093	0.0
tRNA-Met-CAT-2-1	37	98	14.470238095238093	0.0
tRNA-Cys-GCA-22-1	59	210	14.28710826210825	0.0
tRNA-Cys-GCA-20-1	59	210	14.28710826210825	0.0
tRNA-Cys-GCA-3-1	30	109	14.175181855181853	0.0
tRNA-Leu-AAG-3-1	43	104	14.026695526695521	0.0
tRNA-Arg-TCG-1-1	12	14	14.0	0.0
tRNA-Gly-TCC-3-1	24	68	13.972222222222221	0.0
tRNA-Lys-CTT-5-1	49	65	13.951814851814847	0.0
tRNA-Gly-GCC-6-1	25	53	13.819298245614034	0.0
tRNA-Arg-CCT-3-1	36	52	13.45	0.0
tRNA-Cys-GCA-11-1	48	71	13.244725628402094	0.0
tRNA-Cys-GCA-16-1	27	102	12.95153513153513	0.0
tRNA-Trp-CCA-3-2	43	66	12.95	0.0
tRNA-Trp-CCA-3-1	43	66	12.95	0.0
tRNA-Trp-CCA-3-3	43	66	12.95	0.0
tRNA-Ile-TAT-2-1	17	40	12.683333333333334	0.0
tRNA-Tyr-GTA-2-1	24	51	12.660256410256409	0.0
tRNA-Met-CAT-5-1	29	88	12.553571428571429	0.0
tRNA-Trp-CCA-1-1	40	63	12.200000000000001	0.0
tRNA-Trp-CCA-5-1	39	62	12.0	0.0
tRNA-Arg-ACG-2-3	35	62	11.857142857142858	0.0
tRNA-Arg-ACG-2-2	35	62	11.857142857142858	0.0
tRNA-Arg-ACG-2-4	35	62	11.857142857142858	0.0
tRNA-Arg-ACG-2-1	35	62	11.857142857142858	0.0
tRNA-Gln-TTG-2-1	30	42	11.444551282051279	0.0
tRNA-Pro-AGG-3-1	47	190	11.076817042606512	0.0
tRNA-Thr-CGT-6-1	18	99	10.8	0.0
tRNA-Arg-CCT-1-1	31	47	10.616666666666667	0.0
tRNA-Arg-CCT-2-1	31	47	10.616666666666667	0.0
tRNA-Gly-TCC-2-6	35	84	10.424603174603172	0.0
tRNA-Gly-TCC-2-5	35	84	10.424603174603172	0.0
tRNA-Gly-TCC-2-4	35	84	10.424603174603172	0.0
tRNA-Gly-TCC-2-3	35	84	10.424603174603172	0.0
tRNA-Gly-TCC-2-2	35	84	10.424603174603172	0.0
tRNA-Gly-TCC-2-1	35	84	10.424603174603172	0.0
tRNA-Cys-GCA-24-1	34	55	10.37871998371998	0.0
tRNA-Tyr-GTA-1-1	18	27	10.076923076923077	0.0
tRNA-Tyr-GTA-8-1	18	27	10.076923076923077	0.0
tRNA-Phe-GAA-1-6	25	73	9.85833333333333	0.0
tRNA-Phe-GAA-1-1	25	73	9.85833333333333	0.0
tRNA-Phe-GAA-1-2	25	73	9.85833333333333	0.0
tRNA-Phe-GAA-1-3	25	73	9.85833333333333	0.0
tRNA-Phe-GAA-1-4	25	73	9.85833333333333	0.0
tRNA-Phe-GAA-1-5	25	73	9.85833333333333	0.0
tRNA-Gln-CTG-4-2	58	105	9.686842324342326	0.0
tRNA-Gln-CTG-4-1	58	105	9.686842324342326	0.0
tRNA-Gln-CTG-3-1	58	105	9.686842324342326	0.0
tRNA-Gln-CTG-3-2	58	105	9.686842324342326	0.0
tRNA-Leu-TAA-1-1	11	11	9.61111111111111	0.0
tRNA-Ile-TAT-2-3	12	30	9.350000000000001	0.0
tRNA-Ile-TAT-2-2	12	30	9.350000000000001	0.0
tRNA-SeC-TCA-2-1	14	18	9.0	0.0
tRNA-Arg-CCT-5-1	27	43	8.866666666666669	0.0
tRNA-Tyr-GTA-5-1	23	48	8.218589743589744	0.0
tRNA-Ile-TAT-1-1	14	19	7.683333333333334	0.0
tRNA-Gly-TCC-4-1	16	63	7.507936507936509	0.0
tRNA-Glu-TTC-7-1	10	20	7.378787878787879	0.0
tRNA-Asn-GTT-1-1	34	66	7.271256038647343	0.0
tRNA-Tyr-GTA-5-5	22	47	7.218589743589745	0.0
tRNA-Tyr-GTA-5-4	22	47	7.218589743589745	0.0
tRNA-Tyr-GTA-5-3	22	47	7.218589743589745	0.0
tRNA-Tyr-GTA-5-2	22	47	7.218589743589745	0.0
tRNA-Asn-GTT-6-1	30	62	7.0666666666666655	0.0
tRNA-Val-CAC-10-1	7	19	6.999999999999999	0.0
tRNA-Phe-GAA-2-1	10	49	6.0249999999999995	0.0
tRNA-Phe-GAA-8-1	4	6	6.0	0.0
tRNA-Phe-GAA-4-1	9	48	5.925	0.0
tRNA-Arg-ACG-1-3	21	36	5.523809523809524	0.0
tRNA-Arg-ACG-1-1	21	36	5.523809523809524	0.0
tRNA-Arg-ACG-1-2	21	36	5.523809523809524	0.0
tRNA-Gln-CTG-9-1	13	50	5.446969696969696	0.0
tRNA-Asp-GTC-5-1	24	33	5.391025641025641	0.0
tRNA-Ile-TAT-3-1	9	14	4.933333333333334	0.0
tRNA-Ala-AGC-15-1	7	28	4.666666666666667	0.0
tRNA-Ala-AGC-10-1	7	28	4.666666666666667	0.0
tRNA-Ala-AGC-12-3	7	28	4.666666666666667	0.0
tRNA-Ala-AGC-12-1	7	28	4.666666666666667	0.0
tRNA-Ala-AGC-12-2	7	28	4.666666666666667	0.0
tRNA-Ala-AGC-14-1	7	28	4.666666666666667	0.0
tRNA-Leu-AAG-4-1	9	13	4.642857142857142	0.0
tRNA-Thr-TGT-1-1	3	5	4.333333333333334	0.0
tRNA-Phe-GAA-10-1	18	28	4.186284271284271	0.0
tRNA-Lys-CTT-chr16-1	24	33	4.130710955710955	0.0
tRNA-Ser-CGA-4-1	5	5	4.111111111111111	0.0
tRNA-Tyr-GTA-3-1	13	15	4.076923076923077	0.0
tRNA-Ile-AAT-4-1	12	14	3.9071428571428584	0.0
tRNA-Thr-TGT-3-1	9	12	3.75	0.0
tRNA-Cys-GCA-12-1	15	17	3.6853535353535354	0.0
tRNA-Tyr-GTA-6-1	14	16	3.6352564102564107	0.0
tRNA-Lys-TTT-2-1	23	25	3.6015151515151516	0.0
tRNA-Cys-GCA-25-1	31	48	3.3787199837199844	0.0
tRNA-Lys-TTT-1-1	23	25	3.2681818181818185	0.0
tRNA-Leu-AAG-7-1	4	5	3.1818181818181817	0.0
tRNA-Gln-TTG-4-1	13	15	3.136217948717949	0.0
tRNA-Ser-TGA-1-1	4	4	3.111111111111111	0.0
tRNA-Asp-GTC-4-1	19	28	3.084249084249085	0.0
tRNA-Ala-AGC-22-1	3	9	3.0	0.0
tRNA-Ala-TGC-9-1	2	3	3.0	0.0
tRNA-Ala-AGC-13-2	3	9	3.0	0.0
tRNA-Ala-AGC-13-1	3	9	3.0	0.0
tRNA-Cys-GCA-18-1	27	42	2.9744159544159547	0.0
tRNA-Arg-TCT-2-1	5	5	2.8666666666666663	0.0
tRNA-Leu-TAA-2-1	4	5	2.736111111111111	0.0
tRNA-Lys-CTT-9-1	7	18	2.725	0.0
tRNA-Cys-GCA-21-1	33	53	2.716295741295742	0.0
tRNA-Cys-GCA-23-1	33	53	2.716295741295742	0.0
tRNA-Ala-CGC-5-1	8	9	2.511904761904762	0.0
tRNA-Phe-GAA-3-1	4	6	2.4000000000000004	0.0
tRNA-Lys-CTT-10-1	11	12	2.3821761571761577	0.0
tRNA-Lys-CTT-12-1	16	24	2.172377622377622	0.0
tRNA-Gln-CTG-7-1	11	26	1.9304029304029302	0.0
tRNA-Lys-CTT-16-1	7	10	1.8666666666666667	0.0
tRNA-Arg-TCT-3-1	5	5	1.8666666666666665	0.0
tRNA-Arg-TCT-3-2	5	5	1.8666666666666665	0.0
tRNA-Tyr-GTA-chr14-8	6	6	1.8666666666666665	0.0
tRNA-Tyr-GTA-chr1-127	6	6	1.8666666666666665	0.0
tRNA-Tyr-GTA-chr21-2	6	6	1.8666666666666665	0.0
tRNA-Gln-CTG-chr19-4	10	24	1.7637362637362635	0.0
tRNA-Val-CAC-11-1	5	5	1.75	0.0
tRNA-Val-CAC-11-2	5	5	1.75	0.0
tRNA-Asn-GTT-11-2	6	20	1.6666666666666665	0.0
tRNA-Asn-GTT-11-1	6	20	1.6666666666666665	0.0
tRNA-Ser-CGA-1-1	3	3	1.6111111111111112	0.0
tRNA-Arg-TCG-5-1	6	6	1.5714285714285712	0.0
tRNA-Arg-TCG-4-1	6	6	1.5714285714285712	0.0
tRNA-Tyr-GTA-4-1	10	12	1.3852564102564104	0.0
tRNA-Tyr-GTA-7-1	10	12	1.3852564102564104	0.0
tRNA-Ser-ACT-1-1	5	5	1.3666666666666667	0.0
tRNA-Ile-AAT-2-1	11	13	1.3238095238095238	0.0
tRNA-Lys-CTT-8-1	12	14	1.2678321678321678	0.0
tRNA-Tyr-GTA-11-1	3	3	1.225	0.0
tRNA-Lys-TTT-7-1	3	3	1.2222222222222223	0.0
tRNA-Leu-CAG-chr9-7	17	21	1.2019230769230769	0.0
tRNA-Arg-TCT-5-1	2	2	1.2	0.0
tRNA-Leu-CAA-6-1	16	20	1.126923076923077	0.0
tRNA-Ile-AAT-5-5	11	13	1.1015873015873014	0.0
tRNA-Ile-AAT-5-4	11	13	1.1015873015873014	0.0
tRNA-Ile-AAT-5-3	11	13	1.1015873015873014	0.0
tRNA-Ile-AAT-5-2	11	13	1.1015873015873014	0.0
tRNA-Ile-AAT-5-1	11	13	1.1015873015873014	0.0
tRNA-Lys-TTT-8-1	10	12	1.1015151515151513	0.0
tRNA-Glu-TTC-11-1	3	6	1.1	0.0
tRNA-Phe-GAA-5-1	6	8	1.0999999999999999	0.0
tRNA-Sup-TTA-1-1	6	7	1.0952380952380951	0.0
tRNA-Lys-CTT-14-1	11	13	1.0844988344988344	0.0
tRNA-Ala-AGC-20-1	3	3	1.0714285714285714	0.0
tRNA-Tyr-GTA-10-1	2	2	1.0714285714285714	0.0
tRNA-Thr-CGT-5-1	1	1	1.0	0.0
tRNA-Met-CAT-7-1	1	1	1.0	0.0
tRNA-Asn-GTT-14-1	1	1	1.0	0.0
tRNA-Ser-CGA-3-1	1	1	1.0	0.0
tRNA-Arg-TCT-4-1	1	1	1.0	0.0
tRNA-Lys-TTT-12-1	1	1	1.0	0.0
tRNA-Asn-GTT-17-1	1	1	1.0	0.0
tRNA-Ile-AAT-3-1	7	9	0.9571428571428571	0.0
tRNA-Ile-AAT-6-1	7	7	0.8833333333333333	0.0
tRNA-Asn-GTT-9-2	6	7	0.8712560386473429	0.0
tRNA-Asn-GTT-9-1	6	7	0.8712560386473429	0.0
tRNA-Ile-AAT-7-2	7	9	0.7015873015873015	0.0
tRNA-Ile-AAT-7-1	7	9	0.7015873015873015	0.0
tRNA-Ser-GCT-6-1	4	5	0.6607142857142856	0.0
tRNA-Ile-AAT-1-1	7	7	0.6444444444444444	0.0
tRNA-Lys-TTT-14-1	5	7	0.6363636363636364	0.0
tRNA-Ile-AAT-8-1	6	8	0.6349206349206349	0.0
tRNA-Thr-CGT-3-1	3	3	0.625	0.0
tRNA-Thr-AGT-6-1	3	3	0.625	0.0
tRNA-Thr-AGT-2-2	3	3	0.625	0.0
tRNA-Thr-AGT-2-1	3	3	0.625	0.0
tRNA-Ser-CGA-2-1	2	2	0.6111111111111112	0.0
tRNA-Arg-TCG-2-1	4	4	0.5714285714285714	0.0
tRNA-Lys-TTT-13-1	2	2	0.5454545454545454	0.0
tRNA-Tyr-GTA-9-1	5	5	0.5102564102564102	0.0
tRNA-Thr-CGT-4-1	1	1	0.5	0.0
tRNA-Thr-CGT-2-1	1	1	0.5	0.0
tRNA-Ala-AGC-9-1	1	1	0.5	0.0
tRNA-Ala-AGC-9-2	1	1	0.5	0.0
tRNA-Thr-AGT-1-1	2	2	0.4583333333333333	0.0
tRNA-Thr-AGT-1-3	2	2	0.4583333333333333	0.0
tRNA-Thr-AGT-1-2	2	2	0.4583333333333333	0.0
tRNA-Ile-GAT-1-1	4	6	0.4238095238095238	0.0
tRNA-Ile-GAT-1-3	4	6	0.4238095238095238	0.0
tRNA-Ile-GAT-1-2	4	6	0.4238095238095238	0.0
tRNA-Phe-GAA-6-1	3	4	0.4	0.0
tRNA-Lys-TTT-11-1	3	3	0.369047619047619	0.0
tRNA-Thr-CGT-1-1	1	1	0.3333333333333333	0.0
tRNA-Thr-CGT-chr1-118	1	1	0.3333333333333333	0.0
tRNA-Ile-AAT-9-1	3	3	0.28181818181818186	0.0
tRNA-Asn-GTT-16-1	4	4	0.2045893719806763	0.0
tRNA-Asn-GTT-16-2	4	4	0.2045893719806763	0.0
tRNA-Asn-GTT-16-3	4	4	0.2045893719806763	0.0
tRNA-Asn-GTT-16-4	4	4	0.2045893719806763	0.0
tRNA-Asn-GTT-16-5	4	4	0.2045893719806763	0.0
tRNA-Tyr-GTA-chr10-3	1	1	0.2	0.0
tRNA-Tyr-GTA-chr9-10	1	1	0.2	0.0
tRNA-Thr-AGT-5-1	1	1	0.125	0.0
tRNA-Leu-TAA-3-1	1	1	0.1111111111111111	0.0
tRNA-Leu-TAA-5-1	1	1	0.1111111111111111	0.0
tRNA-Leu-TAA-4-1	1	1	0.1111111111111111	0.0
tRNA-Tyr-ATA-1-1	1	1	0.1	0.0
tRNA-Asn-ATT-1-2	2	2	0.09347826086956522	0.0
tRNA-Asn-ATT-1-1	2	2	0.09347826086956522	0.0
tRNA-Leu-AAG-6-1	1	1	0.09090909090909091	0.0
tRNA-Ala-AGC-23-1	1	1	0.07142857142857142	0.0
tRNA-Val-AAC-7-1	1	1	0.05555555555555555	0.0
tRNA-Cys-GCA-chrX-3	1	1	0.045454545454545456	0.0
tRNA-Cys-GCA-chr12-14	1	1	0.045454545454545456	0.0
tRNA-Asn-GTT-12-1	1	1	0.043478260869565216	0.0
tRNA-Asn-GTT-10-1	1	1	0.043478260869565216	0.0
tRNA-Asn-GTT-8-1	1	1	0.043478260869565216	0.0
