ReferenceID	uniqueReadCount	totalReadCount	multimapAdjustedReadCount	multimapAdjustedBarcodeCount
tRNA-Gly-GCC-1-5	5032	791354	148853.80907491225	0.0
tRNA-Gly-GCC-1-3	5032	791354	148853.80907491225	0.0
tRNA-Gly-GCC-1-4	5032	791354	148853.80907491225	0.0
tRNA-Gly-GCC-1-1	5032	791354	148853.80907491225	0.0
tRNA-Gly-GCC-1-2	5032	791354	148853.80907491225	0.0
tRNA-Gly-CCC-1-2	4077	441290	43706.74689590485	0.0
tRNA-Gly-CCC-1-1	4077	441290	43706.74689590485	0.0
tRNA-Gly-GCC-2-1	4384	446036	41872.33693038016	0.0
tRNA-Gly-GCC-2-5	4384	446036	41872.33693038016	0.0
tRNA-Gly-GCC-2-4	4384	446036	41872.33693038016	0.0
tRNA-Gly-GCC-2-3	4384	446036	41872.33693038016	0.0
tRNA-Gly-GCC-2-2	4384	446036	41872.33693038016	0.0
tRNA-Gly-GCC-2-6	4384	446036	41872.33693038016	0.0
tRNA-Gly-GCC-3-1	4285	445891	41859.23288491581	0.0
tRNA-Gly-GCC-5-1	4008	445268	41803.32995451273	0.0
tRNA-Glu-CTC-1-7	4604	321906	40069.00311028831	0.0
tRNA-Glu-CTC-1-6	4604	321906	40069.00311028831	0.0
tRNA-Glu-CTC-1-5	4604	321906	40069.00311028831	0.0
tRNA-Glu-CTC-1-4	4604	321906	40069.00311028831	0.0
tRNA-Glu-CTC-1-3	4604	321906	40069.00311028831	0.0
tRNA-Glu-CTC-1-2	4604	321906	40069.00311028831	0.0
tRNA-Glu-CTC-1-1	4604	321906	40069.00311028831	0.0
tRNA-Glu-CTC-2-1	4304	319653	39822.86393279914	0.0
tRNA-His-GTG-1-4	3308	156950	17361.37777777757	0.0
tRNA-His-GTG-1-5	3308	156950	17361.37777777757	0.0
tRNA-His-GTG-1-2	3308	156950	17361.37777777757	0.0
tRNA-His-GTG-1-3	3308	156950	17361.37777777757	0.0
tRNA-His-GTG-1-1	3308	156950	17361.37777777757	0.0
tRNA-His-GTG-1-9	3308	156950	17361.37777777757	0.0
tRNA-His-GTG-1-8	3308	156950	17361.37777777757	0.0
tRNA-His-GTG-1-7	3308	156950	17361.37777777757	0.0
tRNA-His-GTG-1-6	3308	156950	17361.37777777757	0.0
tRNA-Val-CAC-2-1	760	11679	11209.137641117064	0.0
tRNA-Glu-TTC-2-2	1511	21042	9881.0	0.0
tRNA-Glu-TTC-2-1	1511	21042	9881.0	0.0
tRNA-Lys-CTT-2-1	1400	43375	7440.905313558991	0.0
tRNA-Lys-CTT-2-3	1400	43375	7440.905313558991	0.0
tRNA-Lys-CTT-2-2	1400	43375	7440.905313558991	0.0
tRNA-Lys-CTT-2-5	1400	43375	7440.905313558991	0.0
tRNA-Lys-CTT-2-4	1400	43375	7440.905313558991	0.0
tRNA-His-GTG-2-1	464	12930	6651.600000000031	0.0
tRNA-Val-CAC-8-1	1703	64706	5889.969159752918	0.0
tRNA-Lys-CTT-3-1	841	33216	5722.948638289843	0.0
tRNA-Val-AAC-2-1	484	6013	5305.5940820187725	0.0
tRNA-Glu-TTC-9-1	1610	61994	4567.158445467185	0.0
tRNA-Glu-TTC-1-2	785	8832	3776.0	0.0
tRNA-Glu-TTC-1-1	785	8832	3776.0	0.0
tRNA-Glu-TTC-4-1	1321	18946	3729.7122372725235	0.0
tRNA-Glu-TTC-4-2	1321	18946	3729.7122372725235	0.0
tRNA-Gly-CCC-6-1	1429	58069	3581.079415346971	0.0
tRNA-Glu-TTC-3-1	981	16616	3480.5016312119183	0.0
tRNA-Glu-TTC-8-1	879	16401	3442.384340659332	0.0
tRNA-Val-CAC-1-5	1378	44442	2926.2570241334015	0.0
tRNA-Val-CAC-1-4	1378	44442	2926.2570241334015	0.0
tRNA-Val-CAC-1-6	1378	44442	2926.2570241334015	0.0
tRNA-Val-CAC-1-1	1378	44442	2926.2570241334015	0.0
tRNA-Val-CAC-1-3	1378	44442	2926.2570241334015	0.0
tRNA-Val-CAC-1-2	1378	44442	2926.2570241334015	0.0
tRNA-Val-CAC-4-1	1363	44388	2922.387976514354	0.0
tRNA-Val-CAC-5-1	1346	44384	2921.615112368696	0.0
tRNA-Val-AAC-3-1	1278	44101	2896.9475226055165	0.0
tRNA-Val-AAC-1-1	1303	44177	2894.600638852015	0.0
tRNA-Val-AAC-1-2	1303	44177	2894.600638852015	0.0
tRNA-Val-AAC-1-3	1303	44177	2894.600638852015	0.0
tRNA-Val-AAC-1-4	1303	44177	2894.600638852015	0.0
tRNA-Val-AAC-1-5	1303	44177	2894.600638852015	0.0
tRNA-Val-AAC-4-1	1286	44146	2892.7332368912307	0.0
tRNA-Lys-TTT-3-4	818	15336	2510.1750646412215	0.0
tRNA-Lys-TTT-3-5	818	15336	2510.1750646412215	0.0
tRNA-Lys-TTT-3-2	818	15336	2510.1750646412215	0.0
tRNA-Lys-TTT-3-3	818	15336	2510.1750646412215	0.0
tRNA-Lys-TTT-3-1	818	15336	2510.1750646412215	0.0
tRNA-Lys-TTT-5-1	683	15103	2477.5079650741295	0.0
tRNA-Lys-CTT-4-1	806	7737	2421.458378549572	0.0
tRNA-Lys-CTT-1-1	787	7809	2378.495555261748	0.0
tRNA-Lys-CTT-1-2	787	7809	2378.495555261748	0.0
tRNA-Val-TAC-1-1	456	3092	1434.702098383211	0.0
tRNA-Val-TAC-1-2	456	3092	1434.702098383211	0.0
tRNA-Val-CAC-3-1	218	1668	1157.6124304187376	0.0
tRNA-Cys-GCA-6-1	293	3780	969.7894644627405	0.0
tRNA-Glu-TTC-10-1	388	4185	796.6441697191701	0.0
tRNA-Gly-CCC-chr1-16	421	15105	764.4869518162972	0.0
tRNA-Gly-CCC-chr1-19	421	15105	764.4869518162972	0.0
tRNA-Asp-GTC-1-1	210	799	738.1062271062273	0.0
tRNA-Val-TAC-2-1	271	1077	723.5000000000009	0.0
tRNA-Gly-CCC-2-2	347	1431	714.6294117647059	0.0
tRNA-Gly-CCC-2-1	347	1431	714.6294117647059	0.0
tRNA-Pro-TGG-2-1	364	1835	701.5798245614037	0.0
tRNA-Ala-CGC-3-1	152	3947	692.2583333333332	0.0
tRNA-Asp-GTC-2-4	871	6168	528.4576257076228	0.0
tRNA-Asp-GTC-2-3	871	6168	528.4576257076228	0.0
tRNA-Asp-GTC-2-2	871	6168	528.4576257076228	0.0
tRNA-Asp-GTC-2-1	871	6168	528.4576257076228	0.0
tRNA-Asp-GTC-2-9	871	6168	528.4576257076228	0.0
tRNA-Asp-GTC-2-8	871	6168	528.4576257076228	0.0
tRNA-Asp-GTC-2-7	871	6168	528.4576257076228	0.0
tRNA-Asp-GTC-2-6	871	6168	528.4576257076228	0.0
tRNA-Asp-GTC-2-5	871	6168	528.4576257076228	0.0
tRNA-Asp-GTC-2-10	871	6168	528.4576257076228	0.0
tRNA-Asp-GTC-2-11	871	6168	528.4576257076228	0.0
tRNA-Ala-CGC-2-1	169	3841	493.94848484848467	0.0
tRNA-Ala-TGC-3-2	169	3841	493.7580086580084	0.0
tRNA-Ala-TGC-3-1	169	3841	493.7580086580084	0.0
tRNA-Ala-AGC-4-1	125	3753	486.7222943722944	0.0
tRNA-Ala-CGC-1-1	149	3805	483.3318181818181	0.0
tRNA-Ala-TGC-2-1	149	3805	483.14134199134185	0.0
tRNA-Ala-TGC-4-1	121	3746	475.09134199134206	0.0
tRNA-Pro-TGG-3-5	799	7068	433.8685715514247	0.0
tRNA-Pro-TGG-3-3	799	7068	433.8685715514247	0.0
tRNA-Pro-TGG-3-4	799	7068	433.8685715514247	0.0
tRNA-Pro-TGG-3-1	799	7068	433.8685715514247	0.0
tRNA-Pro-TGG-3-2	799	7068	433.8685715514247	0.0
tRNA-Val-AAC-5-1	270	6374	416.1010706914345	0.0
tRNA-Pro-CGG-2-1	744	6854	404.2386996903997	0.0
tRNA-Pro-CGG-1-1	765	6877	403.8185715514247	0.0
tRNA-Pro-CGG-1-2	765	6877	403.8185715514247	0.0
tRNA-Pro-CGG-1-3	765	6877	403.8185715514247	0.0
tRNA-Pro-AGG-1-1	723	6750	376.48450292397365	0.0
tRNA-Pro-AGG-2-4	730	6756	372.13523821809133	0.0
tRNA-Pro-AGG-2-3	730	6756	372.13523821809133	0.0
tRNA-Pro-AGG-2-6	730	6756	372.13523821809133	0.0
tRNA-Pro-AGG-2-5	730	6756	372.13523821809133	0.0
tRNA-Pro-AGG-2-8	730	6756	372.13523821809133	0.0
tRNA-Pro-AGG-2-7	730	6756	372.13523821809133	0.0
tRNA-Pro-AGG-2-1	730	6756	372.13523821809133	0.0
tRNA-Pro-AGG-2-2	730	6756	372.13523821809133	0.0
tRNA-Cys-GCA-2-3	269	2419	343.0316364247653	0.0
tRNA-Cys-GCA-2-4	269	2419	343.0316364247653	0.0
tRNA-Cys-GCA-2-1	269	2419	343.0316364247653	0.0
tRNA-Cys-GCA-2-2	269	2419	343.0316364247653	0.0
tRNA-Cys-GCA-4-1	261	2410	342.2509282440571	0.0
tRNA-Leu-CAA-4-1	124	431	326.82380952380964	0.0
tRNA-Cys-GCA-5-1	100	639	321.9635745030268	0.0
tRNA-Gly-GCC-4-1	201	2407	320.29928361112525	0.0
tRNA-Leu-TAG-2-1	84	389	320.17554112554114	0.0
tRNA-Ala-TGC-6-1	171	2676	316.06883394383414	0.0
tRNA-Val-CAC-7-1	108	4563	309.7715213278294	0.0
tRNA-Pro-TGG-1-1	193	448	302.28667010663906	0.0
tRNA-Ala-AGC-2-1	229	3130	302.1816405816406	0.0
tRNA-Ala-AGC-2-2	229	3130	302.1816405816406	0.0
tRNA-Ala-AGC-6-1	46	300	293.78571428571433	0.0
tRNA-Asp-GTC-3-1	559	3500	292.3434065934052	0.0
tRNA-Gly-TCC-1-1	178	442	286.5460784313725	0.0
tRNA-Lys-CTT-7-1	325	1864	285.2140345765346	0.0
tRNA-Ala-AGC-3-1	213	3091	283.5149739149739	0.0
tRNA-Ala-CGC-4-1	202	3074	282.61497391497403	0.0
tRNA-Val-TAC-3-1	82	358	279.0877192982456	0.0
tRNA-Ala-AGC-7-1	197	3068	275.14830724830745	0.0
tRNA-Ala-AGC-5-1	195	3066	274.4816405816408	0.0
tRNA-Lys-TTT-4-1	290	1154	273.291869241869	0.0
tRNA-Gln-CTG-2-1	385	2052	253.03964368964364	0.0
tRNA-Gln-CTG-5-1	330	1952	243.4760073260072	0.0
tRNA-Gly-CCC-4-1	205	2615	242.72386110584046	0.0
tRNA-Lys-CTT-11-1	300	1801	242.3330821955818	0.0
tRNA-Lys-CTT-6-1	277	985	241.18068598068592	0.0
tRNA-Ser-AGA-1-1	144	2791	234.77947491105402	0.0
tRNA-Ser-TGA-2-1	144	2791	234.77947491105402	0.0
tRNA-Ser-TGA-4-1	129	2771	234.76129309287217	0.0
tRNA-Ser-AGA-2-6	137	2782	231.86280824438734	0.0
tRNA-Ser-AGA-2-1	137	2782	231.86280824438734	0.0
tRNA-Ser-AGA-2-3	137	2782	231.86280824438734	0.0
tRNA-Ser-AGA-2-2	137	2782	231.86280824438734	0.0
tRNA-Ser-AGA-2-5	137	2782	231.86280824438734	0.0
tRNA-Ser-AGA-2-4	137	2782	231.86280824438734	0.0
tRNA-Ser-TGA-3-1	137	2782	231.86280824438734	0.0
tRNA-Ser-AGA-3-1	134	2778	231.64765672923582	0.0
tRNA-Gly-CCC-3-1	129	594	231.64758548088062	0.0
tRNA-Ser-AGA-4-1	124	2760	231.06818181818196	0.0
tRNA-Gln-CTG-1-4	393	2099	230.2396436896436	0.0
tRNA-Gln-CTG-1-3	393	2099	230.2396436896436	0.0
tRNA-Gln-CTG-1-5	393	2099	230.2396436896436	0.0
tRNA-Gln-CTG-1-1	393	2099	230.2396436896436	0.0
tRNA-Gln-CTG-1-2	393	2099	230.2396436896436	0.0
tRNA-Ala-TGC-1-1	156	2691	220.78250638250626	0.0
tRNA-Ala-TGC-5-1	143	2676	220.4491730491729	0.0
tRNA-Cys-GCA-chr5-2	207	1475	212.32814130877014	0.0
tRNA-Ala-TGC-7-1	136	2664	209.2491730491729	0.0
tRNA-Val-AAC-6-1	125	2648	209.09949772449758	0.0
tRNA-Gly-CCC-5-1	266	3226	207.93162030570474	0.0
tRNA-Ala-TGC-8-1	121	2641	205.11338661338647	0.0
tRNA-Cys-GCA-14-1	269	2130	190.79565377995894	0.0
tRNA-Cys-GCA-8-1	277	2139	190.18625207055723	0.0
tRNA-Cys-GCA-15-1	266	2124	189.7691802534854	0.0
tRNA-Cys-GCA-9-4	265	2123	188.7691802534854	0.0
tRNA-Cys-GCA-9-2	265	2123	188.7691802534854	0.0
tRNA-Cys-GCA-9-3	265	2123	188.7691802534854	0.0
tRNA-Cys-GCA-9-1	265	2123	188.7691802534854	0.0
tRNA-Cys-GCA-10-1	265	2123	188.7691802534854	0.0
tRNA-Cys-GCA-13-1	264	2122	188.69775168205683	0.0
tRNA-Cys-GCA-19-1	263	2121	188.65929014359529	0.0
tRNA-Cys-GCA-1-1	193	1094	185.24595796923407	0.0
tRNA-Leu-TAG-1-1	113	1565	181.41363636363653	0.0
tRNA-Ala-AGC-1-1	89	972	181.2638888888888	0.0
tRNA-Leu-AAG-2-1	123	1594	179.52554112554122	0.0
tRNA-Leu-AAG-2-3	123	1594	179.52554112554122	0.0
tRNA-Leu-AAG-2-2	123	1594	179.52554112554122	0.0
tRNA-Leu-AAG-2-4	123	1594	179.52554112554122	0.0
tRNA-Leu-AAG-3-1	108	1574	178.25887445887457	0.0
tRNA-Leu-AAG-1-3	105	1556	175.08030303030318	0.0
tRNA-Leu-AAG-1-1	105	1556	175.08030303030318	0.0
tRNA-Leu-AAG-1-2	105	1556	175.08030303030318	0.0
tRNA-Gln-TTG-2-1	223	1361	174.03076923076915	0.0
tRNA-Ser-GCT-3-1	100	1010	170.40079525737397	0.0
tRNA-Gln-TTG-1-1	226	1363	159.38076923076906	0.0
tRNA-Gln-TTG-3-1	228	1355	155.13076923076912	0.0
tRNA-Gln-TTG-3-2	228	1355	155.13076923076912	0.0
tRNA-Gln-TTG-3-3	228	1355	155.13076923076912	0.0
tRNA-SeC-TCA-1-1	52	159	151.0	0.0
tRNA-Gly-CCC-7-1	96	548	143.02385620915038	0.0
tRNA-Ser-GCT-4-3	85	985	141.40079525737403	0.0
tRNA-Ser-GCT-4-2	85	985	141.40079525737403	0.0
tRNA-Ser-GCT-4-1	85	985	141.40079525737403	0.0
tRNA-Ala-AGC-11-1	32	148	139.49999999999997	0.0
tRNA-Ser-GCT-5-1	73	967	139.09722382880264	0.0
tRNA-Ser-GCT-2-1	70	966	138.13412859070743	0.0
tRNA-Ser-GCT-1-1	69	965	137.13412859070743	0.0
tRNA-Leu-CAG-2-2	128	1229	136.82380952380962	0.0
tRNA-Leu-CAG-2-1	128	1229	136.82380952380962	0.0
tRNA-Leu-CAG-1-7	123	1216	134.96666666666675	0.0
tRNA-Leu-CAG-1-6	123	1216	134.96666666666675	0.0
tRNA-Leu-CAG-1-5	123	1216	134.96666666666675	0.0
tRNA-Leu-CAG-1-4	123	1216	134.96666666666675	0.0
tRNA-Leu-CAG-1-3	123	1216	134.96666666666675	0.0
tRNA-Leu-CAG-1-2	123	1216	134.96666666666675	0.0
tRNA-Leu-CAG-1-1	123	1216	134.96666666666675	0.0
tRNA-Lys-TTT-6-1	233	970	134.6122219283984	0.0
tRNA-Asp-ATC-chr6-103	52	914	124.3368437118437	0.0
tRNA-iMet-CAT-1-8	195	1177	122.88888888888901	0.0
tRNA-iMet-CAT-1-7	195	1177	122.88888888888901	0.0
tRNA-iMet-CAT-1-6	195	1177	122.88888888888901	0.0
tRNA-iMet-CAT-1-5	195	1177	122.88888888888901	0.0
tRNA-iMet-CAT-1-4	195	1177	122.88888888888901	0.0
tRNA-iMet-CAT-1-3	195	1177	122.88888888888901	0.0
tRNA-iMet-CAT-1-2	195	1177	122.88888888888901	0.0
tRNA-iMet-CAT-1-1	195	1177	122.88888888888901	0.0
tRNA-iMet-CAT-2-1	187	1169	121.88888888888901	0.0
tRNA-Arg-CCG-2-1	87	117	113.23333333333335	0.0
tRNA-Gly-TCC-3-1	148	259	103.54607843137256	0.0
tRNA-Arg-CCT-4-1	141	207	92.0500000000001	0.0
tRNA-Und-NNN-3-1	76	464	88.45247252747258	0.0
tRNA-Gly-TCC-2-6	228	527	76.88536414565823	0.0
tRNA-Gly-TCC-2-5	228	527	76.88536414565823	0.0
tRNA-Gly-TCC-2-4	228	527	76.88536414565823	0.0
tRNA-Gly-TCC-2-3	228	527	76.88536414565823	0.0
tRNA-Gly-TCC-2-2	228	527	76.88536414565823	0.0
tRNA-Gly-TCC-2-1	228	527	76.88536414565823	0.0
tRNA-Thr-CGT-6-1	59	724	75.99999999999999	0.0
tRNA-Glu-TTC-6-1	85	320	74.33134920634924	0.0
tRNA-Lys-CTT-chr15-5	83	269	67.90116550116551	0.0
tRNA-Leu-CAA-1-2	87	216	67.32380952380952	0.0
tRNA-Leu-CAA-1-1	87	216	67.32380952380952	0.0
tRNA-Leu-TAA-1-1	50	72	66.27930402930404	0.0
tRNA-Gln-CTG-6-1	108	229	65.81839826839831	0.0
tRNA-Cys-ACA-1-1	96	522	65.00358946608954	0.0
tRNA-Ala-AGC-8-1	38	131	62.49999999999999	0.0
tRNA-Ala-AGC-8-2	38	131	62.49999999999999	0.0
tRNA-Arg-TCT-1-1	68	117	61.800000000000004	0.0
tRNA-Trp-CCA-2-1	36	61	60.16666666666667	0.0
tRNA-Asp-GTC-5-1	133	678	58.98717948717955	0.0
tRNA-Lys-CTT-5-1	115	320	57.62751831501838	0.0
tRNA-Arg-CCT-3-1	112	171	57.2166666666667	0.0
tRNA-Leu-TAG-3-1	45	92	54.75000000000001	0.0
tRNA-Val-TAC-4-1	61	515	51.03045157456924	0.0
tRNA-Thr-TGT-3-1	38	79	49.58333333333333	0.0
tRNA-Und-NNN-4-1	63	311	45.188888888888904	0.0
tRNA-Cys-GCA-17-1	123	530	42.33442587387824	0.0
tRNA-Met-CAT-1-1	39	60	41.5	0.0
tRNA-Glu-CTC-3-1	69	345	41.0828282828283	0.0
tRNA-Thr-AGT-3-1	31	40	39.083333333333336	0.0
tRNA-Arg-CCT-1-1	90	143	38.38333333333334	0.0
tRNA-Arg-CCT-2-1	90	143	38.38333333333334	0.0
tRNA-Cys-GCA-chr11-21	123	531	37.80776642221878	0.0
tRNA-Lys-CTT-chr7-30	115	277	36.87037545787546	0.0
tRNA-Arg-TCT-3-1	60	128	35.86666666666665	0.0
tRNA-Cys-GCA-22-1	107	505	35.641682506134885	0.0
tRNA-Cys-GCA-20-1	107	505	35.641682506134885	0.0
tRNA-Gln-TTG-4-1	45	162	34.9102564102564	0.0
tRNA-Arg-TCT-3-2	60	127	34.36666666666665	0.0
tRNA-Gly-GCC-6-1	27	115	34.166666666666664	0.0
tRNA-Arg-TCT-2-1	50	115	32.86666666666665	0.0
tRNA-Val-CAC-6-1	89	276	32.69836601307191	0.0
tRNA-Asn-GTT-6-1	81	216	32.22473262032086	0.0
tRNA-Leu-AAG-4-1	32	86	31.71038961038961	0.0
tRNA-Met-CAT-6-1	30	50	30.625	0.0
tRNA-Asn-GTT-3-1	122	290	29.75298460756127	0.0
tRNA-Asn-GTT-3-2	122	290	29.75298460756127	0.0
tRNA-Asn-GTT-2-1	127	300	28.923388223553115	0.0
tRNA-Asn-GTT-2-2	127	300	28.923388223553115	0.0
tRNA-Asn-GTT-2-3	127	300	28.923388223553115	0.0
tRNA-Asn-GTT-2-4	127	300	28.923388223553115	0.0
tRNA-Asn-GTT-2-5	127	300	28.923388223553115	0.0
tRNA-Asn-GTT-2-6	127	300	28.923388223553115	0.0
tRNA-Ile-TAT-2-1	50	101	28.5	0.0
tRNA-Met-CAT-3-2	59	101	27.744047619047617	0.0
tRNA-Met-CAT-3-1	59	101	27.744047619047617	0.0
tRNA-Cys-GCA-3-1	45	271	27.51202686202686	0.0
tRNA-Cys-GCA-16-1	44	270	27.440598290598288	0.0
tRNA-Arg-TCG-1-1	29	33	26.27777777777778	0.0
tRNA-Lys-TTT-1-1	106	190	26.056356551944784	0.0
tRNA-Lys-TTT-2-1	104	187	25.88968988527812	0.0
tRNA-Thr-TGT-4-1	41	75	25.583333333333325	0.0
tRNA-Gly-TCC-4-1	63	160	25.220238095238084	0.0
tRNA-Leu-CAA-3-1	61	129	24.82380952380951	0.0
tRNA-Trp-CCA-4-1	18	28	24.05	0.0
tRNA-Ile-TAT-3-1	27	60	23.999999999999993	0.0
tRNA-Asn-GTT-1-1	86	236	23.585354035518915	0.0
tRNA-Cys-GCA-7-1	37	83	23.307038555314413	0.0
tRNA-Leu-CAA-2-1	59	127	22.82380952380951	0.0
tRNA-Arg-TCT-5-1	39	99	22.69999999999999	0.0
tRNA-Lys-CTT-10-1	29	68	22.45749666999667	0.0
tRNA-Ile-TAT-1-1	31	80	21.5	0.0
tRNA-Ile-TAT-2-3	41	74	20.999999999999993	0.0
tRNA-Arg-CCT-5-1	61	99	19.73333333333332	0.0
tRNA-Ile-TAT-2-2	39	72	18.999999999999996	0.0
tRNA-Tyr-GTA-2-1	67	88	18.949783549783554	0.0
tRNA-Lys-TTT-15-1	11	29	18.916666666666664	0.0
tRNA-Arg-ACG-2-3	57	97	18.357142857142854	0.0
tRNA-Arg-ACG-2-2	57	97	18.357142857142854	0.0
tRNA-Arg-ACG-2-4	57	97	18.357142857142854	0.0
tRNA-Arg-ACG-2-1	57	97	18.357142857142854	0.0
tRNA-Thr-TGT-6-1	24	48	18.333333333333325	0.0
tRNA-Arg-TCG-3-1	52	67	17.920634920634917	0.0
tRNA-Tyr-GTA-1-1	43	54	15.866450216450218	0.0
tRNA-Ile-AAT-2-1	54	168	15.742156862745102	0.0
tRNA-Tyr-GTA-5-4	64	97	15.328282828282813	0.0
tRNA-Arg-CCG-1-3	48	61	15.087301587301587	0.0
tRNA-Arg-CCG-1-2	48	61	15.087301587301587	0.0
tRNA-Arg-CCG-1-1	48	61	15.087301587301587	0.0
tRNA-Arg-ACG-1-3	41	76	14.857142857142856	0.0
tRNA-Arg-ACG-1-1	41	76	14.857142857142856	0.0
tRNA-Arg-ACG-1-2	41	76	14.857142857142856	0.0
tRNA-Gln-CTG-4-2	63	167	14.75173160173161	0.0
tRNA-Gln-CTG-4-1	63	167	14.75173160173161	0.0
tRNA-Ile-AAT-4-1	42	152	14.620944741532977	0.0
tRNA-Thr-TGT-5-1	35	46	14.250000000000004	0.0
tRNA-Ile-AAT-5-5	67	180	13.997712418300651	0.0
tRNA-Ile-AAT-5-4	67	180	13.997712418300651	0.0
tRNA-Ile-AAT-5-3	67	180	13.997712418300651	0.0
tRNA-Ile-AAT-5-2	67	180	13.997712418300651	0.0
tRNA-Ile-AAT-5-1	67	180	13.997712418300651	0.0
tRNA-Ile-AAT-1-1	66	179	13.897712418300651	0.0
tRNA-Gln-CTG-3-1	61	164	13.835064935064944	0.0
tRNA-Gln-CTG-3-2	61	164	13.835064935064944	0.0
tRNA-Tyr-GTA-5-5	63	95	13.328282828282818	0.0
tRNA-Tyr-GTA-5-3	63	95	13.328282828282818	0.0
tRNA-Tyr-GTA-5-2	63	95	13.328282828282818	0.0
tRNA-Tyr-GTA-5-1	63	95	13.328282828282818	0.0
tRNA-Ile-AAT-7-2	58	169	12.952257872846111	0.0
tRNA-Ile-AAT-7-1	58	169	12.952257872846111	0.0
tRNA-Ile-AAT-8-1	50	67	12.693434343434342	0.0
tRNA-Ile-AAT-6-1	32	134	12.47094474153298	0.0
tRNA-Ser-TGA-1-1	11	16	12.362637362637361	0.0
tRNA-Tyr-GTA-8-1	37	43	12.19978354978355	0.0
tRNA-Lys-TTT-13-1	20	28	12.196434937611407	0.0
tRNA-Tyr-GTA-3-1	34	46	11.866450216450218	0.0
tRNA-Lys-TTT-8-1	62	125	11.559040959040958	0.0
tRNA-Asn-GTT-8-1	14	28	11.36231884057971	0.0
tRNA-Gln-CTG-7-1	35	129	11.13809523809524	0.0
tRNA-Lys-CTT-chr16-1	50	113	10.867958430458431	0.0
tRNA-Glu-TTC-7-1	31	86	10.560606060606062	0.0
tRNA-Sup-TTA-1-1	20	44	10.476190476190478	0.0
tRNA-Lys-CTT-16-1	20	35	10.211111111111114	0.0
tRNA-Lys-CTT-12-1	44	99	9.991792929292929	0.0
tRNA-Phe-GAA-1-6	47	65	9.276190476190479	0.0
tRNA-Phe-GAA-1-1	47	65	9.276190476190479	0.0
tRNA-Phe-GAA-1-2	47	65	9.276190476190479	0.0
tRNA-Phe-GAA-1-3	47	65	9.276190476190479	0.0
tRNA-Phe-GAA-1-4	47	65	9.276190476190479	0.0
tRNA-Phe-GAA-1-5	47	65	9.276190476190479	0.0
tRNA-Thr-TGT-2-1	18	28	9.25	0.0
tRNA-Tyr-GTA-6-1	32	56	9.244949494949491	0.0
tRNA-Met-CAT-4-3	30	64	9.244047619047619	0.0
tRNA-Met-CAT-4-1	30	64	9.244047619047619	0.0
tRNA-Met-CAT-4-2	30	64	9.244047619047619	0.0
tRNA-Met-CAT-2-1	30	64	9.244047619047619	0.0
tRNA-Cys-GCA-18-1	31	110	9.229078443530774	0.0
tRNA-Tyr-GTA-7-1	27	48	9.22222222222222	0.0
tRNA-Ser-CGA-4-1	9	12	9.126923076923077	0.0
tRNA-Gln-CTG-chr19-4	28	117	9.115659340659343	0.0
tRNA-Ile-AAT-3-1	39	56	9.083333333333332	0.0
tRNA-Cys-GCA-12-1	16	86	9.07054114749348	0.0
tRNA-Asp-GTC-4-1	21	39	8.529304029304026	0.0
tRNA-Met-CAT-5-1	26	59	8.41071428571429	0.0
tRNA-Ser-ACT-1-1	22	121	8.40427807486631	0.0
tRNA-Ile-GAT-1-1	16	113	8.325490196078432	0.0
tRNA-Ile-GAT-1-3	16	113	8.325490196078432	0.0
tRNA-Ile-GAT-1-2	16	113	8.325490196078432	0.0
tRNA-Lys-TTT-14-1	42	81	8.157442557442554	0.0
tRNA-Thr-CGT-3-1	27	36	8.077777777777778	0.0
tRNA-SeC-TCA-2-1	15	16	8.0	0.0
tRNA-Sup-CTA-chr5-1	4	8	8.0	0.0
tRNA-Thr-AGT-2-2	27	35	7.5777777777777775	0.0
tRNA-Thr-AGT-2-1	27	35	7.5777777777777775	0.0
tRNA-Thr-TGT-1-1	8	11	7.383333333333333	0.0
tRNA-Cys-GCA-25-1	8	12	7.346153846153846	0.0
tRNA-Lys-CTT-14-1	29	59	7.120969308469309	0.0
tRNA-Thr-AGT-6-1	26	34	7.0777777777777775	0.0
tRNA-Asn-GTT-5-1	46	84	6.932479132644026	0.0
tRNA-Lys-CTT-8-1	34	45	6.8121503496503495	0.0
tRNA-Tyr-GTA-4-1	30	54	6.494949494949494	0.0
tRNA-Ala-CGC-5-1	11	14	6.467532467532467	0.0
tRNA-Asn-GTT-4-1	31	64	6.378943779108672	0.0
tRNA-Phe-GAA-10-1	10	25	6.160364145658264	0.0
tRNA-Leu-TAA-3-1	8	11	6.112637362637362	0.0
tRNA-Cys-GCA-chr12-14	1	6	6.0	0.0
tRNA-Ala-AGC-23-1	3	6	6.0	0.0
tRNA-Phe-GAA-8-1	2	6	6.0	0.0
tRNA-Lys-TTT-11-1	21	33	5.790750915750916	0.0
tRNA-Thr-CGT-4-1	7	8	5.75	0.0
tRNA-Ile-AAT-10-1	2	5	5.0	0.0
tRNA-Phe-GAA-5-1	25	36	4.876190476190477	0.0
tRNA-Lys-TTT-7-1	13	15	4.639682539682539	0.0
tRNA-Pro-AGG-3-1	46	72	4.529824561403507	0.0
tRNA-Lys-CTT-15-1	7	10	4.4951923076923075	0.0
tRNA-Arg-TCG-2-1	14	17	4.337301587301588	0.0
tRNA-Glu-CTC-5-1	11	12	3.866666666666667	0.0
tRNA-Arg-TCG-5-1	14	17	3.837301587301588	0.0
tRNA-Arg-TCG-4-1	14	17	3.837301587301588	0.0
tRNA-Thr-AGT-1-1	19	21	3.8277777777777784	0.0
tRNA-Thr-AGT-1-3	19	21	3.8277777777777784	0.0
tRNA-Thr-AGT-1-2	19	21	3.8277777777777784	0.0
tRNA-Thr-AGT-5-1	19	21	3.8277777777777784	0.0
tRNA-Trp-CCA-3-2	14	18	3.616666666666667	0.0
tRNA-Trp-CCA-3-1	14	18	3.616666666666667	0.0
tRNA-Trp-CCA-3-3	14	18	3.616666666666667	0.0
tRNA-Thr-CGT-2-1	5	5	3.5	0.0
tRNA-Phe-GAA-2-1	15	20	3.466666666666667	0.0
tRNA-Glu-TTC-5-1	6	6	3.4107142857142856	0.0
tRNA-Phe-GAA-3-1	10	12	3.4000000000000004	0.0
tRNA-Lys-CTT-9-1	4	4	3.2	0.0
tRNA-Ser-GCT-6-1	16	26	3.143652400231347	0.0
tRNA-Ala-AGC-22-1	9	14	3.1111111111111107	0.0
tRNA-Ser-AGA-5-1	3	4	3.0714285714285716	0.0
tRNA-Thr-CGT-5-1	2	3	3.0	0.0
tRNA-Trp-CCA-5-1	11	15	2.9666666666666663	0.0
tRNA-Trp-CCA-1-1	12	15	2.9666666666666663	0.0
tRNA-Ser-CGA-1-1	7	10	2.9611222111222113	0.0
tRNA-Cys-GCA-11-1	20	26	2.8937215618503647	0.0
tRNA-Leu-CAA-6-1	8	10	2.5	0.0
tRNA-Gln-CTG-8-2	3	5	2.5	0.0
tRNA-Gln-CTG-8-1	3	5	2.5	0.0
tRNA-Leu-AAG-6-1	4	4	2.1818181818181817	0.0
tRNA-Ser-CGA-3-1	5	5	2.1190476190476186	0.0
tRNA-Lys-TTT-12-1	2	2	2.0	0.0
tRNA-Ile-AAT-11-1	2	2	2.0	0.0
tRNA-Asn-GTT-9-2	16	37	1.9277782779431722	0.0
tRNA-Asn-GTT-9-1	16	37	1.9277782779431722	0.0
tRNA-Tyr-GTA-9-1	9	9	1.8888888888888893	0.0
tRNA-Thr-AGT-4-1	7	9	1.827777777777778	0.0
tRNA-Ala-AGC-13-2	5	6	1.7777777777777775	0.0
tRNA-Ala-AGC-13-1	5	6	1.7777777777777775	0.0
tRNA-Leu-TAA-2-1	6	7	1.7376373626373625	0.0
tRNA-Ala-AGC-15-1	6	9	1.7361111111111112	0.0
tRNA-Phe-GAA-4-1	8	11	1.7333333333333334	0.0
tRNA-Ala-AGC-20-1	1	3	1.5	0.0
tRNA-Tyr-GTA-11-1	3	5	1.4444444444444444	0.0
tRNA-Asn-GTT-16-1	9	29	1.3649504195270785	0.0
tRNA-Asn-GTT-16-2	9	29	1.3649504195270785	0.0
tRNA-Asn-GTT-16-3	9	29	1.3649504195270785	0.0
tRNA-Asn-GTT-16-4	9	29	1.3649504195270785	0.0
tRNA-Asn-GTT-16-5	9	29	1.3649504195270785	0.0
tRNA-Asn-GTT-12-1	7	18	1.36231884057971	0.0
tRNA-Asn-GTT-10-1	7	18	1.36231884057971	0.0
tRNA-Cys-GCA-23-1	12	13	1.3484526967285588	0.0
tRNA-Ala-AGC-9-1	4	8	1.3333333333333333	0.0
tRNA-Ala-AGC-9-2	4	8	1.3333333333333333	0.0
tRNA-Asn-GTT-7-1	11	16	1.304287276191301	0.0
tRNA-Gln-CTG-12-1	3	5	1.2974358974358975	0.0
tRNA-Arg-TCG-6-1	6	8	1.277777777777778	0.0
tRNA-Asn-GTT-21-1	5	5	1.2635854341736694	0.0
tRNA-Cys-GCA-21-1	11	12	1.2484526967285587	0.0
tRNA-Ala-AGC-10-1	5	8	1.2361111111111112	0.0
tRNA-Ala-AGC-12-3	5	8	1.2361111111111112	0.0
tRNA-Ala-AGC-12-1	5	8	1.2361111111111112	0.0
tRNA-Ala-AGC-12-2	5	8	1.2361111111111112	0.0
tRNA-Ala-AGC-14-1	5	8	1.2361111111111112	0.0
tRNA-Ser-CGA-2-1	5	6	1.195970695970696	0.0
tRNA-Asn-ATT-1-2	7	25	1.1456521739130434	0.0
tRNA-Asn-ATT-1-1	7	25	1.1456521739130434	0.0
tRNA-Glu-TTC-11-1	2	2	1.125	0.0
tRNA-Thr-CGT-1-1	2	3	1.0833333333333333	0.0
tRNA-Tyr-GTA-10-1	2	2	1.0714285714285714	0.0
tRNA-Leu-CAG-chr9-3	5	8	1.0288461538461537	0.0
tRNA-Tyr-GTA-chr14-8	2	3	1.0	0.0
tRNA-Tyr-GTA-chr1-127	2	3	1.0	0.0
tRNA-Thr-AGT-7-1	1	1	1.0	0.0
tRNA-Val-AAC-7-1	1	1	1.0	0.0
tRNA-Val-TAC-chr2-6	1	1	1.0	0.0
tRNA-Ala-TGC-9-1	1	1	1.0	0.0
tRNA-Asp-GTC-6-1	1	1	1.0	0.0
tRNA-Tyr-GTA-chr21-2	2	3	1.0	0.0
tRNA-Asn-GTT-17-1	1	1	1.0	0.0
tRNA-Val-CAC-9-1	1	1	1.0	0.0
tRNA-Leu-AAG-7-1	1	1	1.0	0.0
tRNA-Val-CAC-10-1	4	7	0.8333333333333334	0.0
tRNA-Leu-CAG-chr9-7	8	11	0.7999999999999999	0.0
tRNA-Asn-GTT-15-1	4	5	0.7747326203208557	0.0
tRNA-Cys-GCA-24-1	8	9	0.6794871794871794	0.0
tRNA-Lys-CTT-13-1	3	4	0.5347222222222222	0.0
tRNA-Val-CAC-11-1	1	1	0.5	0.0
tRNA-Val-CAC-11-2	1	1	0.5	0.0
tRNA-Asn-GTT-19-1	1	1	0.5	0.0
tRNA-Phe-GAA-6-1	4	5	0.46666666666666673	0.0
tRNA-Arg-TCT-4-1	1	2	0.4	0.0
tRNA-Asn-GTT-13-1	5	6	0.3885854341736694	0.0
tRNA-Asn-GTT-18-1	5	6	0.3885854341736694	0.0
tRNA-Gln-TTG-6-1	1	2	0.25	0.0
tRNA-Lys-TTT-chr3-2	1	2	0.18181818181818182	0.0
tRNA-Lys-TTT-9-1	2	2	0.17142857142857143	0.0
tRNA-Ala-AGC-21-1	1	1	0.125	0.0
tRNA-Ala-AGC-19-1	1	1	0.125	0.0
tRNA-Ile-AAT-9-1	1	1	0.1	0.0
tRNA-Asn-GTT-11-2	1	1	0.07692307692307693	0.0
tRNA-Asn-GTT-11-1	1	1	0.07692307692307693	0.0
tRNA-Lys-TTT-10-1	1	1	0.07692307692307693	0.0
