ReferenceID	uniqueReadCount	totalReadCount	multimapAdjustedReadCount	multimapAdjustedBarcodeCount
tRNA-Gly-GCC-1-5	3733	110958	18705.975977360173	0.0
tRNA-Gly-GCC-1-3	3733	110958	18705.975977360173	0.0
tRNA-Gly-GCC-1-4	3733	110958	18705.975977360173	0.0
tRNA-Gly-GCC-1-1	3733	110958	18705.975977360173	0.0
tRNA-Gly-GCC-1-2	3733	110958	18705.975977360173	0.0
tRNA-Gly-CCC-1-2	3084	80993	10621.255553340032	0.0
tRNA-Gly-CCC-1-1	3084	80993	10621.255553340032	0.0
tRNA-Gly-GCC-2-1	4047	105631	10215.718110227688	0.0
tRNA-Gly-GCC-2-5	4047	105631	10215.718110227688	0.0
tRNA-Gly-GCC-2-4	4047	105631	10215.718110227688	0.0
tRNA-Gly-GCC-2-3	4047	105631	10215.718110227688	0.0
tRNA-Gly-GCC-2-2	4047	105631	10215.718110227688	0.0
tRNA-Gly-GCC-2-6	4047	105631	10215.718110227688	0.0
tRNA-Gly-GCC-3-1	3985	105523	10201.382445892026	0.0
tRNA-Gly-GCC-5-1	3395	97630	9684.729574932457	0.0
tRNA-Glu-CTC-1-7	2678	48261	5963.382020757017	0.0
tRNA-Glu-CTC-1-6	2678	48261	5963.382020757017	0.0
tRNA-Glu-CTC-1-5	2678	48261	5963.382020757017	0.0
tRNA-Glu-CTC-1-4	2678	48261	5963.382020757017	0.0
tRNA-Glu-CTC-1-3	2678	48261	5963.382020757017	0.0
tRNA-Glu-CTC-1-2	2678	48261	5963.382020757017	0.0
tRNA-Glu-CTC-1-1	2678	48261	5963.382020757017	0.0
tRNA-Glu-CTC-2-1	2298	45585	5670.685916860919	0.0
tRNA-Lys-CTT-2-1	2199	32559	5383.907561719329	0.0
tRNA-Lys-CTT-2-3	2199	32559	5383.907561719329	0.0
tRNA-Lys-CTT-2-2	2199	32559	5383.907561719329	0.0
tRNA-Lys-CTT-2-5	2199	32559	5383.907561719329	0.0
tRNA-Lys-CTT-2-4	2199	32559	5383.907561719329	0.0
tRNA-Glu-TTC-2-2	1041	11456	5376.25	0.0
tRNA-Glu-TTC-2-1	1041	11456	5376.25	0.0
tRNA-Lys-TTT-3-4	2502	29750	4634.597274784043	0.0
tRNA-Lys-TTT-3-5	2502	29750	4634.597274784043	0.0
tRNA-Lys-TTT-3-2	2502	29750	4634.597274784043	0.0
tRNA-Lys-TTT-3-3	2502	29750	4634.597274784043	0.0
tRNA-Lys-TTT-3-1	2502	29750	4634.597274784043	0.0
tRNA-His-GTG-1-4	2208	41373	4575.688888889017	0.0
tRNA-His-GTG-1-5	2208	41373	4575.688888889017	0.0
tRNA-His-GTG-1-2	2208	41373	4575.688888889017	0.0
tRNA-His-GTG-1-3	2208	41373	4575.688888889017	0.0
tRNA-His-GTG-1-1	2208	41373	4575.688888889017	0.0
tRNA-His-GTG-1-9	2208	41373	4575.688888889017	0.0
tRNA-His-GTG-1-8	2208	41373	4575.688888889017	0.0
tRNA-His-GTG-1-7	2208	41373	4575.688888889017	0.0
tRNA-His-GTG-1-6	2208	41373	4575.688888889017	0.0
tRNA-Lys-TTT-5-1	2210	28906	4524.104237266019	0.0
tRNA-Lys-CTT-1-1	1569	14517	3808.3861688148627	0.0
tRNA-Lys-CTT-1-2	1569	14517	3808.3861688148627	0.0
tRNA-Lys-CTT-4-1	1518	14071	3741.5884637421586	0.0
tRNA-Val-CAC-2-1	620	4054	3490.7124649859916	0.0
tRNA-Lys-CTT-3-1	1179	21016	3317.881883231145	0.0
tRNA-Val-AAC-2-1	379	2121	1776.885509730208	0.0
tRNA-Gly-CCC-6-1	1044	15293	1608.055976854319	0.0
tRNA-Val-CAC-8-1	1015	14787	1424.0008689161598	0.0
tRNA-Lys-TTT-4-1	1114	9119	1321.9640863221666	0.0
tRNA-Val-TAC-1-1	486	2835	1226.8479532163744	0.0
tRNA-Val-TAC-1-2	486	2835	1226.8479532163744	0.0
tRNA-Gly-CCC-2-2	451	2253	1126.5	0.0
tRNA-Gly-CCC-2-1	451	2253	1126.5	0.0
tRNA-Val-CAC-1-5	1138	14485	1007.2319573443482	0.0
tRNA-Val-CAC-1-4	1138	14485	1007.2319573443482	0.0
tRNA-Val-CAC-1-6	1138	14485	1007.2319573443482	0.0
tRNA-Val-CAC-1-1	1138	14485	1007.2319573443482	0.0
tRNA-Val-CAC-1-3	1138	14485	1007.2319573443482	0.0
tRNA-Val-CAC-1-2	1138	14485	1007.2319573443482	0.0
tRNA-Glu-TTC-9-1	861	13451	1004.4609810262701	0.0
tRNA-Val-CAC-4-1	1105	14404	1002.2081478205387	0.0
tRNA-Val-CAC-5-1	1042	14210	985.2766585581664	0.0
tRNA-Val-AAC-3-1	916	13320	949.7762617327696	0.0
tRNA-Glu-TTC-4-1	891	5892	917.2062271062264	0.0
tRNA-Glu-TTC-4-2	891	5892	917.2062271062264	0.0
tRNA-Glu-TTC-1-2	518	2512	904.25	0.0
tRNA-Glu-TTC-1-1	518	2512	904.25	0.0
tRNA-Val-AAC-1-1	942	13432	880.5347351221255	0.0
tRNA-Val-AAC-1-2	942	13432	880.5347351221255	0.0
tRNA-Val-AAC-1-3	942	13432	880.5347351221255	0.0
tRNA-Val-AAC-1-4	942	13432	880.5347351221255	0.0
tRNA-Val-AAC-1-5	942	13432	880.5347351221255	0.0
tRNA-Val-AAC-4-1	898	13304	872.5064204629285	0.0
tRNA-Val-TAC-2-1	318	1420	725.8333333333338	0.0
tRNA-Arg-CCT-4-1	308	3053	711.6500000000011	0.0
tRNA-Arg-CCT-1-1	237	3076	701.8166666666688	0.0
tRNA-Arg-CCT-2-1	237	3076	701.8166666666688	0.0
tRNA-Arg-CCT-3-1	277	3014	673.6500000000012	0.0
tRNA-Lys-TTT-6-1	718	5182	650.1482016349665	0.0
tRNA-Glu-TTC-3-1	503	3212	635.4688533688542	0.0
tRNA-Lys-CTT-6-1	529	2547	619.8063103563102	0.0
tRNA-Glu-TTC-8-1	447	3137	607.8728937728946	0.0
tRNA-Gln-CTG-5-1	541	2732	581.0992368742387	0.0
tRNA-Ala-AGC-1-1	89	631	572.2123015873017	0.0
tRNA-Arg-CCT-5-1	175	2776	555.4666666666666	0.0
tRNA-Lys-CTT-7-1	642	3828	545.9783193114093	0.0
tRNA-Lys-CTT-11-1	598	3762	513.3854621685521	0.0
tRNA-Gln-TTG-2-1	423	2060	499.00806415806306	0.0
tRNA-Leu-CAA-1-2	205	1190	442.1875000000001	0.0
tRNA-Gln-CTG-2-1	697	3206	435.77612665112883	0.0
tRNA-Pro-AGG-1-1	595	3604	435.58366750208774	0.0
tRNA-Lys-TTT-2-1	294	1741	431.6411394161381	0.0
tRNA-Lys-TTT-1-1	293	1740	431.3078060828048	0.0
tRNA-Lys-TTT-7-1	108	1088	418.33452380952366	0.0
tRNA-Leu-CAA-1-1	184	1163	416.18750000000017	0.0
tRNA-Val-CAC-3-1	204	721	405.4388243894051	0.0
tRNA-Leu-CAA-4-1	192	838	405.35416666666634	0.0
tRNA-Gln-CTG-1-4	724	3287	398.0670357420378	0.0
tRNA-Gln-CTG-1-3	724	3287	398.0670357420378	0.0
tRNA-Gln-CTG-1-5	724	3287	398.0670357420378	0.0
tRNA-Gln-CTG-1-1	724	3287	398.0670357420378	0.0
tRNA-Gln-CTG-1-2	724	3287	398.0670357420378	0.0
tRNA-Gln-TTG-1-1	397	1925	365.2037351537342	0.0
tRNA-Ala-TGC-3-2	156	1953	360.1138888888887	0.0
tRNA-Ala-TGC-3-1	156	1953	360.1138888888887	0.0
tRNA-Ala-CGC-2-1	148	1944	359.17341269841245	0.0
tRNA-Ala-TGC-2-1	147	1925	355.61388888888877	0.0
tRNA-Ala-CGC-1-1	140	1917	354.0067460317459	0.0
tRNA-Gly-TCC-1-1	255	1148	345.7916666666667	0.0
tRNA-Glu-TTC-10-1	313	1774	340.1801587301583	0.0
tRNA-Met-CAT-1-1	163	570	334.38888888888886	0.0
tRNA-Ala-TGC-4-1	146	828	323.754365079365	0.0
tRNA-His-GTG-2-1	327	2031	304.8000000000008	0.0
tRNA-Met-CAT-3-2	236	1912	294.1865079365082	0.0
tRNA-Met-CAT-3-1	236	1912	294.1865079365082	0.0
tRNA-Gln-TTG-3-1	375	1646	273.5997668997659	0.0
tRNA-Gln-TTG-3-2	375	1646	273.5997668997659	0.0
tRNA-Gln-TTG-3-3	375	1646	273.5997668997659	0.0
tRNA-Met-CAT-6-1	142	506	267.8055555555556	0.0
tRNA-Met-CAT-4-3	200	1851	264.01984126984115	0.0
tRNA-Met-CAT-4-1	200	1851	264.01984126984115	0.0
tRNA-Met-CAT-4-2	200	1851	264.01984126984115	0.0
tRNA-Met-CAT-2-1	200	1851	264.01984126984115	0.0
tRNA-Val-TAC-3-1	108	358	263.40350877192986	0.0
tRNA-Met-CAT-5-1	197	1844	262.8531746031745	0.0
tRNA-Ala-TGC-6-1	103	704	251.14569597069584	0.0
tRNA-Pro-TGG-2-1	317	1297	245.87898913951597	0.0
tRNA-Thr-TGT-1-1	88	414	238.85	0.0
tRNA-Pro-TGG-3-5	677	3762	236.90785050862453	0.0
tRNA-Pro-TGG-3-3	677	3762	236.90785050862453	0.0
tRNA-Pro-TGG-3-4	677	3762	236.90785050862453	0.0
tRNA-Pro-TGG-3-1	677	3762	236.90785050862453	0.0
tRNA-Pro-TGG-3-2	677	3762	236.90785050862453	0.0
tRNA-Gly-TCC-3-1	217	1038	236.7916666666667	0.0
tRNA-Ala-AGC-2-1	137	1054	233.02942612942627	0.0
tRNA-Ala-AGC-2-2	137	1054	233.02942612942627	0.0
tRNA-Cys-GCA-6-1	199	810	227.62179550334704	0.0
tRNA-Gly-CCC-chr1-16	237	2470	226.86545728616667	0.0
tRNA-Gly-CCC-chr1-19	237	2470	226.86545728616667	0.0
tRNA-Leu-TAA-1-1	97	257	224.95119047619048	0.0
tRNA-Ala-AGC-3-1	121	1027	221.6960927960929	0.0
tRNA-Pro-CGG-2-1	595	3394	220.40588972431058	0.0
tRNA-Gln-TTG-4-1	139	650	215.6755494505493	0.0
tRNA-Pro-CGG-1-1	636	3571	215.30785050862457	0.0
tRNA-Pro-CGG-1-2	636	3571	215.30785050862457	0.0
tRNA-Pro-CGG-1-3	636	3571	215.30785050862457	0.0
tRNA-Thr-TGT-4-1	150	738	209.16666666666666	0.0
tRNA-Cys-GCA-5-1	111	293	203.64150161422984	0.0
tRNA-Tyr-GTA-chr1-127	236	607	199.90000000000052	0.0
tRNA-Tyr-GTA-chr21-2	236	607	199.90000000000052	0.0
tRNA-Tyr-GTA-chr14-8	231	601	197.40000000000052	0.0
tRNA-Gly-CCC-5-1	151	1963	197.27393302095822	0.0
tRNA-Pro-TGG-1-1	186	812	192.41223647353672	0.0
tRNA-Gly-CCC-4-1	156	1561	190.36538528214732	0.0
tRNA-Pro-AGG-2-4	606	3493	190.12451717529134	0.0
tRNA-Pro-AGG-2-3	606	3493	190.12451717529134	0.0
tRNA-Pro-AGG-2-6	606	3493	190.12451717529134	0.0
tRNA-Pro-AGG-2-5	606	3493	190.12451717529134	0.0
tRNA-Pro-AGG-2-8	606	3493	190.12451717529134	0.0
tRNA-Pro-AGG-2-7	606	3493	190.12451717529134	0.0
tRNA-Pro-AGG-2-1	606	3493	190.12451717529134	0.0
tRNA-Pro-AGG-2-2	606	3493	190.12451717529134	0.0
tRNA-Thr-TGT-5-1	135	672	183.66666666666666	0.0
tRNA-Gly-TCC-2-6	297	1299	176.3630952380952	0.0
tRNA-Gly-TCC-2-5	297	1299	176.3630952380952	0.0
tRNA-Gly-TCC-2-4	297	1299	176.3630952380952	0.0
tRNA-Gly-TCC-2-3	297	1299	176.3630952380952	0.0
tRNA-Gly-TCC-2-2	297	1299	176.3630952380952	0.0
tRNA-Gly-TCC-2-1	297	1299	176.3630952380952	0.0
tRNA-Gly-CCC-3-1	111	1152	172.7954633911728	0.0
tRNA-Thr-TGT-3-1	103	612	161.83333333333331	0.0
tRNA-Thr-TGT-2-1	98	604	155.5	0.0
tRNA-Asp-GTC-1-1	125	227	154.89487179487182	0.0
tRNA-Leu-CAG-2-2	201	1294	150.73194444444474	0.0
tRNA-Leu-CAG-2-1	201	1294	150.73194444444474	0.0
tRNA-Cys-GCA-4-1	237	1031	150.34049249263242	0.0
tRNA-Leu-TAG-3-1	95	194	149.00000000000003	0.0
tRNA-Cys-GCA-2-3	233	1023	146.85609078323083	0.0
tRNA-Cys-GCA-2-4	233	1023	146.85609078323083	0.0
tRNA-Cys-GCA-2-1	233	1023	146.85609078323083	0.0
tRNA-Cys-GCA-2-2	233	1023	146.85609078323083	0.0
tRNA-Thr-CGT-4-1	49	152	146.5	0.0
tRNA-Arg-CCG-2-1	83	153	145.60000000000002	0.0
tRNA-Ala-TGC-1-1	95	700	139.8294261294262	0.0
tRNA-Gly-GCC-4-1	181	1361	138.42146793265226	0.0
tRNA-iMet-CAT-1-8	241	1229	133.89722222222247	0.0
tRNA-iMet-CAT-1-7	241	1229	133.89722222222247	0.0
tRNA-iMet-CAT-1-6	241	1229	133.89722222222247	0.0
tRNA-iMet-CAT-1-5	241	1229	133.89722222222247	0.0
tRNA-iMet-CAT-1-4	241	1229	133.89722222222247	0.0
tRNA-iMet-CAT-1-3	241	1229	133.89722222222247	0.0
tRNA-iMet-CAT-1-2	241	1229	133.89722222222247	0.0
tRNA-iMet-CAT-1-1	241	1229	133.89722222222247	0.0
tRNA-Leu-CAG-1-7	196	1147	129.35694444444476	0.0
tRNA-Leu-CAG-1-6	196	1147	129.35694444444476	0.0
tRNA-Leu-CAG-1-5	196	1147	129.35694444444476	0.0
tRNA-Leu-CAG-1-4	196	1147	129.35694444444476	0.0
tRNA-Leu-CAG-1-3	196	1147	129.35694444444476	0.0
tRNA-Leu-CAG-1-2	196	1147	129.35694444444476	0.0
tRNA-Leu-CAG-1-1	196	1147	129.35694444444476	0.0
tRNA-Val-AAC-5-1	199	1933	128.89521598112935	0.0
tRNA-Arg-TCT-1-1	127	245	128.30000000000004	0.0
tRNA-Cys-GCA-chr5-2	162	848	124.82413551627558	0.0
tRNA-Asp-GTC-2-4	459	1409	120.4006993006995	0.0
tRNA-Asp-GTC-2-3	459	1409	120.4006993006995	0.0
tRNA-Asp-GTC-2-2	459	1409	120.4006993006995	0.0
tRNA-Asp-GTC-2-1	459	1409	120.4006993006995	0.0
tRNA-Asp-GTC-2-9	459	1409	120.4006993006995	0.0
tRNA-Asp-GTC-2-8	459	1409	120.4006993006995	0.0
tRNA-Asp-GTC-2-7	459	1409	120.4006993006995	0.0
tRNA-Asp-GTC-2-6	459	1409	120.4006993006995	0.0
tRNA-Asp-GTC-2-5	459	1409	120.4006993006995	0.0
tRNA-Asp-GTC-2-10	459	1409	120.4006993006995	0.0
tRNA-Asp-GTC-2-11	459	1409	120.4006993006995	0.0
tRNA-iMet-CAT-2-1	225	1111	120.02222222222247	0.0
tRNA-Ala-CGC-3-1	80	593	119.834126984127	0.0
tRNA-Ala-AGC-4-1	94	484	119.11150793650795	0.0
tRNA-Val-CAC-7-1	91	1200	105.6612917096664	0.0
tRNA-Leu-CAA-2-1	137	535	100.68750000000006	0.0
tRNA-Arg-TCT-2-1	150	288	100.63333333333337	0.0
tRNA-Arg-TCT-3-2	167	322	99.13333333333338	0.0
tRNA-Lys-CTT-chr15-5	132	421	95.75000000000001	0.0
tRNA-Tyr-GTA-1-1	77	180	95.63761238761238	0.0
tRNA-Ser-GCT-3-1	141	409	93.32932330827076	0.0
tRNA-Leu-CAA-3-1	133	525	92.35416666666671	0.0
tRNA-Arg-TCT-3-1	161	309	92.13333333333335	0.0
tRNA-Gln-CTG-6-1	155	808	84.70308025308042	0.0
tRNA-Thr-AGT-3-1	72	252	82.02777777777779	0.0
tRNA-Ala-AGC-6-1	46	88	81.5	0.0
tRNA-Arg-ACG-2-3	127	539	81.44642857142857	0.0
tRNA-Arg-ACG-2-2	127	539	81.44642857142857	0.0
tRNA-Arg-ACG-2-4	127	539	81.44642857142857	0.0
tRNA-Arg-ACG-2-1	127	539	81.44642857142857	0.0
tRNA-Arg-ACG-1-3	114	515	76.94642857142857	0.0
tRNA-Arg-ACG-1-1	114	515	76.94642857142857	0.0
tRNA-Arg-ACG-1-2	114	515	76.94642857142857	0.0
tRNA-SeC-TCA-1-1	33	80	75.5	0.0
tRNA-Lys-CTT-5-1	160	420	74.38234543234553	0.0
tRNA-Ile-TAT-2-1	43	216	73.71666666666665	0.0
tRNA-Tyr-GTA-5-1	104	278	71.13172105672105	0.0
tRNA-Lys-TTT-8-1	176	605	69.28286713286721	0.0
tRNA-Ser-GCT-4-3	156	422	64.4483709273184	0.0
tRNA-Ser-GCT-4-2	156	422	64.4483709273184	0.0
tRNA-Ser-GCT-4-1	156	422	64.4483709273184	0.0
tRNA-Ile-TAT-1-1	33	200	63.716666666666654	0.0
tRNA-Cys-GCA-1-1	141	423	62.88861479516658	0.0
tRNA-Ser-GCT-5-1	138	393	62.21503759398507	0.0
tRNA-Tyr-GTA-5-5	90	268	61.13172105672103	0.0
tRNA-Ile-TAT-3-1	28	187	60.466666666666654	0.0
tRNA-Gln-CTG-4-2	130	753	59.97242757242769	0.0
tRNA-Gln-CTG-4-1	130	753	59.97242757242769	0.0
tRNA-Gln-CTG-3-1	129	753	59.305760905761026	0.0
tRNA-Gln-CTG-3-2	129	753	59.305760905761026	0.0
tRNA-Thr-TGT-6-1	57	139	58.83333333333334	0.0
tRNA-Thr-CGT-3-1	75	257	58.21111111111111	0.0
tRNA-Leu-TAG-1-1	105	350	57.261616161616246	0.0
tRNA-Gly-TCC-4-1	59	172	57.095238095238145	0.0
tRNA-Arg-TCG-1-1	49	85	56.441666666666656	0.0
tRNA-Asp-GTC-5-1	136	484	55.74835164835172	0.0
tRNA-Ser-GCT-2-1	134	359	55.68170426065171	0.0
tRNA-Leu-AAG-2-1	140	445	53.34653679653691	0.0
tRNA-Leu-AAG-2-3	140	445	53.34653679653691	0.0
tRNA-Leu-AAG-2-2	140	445	53.34653679653691	0.0
tRNA-Leu-AAG-2-4	140	445	53.34653679653691	0.0
tRNA-Ser-GCT-1-1	132	356	52.68170426065171	0.0
tRNA-Tyr-GTA-2-1	91	252	52.3876123876124	0.0
tRNA-Arg-TCT-5-1	111	231	51.3	0.0
tRNA-Asn-GTT-2-1	172	505	51.16756390455249	0.0
tRNA-Asn-GTT-2-2	172	505	51.16756390455249	0.0
tRNA-Asn-GTT-2-3	172	505	51.16756390455249	0.0
tRNA-Asn-GTT-2-4	172	505	51.16756390455249	0.0
tRNA-Asn-GTT-2-5	172	505	51.16756390455249	0.0
tRNA-Asn-GTT-2-6	172	505	51.16756390455249	0.0
tRNA-Asn-GTT-3-1	141	463	49.40469156447425	0.0
tRNA-Asn-GTT-3-2	141	463	49.40469156447425	0.0
tRNA-Lys-CTT-16-1	81	253	49.36111111111108	0.0
tRNA-Trp-CCA-2-1	34	51	49.33333333333333	0.0
tRNA-Ser-TGA-2-1	117	411	49.20906023800764	0.0
tRNA-Arg-CCG-1-3	82	186	48.89642857142856	0.0
tRNA-Arg-CCG-1-2	82	186	48.89642857142856	0.0
tRNA-Arg-CCG-1-1	82	186	48.89642857142856	0.0
tRNA-Tyr-GTA-8-1	44	109	47.97094572094572	0.0
tRNA-Asn-GTT-1-1	130	434	47.898119460108035	0.0
tRNA-Thr-CGT-1-1	71	250	47.74999999999999	0.0
tRNA-Leu-AAG-3-1	123	404	47.72987012987023	0.0
tRNA-Gln-CTG-7-1	63	623	47.542124542124576	0.0
tRNA-Gln-CTG-chr19-4	59	611	46.51327838827842	0.0
tRNA-Tyr-GTA-5-4	83	253	46.13172105672106	0.0
tRNA-Val-CAC-6-1	150	492	45.24397759103645	0.0
tRNA-Ser-AGA-1-1	123	415	44.95906023800763	0.0
tRNA-Ala-TGC-5-1	81	419	44.71990231990238	0.0
tRNA-Leu-AAG-1-3	110	370	43.03939393939403	0.0
tRNA-Leu-AAG-1-1	110	370	43.03939393939403	0.0
tRNA-Leu-AAG-1-2	110	370	43.03939393939403	0.0
tRNA-Asp-GTC-3-1	181	429	41.90036630036631	0.0
tRNA-Lys-TTT-14-1	110	411	41.1808968808969	0.0
tRNA-Ala-TGC-7-1	78	415	40.719902319902346	0.0
tRNA-Thr-CGT-6-1	20	389	40.70000000000001	0.0
tRNA-Asn-GTT-6-1	105	406	40.5545431692491	0.0
tRNA-Ala-AGC-5-1	89	426	39.896092796092844	0.0
tRNA-Arg-TCG-3-1	80	164	39.6797619047619	0.0
tRNA-Tyr-GTA-5-2	77	246	39.13172105672105	0.0
tRNA-Ala-AGC-7-1	90	425	39.0627594627595	0.0
tRNA-Ala-CGC-4-1	86	419	38.896092796092844	0.0
tRNA-Cys-GCA-9-4	197	473	38.65274257914729	0.0
tRNA-Cys-GCA-9-2	197	473	38.65274257914729	0.0
tRNA-Cys-GCA-9-3	197	473	38.65274257914729	0.0
tRNA-Cys-GCA-9-1	197	473	38.65274257914729	0.0
tRNA-Lys-CTT-chr7-30	118	313	38.580397380397386	0.0
tRNA-Cys-GCA-10-1	196	467	38.15274257914729	0.0
tRNA-Tyr-GTA-5-3	76	245	38.131721056721055	0.0
tRNA-Ser-TGA-1-1	31	46	37.6254329004329	0.0
tRNA-Cys-GCA-8-1	198	477	37.47510077650547	0.0
tRNA-Ser-AGA-4-1	89	361	37.41328671328672	0.0
tRNA-Ser-TGA-4-1	82	308	36.463605692553045	0.0
tRNA-Thr-CGT-2-1	24	41	35.5	0.0
tRNA-Leu-TAA-3-1	44	65	35.475	0.0
tRNA-Val-AAC-6-1	59	381	35.35164835164836	0.0
tRNA-Cys-GCA-14-1	171	419	34.97676744317216	0.0
tRNA-Cys-GCA-13-1	176	415	34.90167420307891	0.0
tRNA-Ser-AGA-3-1	92	365	34.21209054103791	0.0
tRNA-Ala-AGC-11-1	25	53	34.0	0.0
tRNA-Ser-AGA-2-6	110	384	33.69282647177385	0.0
tRNA-Ser-AGA-2-1	110	384	33.69282647177385	0.0
tRNA-Ser-AGA-2-3	110	384	33.69282647177385	0.0
tRNA-Ser-AGA-2-2	110	384	33.69282647177385	0.0
tRNA-Ser-AGA-2-5	110	384	33.69282647177385	0.0
tRNA-Ser-AGA-2-4	110	384	33.69282647177385	0.0
tRNA-Glu-TTC-6-1	55	132	33.62460317460318	0.0
tRNA-Cys-GCA-19-1	161	400	32.52221586448264	0.0
tRNA-Cys-GCA-15-1	166	406	31.903340869745573	0.0
tRNA-Ser-TGA-3-1	96	367	31.776159805107167	0.0
tRNA-Gly-CCC-7-1	47	100	31.54444444444443	0.0
tRNA-Thr-AGT-1-1	86	243	31.072222222222212	0.0
tRNA-Thr-AGT-1-3	86	243	31.072222222222212	0.0
tRNA-Thr-AGT-1-2	86	243	31.072222222222212	0.0
tRNA-Cys-ACA-1-1	59	184	30.860410830999058	0.0
tRNA-Ser-ACT-1-1	47	70	30.745454545454546	0.0
tRNA-Ala-TGC-8-1	55	376	30.351648351648347	0.0
tRNA-Trp-CCA-4-1	36	103	30.26666666666666	0.0
tRNA-Leu-AAG-4-1	47	108	30.05916305916305	0.0
tRNA-Lys-TTT-11-1	71	165	29.898199023199012	0.0
tRNA-Cys-GCA-17-1	138	337	27.922323978140426	0.0
tRNA-Tyr-GTA-3-1	50	76	27.637612387612386	0.0
tRNA-Und-NNN-3-1	48	156	26.911782661782645	0.0
tRNA-Thr-AGT-2-2	55	201	26.57222222222222	0.0
tRNA-Thr-AGT-2-1	55	201	26.57222222222222	0.0
tRNA-Thr-AGT-6-1	53	198	26.322222222222223	0.0
tRNA-Phe-GAA-1-6	128	196	26.144913419913426	0.0
tRNA-Phe-GAA-1-1	128	196	26.144913419913426	0.0
tRNA-Phe-GAA-1-2	128	196	26.144913419913426	0.0
tRNA-Phe-GAA-1-3	128	196	26.144913419913426	0.0
tRNA-Phe-GAA-1-4	128	196	26.144913419913426	0.0
tRNA-Phe-GAA-1-5	128	196	26.144913419913426	0.0
tRNA-Phe-GAA-3-1	63	92	25.184595959595963	0.0
tRNA-Val-TAC-4-1	46	145	24.75816993464052	0.0
tRNA-Ile-AAT-5-5	99	283	24.413203463203462	0.0
tRNA-Ile-AAT-5-4	99	283	24.413203463203462	0.0
tRNA-Ile-AAT-5-3	99	283	24.413203463203462	0.0
tRNA-Ile-AAT-5-2	99	283	24.413203463203462	0.0
tRNA-Ile-AAT-5-1	99	283	24.413203463203462	0.0
tRNA-Trp-CCA-1-1	29	89	24.13333333333333	0.0
tRNA-Thr-AGT-5-1	63	187	23.822222222222226	0.0
tRNA-Leu-TAG-2-1	59	109	23.76320346320346	0.0
tRNA-Ile-AAT-2-1	87	244	23.424314574314575	0.0
tRNA-Ile-AAT-3-1	72	218	23.07431457431458	0.0
tRNA-Phe-GAA-2-1	83	140	22.90681818181819	0.0
tRNA-Ile-AAT-8-1	74	243	22.715728715728712	0.0
tRNA-Cys-GCA-22-1	118	283	22.643336299152732	0.0
tRNA-Cys-GCA-20-1	118	283	22.643336299152732	0.0
tRNA-Arg-TCG-5-1	48	70	22.06309523809524	0.0
tRNA-Lys-CTT-10-1	63	103	21.956926815015045	0.0
tRNA-Ile-AAT-7-2	78	256	21.71572871572872	0.0
tRNA-Ile-AAT-7-1	78	256	21.71572871572872	0.0
tRNA-Lys-TTT-9-1	22	34	21.63015873015873	0.0
tRNA-Arg-TCG-2-1	49	65	20.896428571428572	0.0
tRNA-Trp-CCA-3-2	34	100	20.83333333333333	0.0
tRNA-Trp-CCA-3-1	34	100	20.83333333333333	0.0
tRNA-Trp-CCA-3-3	34	100	20.83333333333333	0.0
tRNA-Ile-AAT-4-1	72	223	20.748556998557	0.0
tRNA-Ala-AGC-8-1	24	47	20.5	0.0
tRNA-Ala-AGC-8-2	24	47	20.5	0.0
tRNA-Ser-CGA-4-1	15	23	20.101190476190474	0.0
tRNA-Cys-GCA-chr11-21	112	267	19.557881753698194	0.0
tRNA-Thr-AGT-4-1	39	151	19.322222222222226	0.0
tRNA-Sup-TTA-1-1	45	90	18.67378454878454	0.0
tRNA-Cys-GCA-7-1	59	162	17.490521222072942	0.0
tRNA-Ile-TAT-2-2	27	48	17.05	0.0
tRNA-Cys-GCA-18-1	63	126	16.192847898664326	0.0
tRNA-Ile-AAT-1-1	75	177	16.093434343434343	0.0
nmt-tRNA-Val-TAC-1-1	9	16	16.0	0.0
tRNA-Tyr-GTA-4-1	34	74	15.431721056721058	0.0
tRNA-Leu-TAA-2-1	29	46	15.28452380952381	0.0
tRNA-Pro-AGG-3-1	44	300	15.260275689223054	0.0
tRNA-Arg-TCG-4-1	46	63	15.063095238095233	0.0
tRNA-Tyr-GTA-6-1	35	69	14.181721056721058	0.0
tRNA-Lys-CTT-8-1	44	86	13.72397602397602	0.0
tRNA-Glu-CTC-3-1	33	89	13.526262626262625	0.0
tRNA-Lys-CTT-9-1	14	34	12.833333333333334	0.0
tRNA-Lys-TTT-15-1	9	29	12.5	0.0
tRNA-Ser-GCT-6-1	66	87	12.170532099479466	0.0
tRNA-Ile-TAT-2-3	26	43	12.05	0.0
tRNA-Leu-TAA-4-1	26	40	11.975	0.0
tRNA-Asn-GTT-8-1	15	21	11.753623188405797	0.0
tRNA-Ala-AGC-15-1	8	26	11.5	0.0
tRNA-Gly-GCC-6-1	15	35	11.083333333333332	0.0
tRNA-Phe-GAA-5-1	61	84	9.964357864357858	0.0
tRNA-Ile-GAT-1-1	18	102	9.823809523809524	0.0
tRNA-Ile-GAT-1-3	18	102	9.823809523809524	0.0
tRNA-Ile-GAT-1-2	18	102	9.823809523809524	0.0
tRNA-Asn-GTT-7-1	24	28	9.466508981214862	0.0
tRNA-Thr-CGT-chr1-118	24	58	9.333333333333337	0.0
tRNA-Glu-TTC-5-1	9	10	9.142857142857142	0.0
tRNA-Lys-CTT-chr16-1	39	86	7.42044067044067	0.0
tRNA-Ile-AAT-6-1	34	53	7.364141414141412	0.0
tRNA-Tyr-GTA-7-1	22	53	7.340811965811965	0.0
tRNA-Ser-CGA-3-1	8	10	7.309523809523809	0.0
tRNA-Und-NNN-4-1	25	56	7.099999999999998	0.0
tRNA-Asp-ATC-chr6-103	18	48	6.950396825396824	0.0
tRNA-Cys-GCA-11-1	43	89	6.763233640373599	0.0
tRNA-Lys-CTT-12-1	37	79	6.732128982128981	0.0
tRNA-Cys-GCA-3-1	33	60	6.525641025641025	0.0
tRNA-Lys-CTT-14-1	31	67	6.481118881118881	0.0
tRNA-Cys-GCA-12-1	22	42	6.355747776564205	0.0
tRNA-Cys-GCA-25-1	31	62	6.269761904761905	0.0
tRNA-Phe-GAA-4-1	18	36	6.045707070707071	0.0
tRNA-Glu-TTC-7-1	14	44	5.9818181818181815	0.0
tRNA-Asn-GTT-10-1	11	15	5.753623188405797	0.0
tRNA-Asn-GTT-4-1	44	56	5.588595650584139	0.0
tRNA-SeC-TCA-2-1	8	10	5.5	0.0
tRNA-Tyr-GTA-chr10-3	12	27	5.4	0.0
tRNA-Tyr-GTA-chr9-10	12	27	5.4	0.0
tRNA-Asp-GTC-4-1	25	67	5.0487179487179485	0.0
nmt-tRNA-Leu-TAA-1-1	2	5	5.0	0.0
tRNA-Phe-GAA-6-1	35	47	4.9179292929292915	0.0
tRNA-Cys-GCA-21-1	33	65	4.9076929392446615	0.0
tRNA-Cys-GCA-23-1	33	65	4.9076929392446615	0.0
tRNA-Lys-TTT-10-1	15	37	4.881623931623932	0.0
tRNA-Ser-CGA-1-1	16	19	4.80573593073593	0.0
tRNA-Phe-GAA-10-1	6	12	4.791666666666667	0.0
tRNA-Cys-GCA-24-1	32	63	4.426466885604816	0.0
tRNA-Asn-GTT-5-1	42	50	4.315751827740318	0.0
tRNA-Leu-AAG-6-1	4	7	4.281818181818182	0.0
tRNA-Arg-TCG-6-1	14	25	4.166666666666666	0.0
tRNA-Ala-AGC-19-1	4	4	4.0	0.0
tRNA-Gln-CTG-12-1	8	10	3.697893772893773	0.0
tRNA-Cys-GCA-16-1	14	25	3.317948717948718	0.0
tRNA-Glu-CTC-5-1	4	4	3.1	0.0
tRNA-Asn-GTT-9-2	29	40	3.0046407166292073	0.0
tRNA-Asn-GTT-9-1	29	40	3.0046407166292073	0.0
tRNA-Leu-CAG-chr9-3	7	8	2.826923076923077	0.0
tRNA-Ser-AGA-5-1	4	11	2.753846153846154	0.0
tRNA-Gln-CTG-8-2	5	6	2.611111111111111	0.0
tRNA-Gln-CTG-8-1	5	6	2.611111111111111	0.0
tRNA-Ala-CGC-5-1	3	3	2.5	0.0
tRNA-Lys-TTT-13-1	7	8	2.2085561497326203	0.0
tRNA-Gln-CTG-9-1	5	16	2.040909090909091	0.0
tRNA-Ser-CGA-2-1	7	8	2.0254329004329	0.0
tRNA-Ala-AGC-20-1	1	4	2.0	0.0
tRNA-Arg-TCT-4-1	3	3	2.0	0.0
tRNA-Trp-CCA-5-1	5	9	1.7666666666666666	0.0
tRNA-Asn-GTT-12-1	6	7	1.753623188405797	0.0
tRNA-Val-CAC-10-1	4	4	1.6388888888888888	0.0
tRNA-Leu-CAA-6-1	4	4	1.1875	0.0
tRNA-Tyr-GTA-10-1	2	3	1.1538461538461537	0.0
tRNA-Thr-CGT-5-1	1	1	1.0	0.0
tRNA-Tyr-ATA-1-1	1	1	1.0	0.0
tRNA-Met-CAT-7-1	1	1	1.0	0.0
tRNA-Ala-AGC-23-1	1	1	1.0	0.0
tRNA-Ser-AGA-chr11-8	1	1	1.0	0.0
tRNA-Phe-GAA-8-1	1	1	1.0	0.0
tRNA-Lys-CTT-15-1	1	1	1.0	0.0
tRNA-Gln-TTG-6-1	1	1	1.0	0.0
tRNA-Asn-GTT-13-1	11	14	0.918024132730015	0.0
tRNA-Asn-GTT-18-1	11	14	0.918024132730015	0.0
tRNA-Asn-GTT-15-1	10	13	0.8831756478815304	0.0
tRNA-Ile-AAT-9-1	6	9	0.8575757575757575	0.0
tRNA-Asn-ATT-1-2	4	4	0.6702898550724637	0.0
tRNA-Asn-ATT-1-1	4	4	0.6702898550724637	0.0
tRNA-Asn-GTT-21-1	8	10	0.6039215686274509	0.0
tRNA-Asn-GTT-16-1	7	8	0.5855676328502415	0.0
tRNA-Asn-GTT-16-2	7	8	0.5855676328502415	0.0
tRNA-Asn-GTT-16-3	7	8	0.5855676328502415	0.0
tRNA-Asn-GTT-16-4	7	8	0.5855676328502415	0.0
tRNA-Asn-GTT-16-5	7	8	0.5855676328502415	0.0
tRNA-Ala-AGC-22-1	2	3	0.5	0.0
tRNA-Tyr-GTA-chr7-6	2	2	0.5	0.0
tRNA-Tyr-GTA-chr7-1	2	2	0.5	0.0
nmt-tRNA-Gln-TTG-7-1	1	1	0.5	0.0
tRNA-Val-TAC-chr17-24	1	1	0.5	0.0
tRNA-Undet-NNN-chr2-20	2	2	0.5	0.0
nmt-tRNA-Gln-TTG-9-1	1	1	0.5	0.0
tRNA-Leu-CAA-5-1	1	1	0.5	0.0
tRNA-Ala-AGC-9-1	2	3	0.5	0.0
tRNA-Ala-AGC-9-2	2	3	0.5	0.0
tRNA-Undet-NNN-chr2-8	2	2	0.5	0.0
tRNA-Lys-TTT-chr3-2	4	5	0.456060606060606	0.0
tRNA-Leu-AAG-5-1	3	3	0.375	0.0
tRNA-Leu-CAG-chr9-7	4	4	0.3125	0.0
tRNA-Tyr-GTA-11-1	3	3	0.3111111111111111	0.0
tRNA-Tyr-GTA-9-1	3	3	0.29914529914529914	0.0
tRNA-Val-CAC-11-1	1	1	0.25	0.0
tRNA-Val-CAC-11-2	1	1	0.25	0.0
tRNA-Glu-TTC-11-1	1	1	0.125	0.0
tRNA-Ala-AGC-10-1	1	1	0.125	0.0
tRNA-Ala-AGC-12-3	1	1	0.125	0.0
tRNA-Ala-AGC-12-1	1	1	0.125	0.0
tRNA-Ala-AGC-12-2	1	1	0.125	0.0
tRNA-Ala-AGC-13-2	1	1	0.125	0.0
tRNA-Ala-AGC-13-1	1	1	0.125	0.0
tRNA-Ala-AGC-16-1	1	1	0.125	0.0
tRNA-Ala-AGC-17-1	1	1	0.125	0.0
tRNA-Phe-GAA-7-1	1	1	0.1111111111111111	0.0
tRNA-iMet-CAT-3-1	1	1	0.1	0.0
tRNA-Lys-TTT-12-1	1	1	0.1	0.0
tRNA-Ile-AAT-10-1	1	1	0.09090909090909091	0.0
