ReferenceID	uniqueReadCount	totalReadCount	multimapAdjustedReadCount	multimapAdjustedBarcodeCount
tRNA-Glu-CTC-1-7	2118	114863	14328.273926073933	0.0
tRNA-Glu-CTC-1-6	2118	114863	14328.273926073933	0.0
tRNA-Glu-CTC-1-5	2118	114863	14328.273926073933	0.0
tRNA-Glu-CTC-1-4	2118	114863	14328.273926073933	0.0
tRNA-Glu-CTC-1-3	2118	114863	14328.273926073933	0.0
tRNA-Glu-CTC-1-2	2118	114863	14328.273926073933	0.0
tRNA-Glu-CTC-1-1	2118	114863	14328.273926073933	0.0
tRNA-Glu-CTC-2-1	2052	114604	14300.124864024872	0.0
tRNA-Gly-GCC-1-5	1464	59772	10628.258477060714	0.0
tRNA-Gly-GCC-1-3	1464	59772	10628.258477060714	0.0
tRNA-Gly-GCC-1-4	1464	59772	10628.258477060714	0.0
tRNA-Gly-GCC-1-1	1464	59772	10628.258477060714	0.0
tRNA-Gly-GCC-1-2	1464	59772	10628.258477060714	0.0
tRNA-His-GTG-1-4	1614	58391	6459.900000000114	0.0
tRNA-His-GTG-1-5	1614	58391	6459.900000000114	0.0
tRNA-His-GTG-1-2	1614	58391	6459.900000000114	0.0
tRNA-His-GTG-1-3	1614	58391	6459.900000000114	0.0
tRNA-His-GTG-1-1	1614	58391	6459.900000000114	0.0
tRNA-His-GTG-1-9	1614	58391	6459.900000000114	0.0
tRNA-His-GTG-1-8	1614	58391	6459.900000000114	0.0
tRNA-His-GTG-1-7	1614	58391	6459.900000000114	0.0
tRNA-His-GTG-1-6	1614	58391	6459.900000000114	0.0
tRNA-Gly-CCC-1-2	1331	61035	6025.324261276491	0.0
tRNA-Gly-CCC-1-1	1331	61035	6025.324261276491	0.0
tRNA-Gly-GCC-2-1	1425	62092	5820.55949271171	0.0
tRNA-Gly-GCC-2-5	1425	62092	5820.55949271171	0.0
tRNA-Gly-GCC-2-4	1425	62092	5820.55949271171	0.0
tRNA-Gly-GCC-2-3	1425	62092	5820.55949271171	0.0
tRNA-Gly-GCC-2-2	1425	62092	5820.55949271171	0.0
tRNA-Gly-GCC-2-6	1425	62092	5820.55949271171	0.0
tRNA-Gly-GCC-3-1	1423	62090	5820.391660543877	0.0
tRNA-Gly-GCC-5-1	1323	61816	5785.002832705058	0.0
tRNA-Glu-TTC-2-2	490	3708	1689.75	0.0
tRNA-Glu-TTC-2-1	490	3708	1689.75	0.0
tRNA-Glu-TTC-4-1	477	4637	985.8699578199593	0.0
tRNA-Glu-TTC-4-2	477	4637	985.8699578199593	0.0
tRNA-Glu-TTC-3-1	412	4382	957.8053113553127	0.0
tRNA-Glu-TTC-8-1	405	4369	956.1386446886461	0.0
tRNA-His-GTG-2-1	195	3114	846.900000000001	0.0
tRNA-Glu-TTC-1-2	257	1644	657.75	0.0
tRNA-Glu-TTC-1-1	257	1644	657.75	0.0
tRNA-Val-CAC-8-1	446	8109	558.8710936107742	0.0
tRNA-Val-AAC-2-1	51	513	485.9335317460317	0.0
tRNA-Val-CAC-2-1	84	489	472.13308823529417	0.0
tRNA-Glu-TTC-9-1	416	7906	442.894903134585	0.0
tRNA-Gly-CCC-6-1	403	7815	441.7704471983643	0.0
tRNA-Lys-CTT-2-1	284	1985	326.77550545859395	0.0
tRNA-Lys-CTT-2-3	284	1985	326.77550545859395	0.0
tRNA-Lys-CTT-2-2	284	1985	326.77550545859395	0.0
tRNA-Lys-CTT-2-5	284	1985	326.77550545859395	0.0
tRNA-Lys-CTT-2-4	284	1985	326.77550545859395	0.0
tRNA-Lys-CTT-4-1	161	824	277.77402319902313	0.0
tRNA-Lys-CTT-1-1	173	844	262.850396825397	0.0
tRNA-Lys-CTT-1-2	173	844	262.850396825397	0.0
tRNA-Gly-CCC-chr1-16	177	4337	218.38114059853194	0.0
tRNA-Gly-CCC-chr1-19	177	4337	218.38114059853194	0.0
tRNA-Glu-TTC-10-1	154	1065	206.45531135531112	0.0
tRNA-Lys-CTT-3-1	139	1193	197.07709276018088	0.0
tRNA-Val-AAC-3-1	157	2267	147.4110521401543	0.0
tRNA-Val-CAC-1-5	165	2284	146.6043061084083	0.0
tRNA-Val-CAC-1-4	165	2284	146.6043061084083	0.0
tRNA-Val-CAC-1-6	165	2284	146.6043061084083	0.0
tRNA-Val-CAC-1-1	165	2284	146.6043061084083	0.0
tRNA-Val-CAC-1-3	165	2284	146.6043061084083	0.0
tRNA-Val-CAC-1-2	165	2284	146.6043061084083	0.0
tRNA-Val-CAC-5-1	163	2280	146.2900203941226	0.0
tRNA-Val-CAC-4-1	161	2279	146.24716325126542	0.0
tRNA-Val-AAC-1-1	159	2269	144.7681949972972	0.0
tRNA-Val-AAC-1-2	159	2269	144.7681949972972	0.0
tRNA-Val-AAC-1-3	159	2269	144.7681949972972	0.0
tRNA-Val-AAC-1-4	159	2269	144.7681949972972	0.0
tRNA-Val-AAC-1-5	159	2269	144.7681949972972	0.0
tRNA-Val-AAC-4-1	159	2269	144.7681949972972	0.0
tRNA-Pro-TGG-2-1	49	152	113.07280701754388	0.0
tRNA-Leu-CAA-4-1	30	92	82.42142857142856	0.0
tRNA-Lys-CTT-7-1	101	570	78.0871965452848	0.0
tRNA-Lys-CTT-11-1	99	566	74.94433940242766	0.0
tRNA-Cys-GCA-6-1	83	488	70.84661727161728	0.0
tRNA-Lys-TTT-3-4	99	468	68.11901472710298	0.0
tRNA-Lys-TTT-3-5	99	468	68.11901472710298	0.0
tRNA-Lys-TTT-3-2	99	468	68.11901472710298	0.0
tRNA-Lys-TTT-3-3	99	468	68.11901472710298	0.0
tRNA-Lys-TTT-3-1	99	468	68.11901472710298	0.0
tRNA-Lys-TTT-5-1	88	454	65.53719654528479	0.0
tRNA-Gly-CCC-3-1	39	121	64.25582702321836	0.0
tRNA-Gly-CCC-5-1	82	1220	63.542482765137315	0.0
tRNA-Val-TAC-1-1	47	161	57.10526315789474	0.0
tRNA-Val-TAC-1-2	47	161	57.10526315789474	0.0
tRNA-Val-TAC-2-1	44	144	53.5	0.0
tRNA-Ala-CGC-3-1	35	363	53.34722222222223	0.0
tRNA-Gly-CCC-4-1	77	650	50.816827134218464	0.0
tRNA-Val-AAC-5-1	50	841	50.75681544547644	0.0
tRNA-Gly-CCC-7-1	40	149	50.322222222222216	0.0
tRNA-Gln-CTG-2-1	110	388	49.549196636696635	0.0
tRNA-Asp-GTC-1-1	35	56	49.5448717948718	0.0
tRNA-Val-CAC-3-1	25	66	47.22132352941176	0.0
tRNA-Val-CAC-7-1	26	730	46.69076797385622	0.0
tRNA-Ala-TGC-2-1	36	363	46.013888888888914	0.0
tRNA-Ala-TGC-3-2	34	361	45.34722222222224	0.0
tRNA-Ala-TGC-3-1	34	361	45.34722222222224	0.0
tRNA-Ala-AGC-4-1	30	355	45.34722222222223	0.0
tRNA-Ala-CGC-1-1	35	360	45.013888888888914	0.0
tRNA-Ala-CGC-2-1	33	358	44.34722222222224	0.0
tRNA-Ala-TGC-4-1	30	354	44.34722222222223	0.0
tRNA-Gln-CTG-5-1	98	363	44.04322344322345	0.0
tRNA-Gln-CTG-1-4	117	402	42.7158633033633	0.0
tRNA-Gln-CTG-1-3	117	402	42.7158633033633	0.0
tRNA-Gln-CTG-1-5	117	402	42.7158633033633	0.0
tRNA-Gln-CTG-1-1	117	402	42.7158633033633	0.0
tRNA-Gln-CTG-1-2	117	402	42.7158633033633	0.0
tRNA-Lys-CTT-6-1	74	168	41.114285714285714	0.0
tRNA-Gly-GCC-4-1	68	286	40.727113894877064	0.0
tRNA-Cys-GCA-4-1	61	302	38.56468808968811	0.0
tRNA-Cys-GCA-2-3	61	302	38.56468808968811	0.0
tRNA-Cys-GCA-2-4	61	302	38.56468808968811	0.0
tRNA-Cys-GCA-2-1	61	302	38.56468808968811	0.0
tRNA-Cys-GCA-2-2	61	302	38.56468808968811	0.0
tRNA-Asp-GTC-2-4	130	419	35.57517482517482	0.0
tRNA-Asp-GTC-2-3	130	419	35.57517482517482	0.0
tRNA-Asp-GTC-2-2	130	419	35.57517482517482	0.0
tRNA-Asp-GTC-2-1	130	419	35.57517482517482	0.0
tRNA-Asp-GTC-2-9	130	419	35.57517482517482	0.0
tRNA-Asp-GTC-2-8	130	419	35.57517482517482	0.0
tRNA-Asp-GTC-2-7	130	419	35.57517482517482	0.0
tRNA-Asp-GTC-2-6	130	419	35.57517482517482	0.0
tRNA-Asp-GTC-2-5	130	419	35.57517482517482	0.0
tRNA-Asp-GTC-2-10	130	419	35.57517482517482	0.0
tRNA-Asp-GTC-2-11	130	419	35.57517482517482	0.0
tRNA-Gln-TTG-2-1	56	250	31.638461538461527	0.0
tRNA-Lys-TTT-4-1	53	240	30.676157584245814	0.0
tRNA-Cys-GCA-chr5-2	49	243	30.35674603174603	0.0
tRNA-Lys-TTT-6-1	50	236	29.604729012817245	0.0
tRNA-Cys-GCA-1-1	44	212	29.56664724164724	0.0
tRNA-Gly-CCC-2-2	37	59	29.5	0.0
tRNA-Gly-CCC-2-1	37	59	29.5	0.0
tRNA-Pro-TGG-1-1	28	60	27.67748538011696	0.0
tRNA-Glu-CTC-3-1	28	203	26.803030303030297	0.0
tRNA-Gln-TTG-1-1	52	246	26.388461538461527	0.0
tRNA-Gln-TTG-3-1	52	246	26.388461538461527	0.0
tRNA-Gln-TTG-3-2	52	246	26.388461538461527	0.0
tRNA-Gln-TTG-3-3	52	246	26.388461538461527	0.0
tRNA-Ala-TGC-6-1	41	277	26.29780219780219	0.0
tRNA-Arg-CCT-4-1	30	60	25.09999999999999	0.0
tRNA-Cys-GCA-5-1	18	37	24.49701768819416	0.0
tRNA-Ala-AGC-2-1	42	287	23.67442557442557	0.0
tRNA-Ala-AGC-2-2	42	287	23.67442557442557	0.0
tRNA-Ala-AGC-3-1	42	287	23.67442557442557	0.0
tRNA-Und-NNN-3-1	26	121	23.46984126984126	0.0
tRNA-Ala-CGC-4-1	40	283	22.74109224109224	0.0
tRNA-Ala-AGC-7-1	40	283	22.74109224109224	0.0
tRNA-Ala-AGC-5-1	40	283	22.74109224109224	0.0
tRNA-Ala-TGC-1-1	37	272	21.55537795537795	0.0
tRNA-Glu-TTC-6-1	28	100	21.169841269841267	0.0
tRNA-Ala-TGC-5-1	34	267	20.288711288711283	0.0
tRNA-Ala-TGC-7-1	34	267	20.288711288711283	0.0
tRNA-Val-AAC-6-1	34	267	20.288711288711283	0.0
tRNA-Ala-TGC-8-1	34	267	20.288711288711283	0.0
tRNA-Arg-CCT-3-1	28	55	20.099999999999998	0.0
tRNA-Asp-GTC-3-1	87	224	18.666666666666668	0.0
tRNA-Ala-AGC-6-1	9	18	18.0	0.0
tRNA-Cys-ACA-1-1	27	145	16.338888888888885	0.0
tRNA-Trp-CCA-2-1	5	16	16.0	0.0
tRNA-Und-NNN-4-1	30	128	15.988888888888885	0.0
tRNA-iMet-CAT-1-8	23	152	15.497222222222218	0.0
tRNA-iMet-CAT-1-7	23	152	15.497222222222218	0.0
tRNA-iMet-CAT-1-6	23	152	15.497222222222218	0.0
tRNA-iMet-CAT-1-5	23	152	15.497222222222218	0.0
tRNA-iMet-CAT-1-4	23	152	15.497222222222218	0.0
tRNA-iMet-CAT-1-3	23	152	15.497222222222218	0.0
tRNA-iMet-CAT-1-2	23	152	15.497222222222218	0.0
tRNA-iMet-CAT-1-1	23	152	15.497222222222218	0.0
tRNA-Ser-GCT-3-1	17	71	14.699999999999998	0.0
tRNA-iMet-CAT-2-1	21	145	14.622222222222218	0.0
tRNA-Thr-CGT-6-1	13	134	13.399999999999999	0.0
tRNA-Leu-TAA-1-1	9	16	13.25	0.0
tRNA-Cys-GCA-8-1	56	144	11.757662598839065	0.0
tRNA-Cys-GCA-14-1	55	143	11.719201060377527	0.0
tRNA-Cys-GCA-15-1	55	143	11.666753507929974	0.0
tRNA-Cys-GCA-13-1	55	143	11.666753507929974	0.0
tRNA-Cys-GCA-9-4	55	143	11.666753507929974	0.0
tRNA-Cys-GCA-9-2	55	143	11.666753507929974	0.0
tRNA-Cys-GCA-9-3	55	143	11.666753507929974	0.0
tRNA-Cys-GCA-9-1	55	143	11.666753507929974	0.0
tRNA-Cys-GCA-10-1	55	143	11.666753507929974	0.0
tRNA-Cys-GCA-19-1	53	141	11.517180858357325	0.0
tRNA-Pro-TGG-3-5	61	177	10.514327485380113	0.0
tRNA-Pro-TGG-3-3	61	177	10.514327485380113	0.0
tRNA-Pro-TGG-3-4	61	177	10.514327485380113	0.0
tRNA-Pro-TGG-3-1	61	177	10.514327485380113	0.0
tRNA-Pro-TGG-3-2	61	177	10.514327485380113	0.0
tRNA-Cys-GCA-17-1	38	82	10.48035102152749	0.0
tRNA-Ser-GCT-2-1	13	65	10.14285714285714	0.0
tRNA-Arg-CCT-1-1	24	41	9.933333333333334	0.0
tRNA-Arg-CCT-2-1	24	41	9.933333333333334	0.0
tRNA-Pro-CGG-1-1	58	172	9.93099415204678	0.0
tRNA-Pro-CGG-1-2	58	172	9.93099415204678	0.0
tRNA-Pro-CGG-1-3	58	172	9.93099415204678	0.0
tRNA-Ser-GCT-4-3	15	67	9.84285714285714	0.0
tRNA-Ser-GCT-4-2	15	67	9.84285714285714	0.0
tRNA-Ser-GCT-4-1	15	67	9.84285714285714	0.0
tRNA-Pro-CGG-2-1	55	169	9.770175438596487	0.0
tRNA-Ala-AGC-1-1	11	62	9.503968253968255	0.0
tRNA-Ser-GCT-5-1	12	64	9.199999999999998	0.0
tRNA-Ser-TGA-2-1	15	99	9.181818181818182	0.0
tRNA-Pro-AGG-1-1	56	169	9.18099415204678	0.0
tRNA-Pro-AGG-2-4	56	169	9.18099415204678	0.0
tRNA-Pro-AGG-2-3	56	169	9.18099415204678	0.0
tRNA-Pro-AGG-2-6	56	169	9.18099415204678	0.0
tRNA-Pro-AGG-2-5	56	169	9.18099415204678	0.0
tRNA-Pro-AGG-2-8	56	169	9.18099415204678	0.0
tRNA-Pro-AGG-2-7	56	169	9.18099415204678	0.0
tRNA-Pro-AGG-2-1	56	169	9.18099415204678	0.0
tRNA-Pro-AGG-2-2	56	169	9.18099415204678	0.0
tRNA-Ser-GCT-1-1	12	64	9.14285714285714	0.0
tRNA-Ser-AGA-1-1	14	98	8.84848484848485	0.0
tRNA-Gly-GCC-6-1	12	17	8.666666666666668	0.0
tRNA-Ser-TGA-4-1	13	96	8.5	0.0
tRNA-Gln-CTG-6-1	20	65	8.415497002997002	0.0
tRNA-Asp-GTC-5-1	23	101	8.384615384615383	0.0
tRNA-Ser-TGA-3-1	13	97	8.348484848484848	0.0
tRNA-Leu-TAG-2-1	7	10	8.242857142857144	0.0
tRNA-Ser-AGA-2-6	12	96	8.015151515151516	0.0
tRNA-Ser-AGA-2-1	12	96	8.015151515151516	0.0
tRNA-Ser-AGA-2-3	12	96	8.015151515151516	0.0
tRNA-Ser-AGA-2-2	12	96	8.015151515151516	0.0
tRNA-Ser-AGA-2-5	12	96	8.015151515151516	0.0
tRNA-Ser-AGA-2-4	12	96	8.015151515151516	0.0
tRNA-Ser-AGA-4-1	12	96	8.015151515151516	0.0
tRNA-Ser-AGA-3-1	12	96	8.015151515151516	0.0
tRNA-Lys-CTT-chr15-5	17	31	7.8999999999999995	0.0
tRNA-Asp-ATC-chr6-103	9	56	7.7896825396825395	0.0
tRNA-Gly-TCC-1-1	10	19	7.583333333333333	0.0
tRNA-SeC-TCA-1-1	4	7	7.0	0.0
tRNA-Arg-CCT-5-1	19	34	6.9333333333333345	0.0
tRNA-Leu-CAA-1-2	16	21	6.921428571428573	0.0
tRNA-Leu-TAG-3-1	6	9	6.722222222222222	0.0
tRNA-Val-TAC-4-1	12	32	6.66625816993464	0.0
tRNA-Arg-TCT-5-1	9	15	6.2	0.0
tRNA-Leu-CAA-1-1	15	20	5.921428571428572	0.0
tRNA-Cys-GCA-chr11-21	36	82	5.800863842040311	0.0
tRNA-Val-TAC-3-1	5	8	5.605263157894737	0.0
tRNA-Gln-TTG-4-1	11	37	5.538461538461539	0.0
tRNA-Cys-GCA-22-1	34	75	5.209954751131221	0.0
tRNA-Cys-GCA-20-1	34	75	5.209954751131221	0.0
tRNA-Arg-CCG-2-1	4	5	5.0	0.0
tRNA-Trp-CCA-4-1	3	5	5.0	0.0
tRNA-Gln-CTG-4-2	20	62	4.748830336330336	0.0
tRNA-Gln-CTG-4-1	20	62	4.748830336330336	0.0
tRNA-Arg-TCT-3-1	10	16	4.7	0.0
tRNA-Arg-TCT-3-2	10	16	4.7	0.0
tRNA-Gln-CTG-7-1	19	61	4.657921245421245	0.0
tRNA-Gln-CTG-3-1	19	61	4.415497002997003	0.0
tRNA-Gln-CTG-3-2	19	61	4.415497002997003	0.0
tRNA-Gln-CTG-chr19-4	17	59	4.241254578754579	0.0
tRNA-Lys-CTT-10-1	5	7	4.206442577030812	0.0
tRNA-Arg-TCT-1-1	8	13	4.2	0.0
tRNA-Arg-TCT-2-1	8	13	4.2	0.0
tRNA-Gln-CTG-12-1	2	6	4.133333333333334	0.0
tRNA-Lys-CTT-16-1	6	13	4.125	0.0
tRNA-Lys-TTT-12-1	2	4	4.0	0.0
tRNA-Leu-AAG-2-1	11	29	3.65952380952381	0.0
tRNA-Leu-AAG-2-3	11	29	3.65952380952381	0.0
tRNA-Leu-AAG-2-2	11	29	3.65952380952381	0.0
tRNA-Leu-AAG-2-4	11	29	3.65952380952381	0.0
tRNA-Met-CAT-3-2	12	13	3.6428571428571423	0.0
tRNA-Met-CAT-3-1	12	13	3.6428571428571423	0.0
tRNA-Glu-CTC-5-1	6	8	3.5555555555555554	0.0
tRNA-Val-CAC-6-1	10	18	3.432516339869281	0.0
tRNA-Lys-CTT-5-1	14	21	3.409340659340659	0.0
tRNA-Lys-TTT-2-1	8	12	3.3008658008658003	0.0
tRNA-Lys-TTT-1-1	8	12	3.3008658008658003	0.0
tRNA-Tyr-GTA-2-1	10	15	3.2857142857142856	0.0
tRNA-Thr-TGT-2-1	2	4	3.25	0.0
tRNA-Ala-AGC-11-1	3	4	3.25	0.0
tRNA-Lys-CTT-9-1	3	3	3.0	0.0
tRNA-Met-CAT-6-1	4	5	3.0	0.0
tRNA-Lys-TTT-11-1	2	3	3.0	0.0
tRNA-Tyr-GTA-3-1	7	12	2.785714285714286	0.0
tRNA-Tyr-GTA-1-1	7	12	2.785714285714286	0.0
tRNA-Phe-GAA-10-1	3	8	2.7727272727272725	0.0
tRNA-Leu-AAG-1-3	7	25	2.766666666666667	0.0
tRNA-Leu-AAG-1-1	7	25	2.766666666666667	0.0
tRNA-Leu-AAG-1-2	7	25	2.766666666666667	0.0
tRNA-Leu-TAG-1-1	7	25	2.766666666666667	0.0
tRNA-Thr-CGT-4-1	3	6	2.75	0.0
tRNA-Leu-AAG-3-1	7	24	2.687301587301588	0.0
tRNA-Gly-TCC-2-6	12	20	2.6785714285714284	0.0
tRNA-Gly-TCC-2-5	12	20	2.6785714285714284	0.0
tRNA-Gly-TCC-2-4	12	20	2.6785714285714284	0.0
tRNA-Gly-TCC-2-3	12	20	2.6785714285714284	0.0
tRNA-Gly-TCC-2-2	12	20	2.6785714285714284	0.0
tRNA-Gly-TCC-2-1	12	20	2.6785714285714284	0.0
tRNA-Leu-CAG-2-2	13	24	2.5992063492063493	0.0
tRNA-Leu-CAG-2-1	13	24	2.5992063492063493	0.0
tRNA-Ala-AGC-8-1	3	5	2.5	0.0
tRNA-Ala-AGC-8-2	3	5	2.5	0.0
tRNA-Leu-CAG-1-7	12	23	2.4563492063492065	0.0
tRNA-Leu-CAG-1-6	12	23	2.4563492063492065	0.0
tRNA-Leu-CAG-1-5	12	23	2.4563492063492065	0.0
tRNA-Leu-CAG-1-4	12	23	2.4563492063492065	0.0
tRNA-Leu-CAG-1-3	12	23	2.4563492063492065	0.0
tRNA-Leu-CAG-1-2	12	23	2.4563492063492065	0.0
tRNA-Leu-CAG-1-1	12	23	2.4563492063492065	0.0
tRNA-Tyr-GTA-8-1	6	11	2.4523809523809526	0.0
tRNA-Lys-CTT-chr7-30	13	19	2.4093406593406597	0.0
tRNA-Ile-AAT-6-1	8	13	2.26025641025641	0.0
tRNA-Ile-AAT-2-1	8	13	2.26025641025641	0.0
tRNA-Arg-ACG-2-3	10	13	2.1785714285714284	0.0
tRNA-Arg-ACG-2-2	10	13	2.1785714285714284	0.0
tRNA-Arg-ACG-2-4	10	13	2.1785714285714284	0.0
tRNA-Arg-ACG-2-1	10	13	2.1785714285714284	0.0
tRNA-Cys-GCA-18-1	15	18	2.136465740142211	0.0
tRNA-Arg-ACG-1-3	8	12	2.095238095238095	0.0
tRNA-Arg-ACG-1-1	8	12	2.095238095238095	0.0
tRNA-Arg-ACG-1-2	8	12	2.095238095238095	0.0
tRNA-Thr-TGT-4-1	5	6	2.083333333333333	0.0
tRNA-Met-CAT-1-1	3	4	2.0	0.0
tRNA-Cys-GCA-chr12-14	2	2	2.0	0.0
tRNA-Phe-GAA-8-1	2	2	2.0	0.0
tRNA-Thr-AGT-3-1	1	2	2.0	0.0
tRNA-Asn-GTT-8-1	1	2	2.0	0.0
tRNA-Ile-AAT-3-1	7	9	1.9935897435897434	0.0
tRNA-Asn-GTT-2-1	14	17	1.9194444444444445	0.0
tRNA-Asn-GTT-2-2	14	17	1.9194444444444445	0.0
tRNA-Asn-GTT-2-3	14	17	1.9194444444444445	0.0
tRNA-Asn-GTT-2-4	14	17	1.9194444444444445	0.0
tRNA-Asn-GTT-2-5	14	17	1.9194444444444445	0.0
tRNA-Asn-GTT-2-6	14	17	1.9194444444444445	0.0
tRNA-Cys-GCA-7-1	8	10	1.884926184926185	0.0
tRNA-Asn-GTT-3-1	13	16	1.7944444444444445	0.0
tRNA-Asn-GTT-3-2	13	16	1.7944444444444445	0.0
tRNA-Glu-TTC-7-1	5	9	1.7363636363636363	0.0
tRNA-Asn-GTT-6-1	5	7	1.625	0.0
tRNA-Ala-AGC-22-1	2	5	1.5833333333333333	0.0
tRNA-Gly-TCC-3-1	6	13	1.5833333333333333	0.0
tRNA-Ala-AGC-13-2	2	5	1.5833333333333333	0.0
tRNA-Ala-AGC-13-1	2	5	1.5833333333333333	0.0
tRNA-Thr-TGT-5-1	4	5	1.5833333333333333	0.0
tRNA-Cys-GCA-12-1	7	10	1.5551470588235294	0.0
tRNA-Tyr-GTA-5-5	10	11	1.4444444444444446	0.0
tRNA-Tyr-GTA-5-4	10	11	1.4444444444444446	0.0
tRNA-Tyr-GTA-5-3	10	11	1.4444444444444446	0.0
tRNA-Tyr-GTA-5-2	10	11	1.4444444444444446	0.0
tRNA-Tyr-GTA-5-1	10	11	1.4444444444444446	0.0
tRNA-Leu-CAA-3-1	9	11	1.4214285714285715	0.0
tRNA-Leu-CAA-2-1	9	11	1.4214285714285715	0.0
tRNA-Cys-GCA-3-1	7	12	1.344551282051282	0.0
tRNA-Cys-GCA-16-1	7	12	1.344551282051282	0.0
tRNA-Sup-TTA-1-1	1	4	1.3333333333333333	0.0
tRNA-Leu-TAA-3-1	2	4	1.25	0.0
tRNA-Thr-TGT-6-1	3	3	1.1666666666666665	0.0
tRNA-Met-CAT-5-1	7	8	1.1428571428571428	0.0
tRNA-Met-CAT-4-3	7	8	1.1428571428571428	0.0
tRNA-Met-CAT-4-1	7	8	1.1428571428571428	0.0
tRNA-Met-CAT-4-2	7	8	1.1428571428571428	0.0
tRNA-Met-CAT-2-1	7	8	1.1428571428571428	0.0
tRNA-Tyr-ATA-1-1	1	1	1.0	0.0
tRNA-Glu-TTC-5-1	1	1	1.0	0.0
tRNA-Ser-TGA-1-1	1	1	1.0	0.0
tRNA-Thr-CGT-2-1	1	2	1.0	0.0
tRNA-Lys-CTT-15-1	1	1	1.0	0.0
tRNA-Tyr-GTA-4-1	7	8	0.9444444444444444	0.0
tRNA-Tyr-GTA-7-1	7	8	0.9444444444444444	0.0
tRNA-Tyr-GTA-6-1	7	8	0.9444444444444444	0.0
tRNA-Lys-CTT-8-1	6	10	0.9252136752136753	0.0
tRNA-Thr-TGT-3-1	2	3	0.9166666666666666	0.0
tRNA-Ile-TAT-1-1	3	3	0.9166666666666665	0.0
tRNA-Ile-TAT-2-1	3	3	0.9166666666666665	0.0
tRNA-Val-CAC-11-1	2	2	0.8333333333333333	0.0
tRNA-Val-CAC-11-2	2	2	0.8333333333333333	0.0
tRNA-Gly-TCC-4-1	3	6	0.7619047619047619	0.0
tRNA-Arg-TCG-3-1	3	3	0.75	0.0
tRNA-Leu-TAA-2-1	1	3	0.75	0.0
tRNA-Arg-CCG-1-3	3	3	0.75	0.0
tRNA-Arg-CCG-1-2	3	3	0.75	0.0
tRNA-Arg-CCG-1-1	3	3	0.75	0.0
tRNA-Lys-CTT-12-1	4	8	0.7474358974358974	0.0
tRNA-Lys-CTT-chr16-1	4	8	0.7474358974358974	0.0
tRNA-Ile-AAT-5-5	6	9	0.7047008547008548	0.0
tRNA-Ile-AAT-5-4	6	9	0.7047008547008548	0.0
tRNA-Ile-AAT-5-3	6	9	0.7047008547008548	0.0
tRNA-Ile-AAT-5-2	6	9	0.7047008547008548	0.0
tRNA-Ile-AAT-5-1	6	9	0.7047008547008548	0.0
tRNA-Ile-AAT-1-1	6	9	0.7047008547008548	0.0
tRNA-Ile-TAT-3-1	2	2	0.6666666666666666	0.0
tRNA-Leu-AAG-4-1	2	2	0.6428571428571428	0.0
tRNA-Asn-GTT-1-1	4	6	0.625	0.0
tRNA-Ile-AAT-7-2	5	8	0.6213675213675214	0.0
tRNA-Ile-AAT-7-1	5	8	0.6213675213675214	0.0
tRNA-Lys-TTT-7-1	2	3	0.6190476190476191	0.0
tRNA-Gln-CTG-8-2	2	2	0.5625	0.0
tRNA-Gln-CTG-8-1	2	2	0.5625	0.0
tRNA-Asn-GTT-5-1	5	5	0.5444444444444444	0.0
tRNA-Ala-AGC-20-1	1	1	0.5	0.0
tRNA-Ala-CGC-5-1	1	1	0.5	0.0
tRNA-Lys-TTT-13-1	1	1	0.5	0.0
tRNA-Pro-AGG-3-1	6	10	0.4859649122807017	0.0
tRNA-Phe-GAA-1-6	3	3	0.4583333333333333	0.0
tRNA-Phe-GAA-1-1	3	3	0.4583333333333333	0.0
tRNA-Phe-GAA-1-2	3	3	0.4583333333333333	0.0
tRNA-Phe-GAA-1-3	3	3	0.4583333333333333	0.0
tRNA-Phe-GAA-1-4	3	3	0.4583333333333333	0.0
tRNA-Phe-GAA-1-5	3	3	0.4583333333333333	0.0
tRNA-Tyr-GTA-9-1	4	4	0.4444444444444444	0.0
tRNA-Ile-AAT-4-1	3	6	0.4269230769230769	0.0
tRNA-Ile-AAT-8-1	4	4	0.35470085470085466	0.0
tRNA-Ser-ACT-1-1	2	5	0.35	0.0
tRNA-Tyr-GTA-chr14-8	1	1	0.3333333333333333	0.0
tRNA-Tyr-GTA-chr1-127	1	1	0.3333333333333333	0.0
tRNA-Tyr-GTA-chr21-2	1	1	0.3333333333333333	0.0
tRNA-Lys-CTT-14-1	2	4	0.3141025641025641	0.0
tRNA-Ser-GCT-6-1	2	2	0.2857142857142857	0.0
tRNA-Ile-GAT-1-1	1	4	0.26666666666666666	0.0
tRNA-Ile-GAT-1-3	1	4	0.26666666666666666	0.0
tRNA-Ile-GAT-1-2	1	4	0.26666666666666666	0.0
tRNA-Ile-TAT-2-3	1	1	0.25	0.0
tRNA-Ile-TAT-2-2	1	1	0.25	0.0
tRNA-Leu-CAG-chr9-7	3	4	0.25	0.0
tRNA-Leu-CAA-6-1	3	4	0.25	0.0
tRNA-Trp-CCA-5-1	1	1	0.2	0.0
tRNA-Trp-CCA-3-2	1	1	0.2	0.0
tRNA-Trp-CCA-3-1	1	1	0.2	0.0
tRNA-Trp-CCA-3-3	1	1	0.2	0.0
tRNA-Trp-CCA-1-1	1	1	0.2	0.0
tRNA-Lys-TTT-8-1	2	2	0.18181818181818182	0.0
tRNA-Lys-TTT-14-1	2	2	0.18181818181818182	0.0
tRNA-Gln-CTG-9-1	1	2	0.13333333333333333	0.0
tRNA-Cys-GCA-11-1	2	2	0.12937062937062938	0.0
tRNA-Phe-GAA-2-1	1	1	0.125	0.0
tRNA-Phe-GAA-5-1	1	1	0.125	0.0
tRNA-Asn-GTT-4-1	1	1	0.1	0.0
tRNA-Ile-AAT-9-1	1	1	0.08333333333333333	0.0
tRNA-Asp-GTC-4-1	1	1	0.07692307692307693	0.0
tRNA-Gln-CTG-10-1	1	1	0.0625	0.0
tRNA-Cys-GCA-21-1	1	1	0.038461538461538464	0.0
tRNA-Cys-GCA-23-1	1	1	0.038461538461538464	0.0
tRNA-Cys-GCA-24-1	1	1	0.038461538461538464	0.0
tRNA-Cys-GCA-25-1	1	1	0.038461538461538464	0.0
