GeneSymbol	uniqueReadCount	totalReadCount	multimapAdjustedReadCount	multimapAdjustedBarcodeCount
LUZP2	8	208	208.0	0.0
CTD-2328D6.1	93	180	179.0909090909091	0.0
AC010970.2	77	159	157.2	0.0
MT-ND5	110	142	125.41666666666667	0.0
KDM3B	7	113	113.0	0.0
RBBP7	5	83	83.0	0.0
MT-ND4	62	85	69.33333333333334	0.0
KSR2	5	49	49.0	0.0
TBC1D8B	112	162	47.048412698412704	0.0
GNPDA1	10	44	43.99999999999999	0.0
RP11-259O2.3	91	139	42.71349206349206	0.0
MT-CO1	50	67	41.583333333333336	0.0
SLC38A6	87	134	40.38015873015873	0.0
MT-RNR2	48	55	40.199999999999996	0.0
MT-CYB	24	42	39.5	0.0
HSPA8P20	14	37	35.833333333333336	0.0
RYK	5	35	35.0	0.0
MT-CO3	26	40	24.833333333333332	0.0
IL16	10	23	22.999999999999996	0.0
PPP2R2A	6	22	22.0	0.0
RP11-87E22.2	5	22	22.0	0.0
KCNQ1OT1	36	43	21.881349206349206	0.0
ESYT1	7	20	20.0	0.0
HIF1AN	7	20	20.0	0.0
RP4-712E4.1	6	39	19.5	0.0
RP4-712E4.2	6	39	19.5	0.0
ABCC4	6	18	18.0	0.0
MTND5P11	26	32	17.0	0.0
RP11-677M14.7	7	17	17.0	0.0
RP11-346D14.1	29	30	16.527380952380952	0.0
hsa-mir-6723.1	27	35	15.583333333333334	0.0
LURAP1L	2	15	15.0	0.0
TOR3A	3	15	15.0	0.0
SMC1A	7	15	14.666666666666668	0.0
MT-CO2	17	23	14.500000000000002	0.0
MT-ND1	10	18	14.5	0.0
AC072062.1	10	15	14.2	0.0
DIAPH2	9	14	14.0	0.0
ZNF859P	2	14	14.0	0.0
MINK1	6	14	14.0	0.0
MT-ND2	16	22	12.25	0.0
PI4K2A	5	12	12.0	0.0
SAFB	7	12	11.900000000000004	0.0
MTND4P12	13	23	11.0	0.0
SH3BGRL	3	11	11.0	0.0
RP5-857K21.11	18	26	10.833333333333334	0.0
MT-RNR1	5	10	10.0	0.0
ABHD2	6	10	10.0	0.0
MT-ATP6	13	17	9.666666666666666	0.0
KIAA1328	14	15	9.642857142857142	0.0
EFCAB11	3	8	9.500000000000002	0.0
WBSCR16	7	7	9.0	0.0
KCNA5	3	9	9.0	0.0
ZNF655	4	9	9.0	0.0
CTD-2540B15.6	1	9	9.0	0.0
CCND3	4	9	9.0	0.0
MYO1F	5	9	9.0	0.0
LRRC28	5	9	9.0	0.0
RP11-501E14.1	8	9	8.5	0.0
MTND2P28	13	18	8.25	0.0
HP	3	8	8.0	0.0
MIPOL1	16	16	7.55515873015873	0.0
PTPRQ	16	21	7.400000000000001	0.0
SEC22C	3	7	7.000000000000002	0.0
DNAJC11	2	7	7.0	0.0
MT-ND6	5	7	7.0	0.0
TTC39B	3	7	7.0	0.0
HOXB7	3	7	7.0	0.0
SHROOM3	3	7	7.0	0.0
RP5-857K21.7	11	15	6.499999999999999	0.0
ATP9B	5	8	6.109523809523809	0.0
CDC37	3	6	6.0	0.0
AC010967.3	4	6	6.0	0.0
HYLS1	3	6	6.0	0.0
IRF9	3	4	6.0	0.0
MT-TL1	4	6	6.0	0.0
ASTN2	5	6	6.0	0.0
TCEB3	3	6	6.0	0.0
ZSWIM3	5	6	6.0	0.0
MT-ND4L	4	6	6.0	0.0
C1orf51	4	6	5.999999999999999	0.0
UGDH-AS1	13	14	5.833333333333333	0.0
DENND1C	3	6	5.666666666666666	0.0
ADAMTSL3	6	9	5.642857142857143	0.0
GGT1	4	9	5.40462962962963	0.0
EHMT1	2	4	5.333333333333333	0.0
CGB7	3	8	5.238095238095237	0.0
CASP8AP2	2	5	5.0	0.0
MT-TP	2	5	5.0	0.0
RNF6P1	2	5	5.0	0.0
RP11-981P6.1	1	5	5.0	0.0
MS4A15	2	5	5.0	0.0
ZNF76	1	5	5.0	0.0
TMEM61	1	5	5.0	0.0
ZBTB43	2	4	5.0	0.0
CABIN1	2	5	5.0	0.0
RAE1	2	5	5.0	0.0
MUC12	4	5	5.0	0.0
ESRG	6	8	5.0	0.0
LARS2	2	5	5.0	0.0
GBP3	4	5	5.0	0.0
FCGR2A	5	5	5.0	0.0
GPR162	2	5	5.0	0.0
DNAJB14	2	5	5.0	0.0
CTD-2583A14.8	2	5	5.0	0.0
IGDCC3	3	5	5.0	0.0
NSUN2	2	5	4.999999999999999	0.0
TP53BP1	4	5	4.999999999999999	0.0
RP11-10B2.1	6	10	4.833333333333333	0.0
RPAP2	9	9	4.795634920634921	0.0
UNC80	4	6	4.5	0.0
OR1N1	4	6	4.5	0.0
LINC00504	7	7	4.386904761904762	0.0
NEDD4	16	16	4.260317460317459	0.0
SOD2	4	5	4.25	0.0
GGTLC1	4	6	4.222222222222222	0.0
AP000354.4	5	7	4.1157407407407405	0.0
MACF1	2	4	4.000000000000001	0.0
HMHA1	1	4	4.000000000000001	0.0
KCNQ4	2	4	4.0	0.0
MT-TA	4	4	4.0	0.0
MT-TE	3	4	4.0	0.0
SLC14A2	1	4	4.0	0.0
RP11-766F14.2	1	4	4.0	0.0
MTATP6P1	7	8	4.0	0.0
PCNX	1	3	4.0	0.0
LINC00263	3	6	4.0	0.0
RP1-140C12.2	2	4	4.0	0.0
ERVW-1	4	4	4.0	0.0
OSER1-AS1	1	4	4.0	0.0
C9orf37	1	4	4.0	0.0
RP11-691G17.1	2	4	4.0	0.0
FGF8	3	4	4.0	0.0
RP11-686D16.1	1	4	4.0	0.0
GABARAPL1	1	4	4.0	0.0
NADK2	1	4	4.0	0.0
ADCY9	2	4	4.0	0.0
TMEM245	4	4	4.0	0.0
RP11-122M14.1	2	4	4.0	0.0
GPR84	1	4	4.0	0.0
MKI67	3	4	4.0	0.0
FAM162A	3	4	4.0	0.0
SVEP1	2	4	4.0	0.0
NFAT5	2	4	4.0	0.0
SLC26A1	2	4	4.0	0.0
JMJD1C	2	4	4.0	0.0
BMPR2	3	4	4.0	0.0
FAM149B1	3	4	4.0	0.0
DNAH10	2	4	4.0	0.0
DAP3	2	4	3.9999999999999996	0.0
DST	1	4	3.999999999999999	0.0
PEAK1	7	7	3.8333333333333335	0.0
MTRNR2L12	11	13	3.6166666666666663	0.0
RP11-545I5.3	17	21	3.5015873015873016	0.0
ZNF396	5	7	3.4166666666666665	0.0
MTRNR2L8	12	13	3.3666666666666667	0.0
TSIX	3	4	3.3333333333333335	0.0
MORC4	16	19	3.2515873015873016	0.0
RP11-142G1.3	10	13	3.2301587301587302	0.0
TRIM22	13	15	3.1333333333333333	0.0
ATG13	3	4	3.111111111111111	0.0
MAB21L3	9	9	3.1011904761904763	0.0
DMPK	2	3	3.000000000000001	0.0
SLC30A3	2	3	3.0000000000000004	0.0
RP11-752L20.5	3	3	3.0	0.0
PSTPIP1	2	3	3.0	0.0
NANOS1	2	3	3.0	0.0
RIMBP2	1	3	3.0	0.0
ZNF720	1	3	3.0	0.0
NFKBIL1	1	3	3.0	0.0
AC005154.6	2	2	3.0	0.0
AP000462.1	1	3	3.0	0.0
RP11-528A4.2	3	3	3.0	0.0
MRPL50	1	3	3.0	0.0
TCEANC2	2	3	3.0	0.0
LYPD3	1	3	3.0	0.0
FER	1	3	3.0	0.0
DOPEY2	2	3	3.0	0.0
RP11-553K23.2	1	3	3.0	0.0
ZNF267	2	3	3.0	0.0
OTUD6A	1	3	3.0	0.0
ZNF296	1	3	3.0	0.0
ZNF250	1	3	3.0	0.0
CCZ1B	1	3	3.0	0.0
IGFBP2	2	3	3.0	0.0
SLC5A6	3	3	3.0	0.0
CTA-398F10.1	1	3	3.0	0.0
TMEM68	1	3	3.0	0.0
ADIPOR2	1	3	3.0	0.0
SVOP	2	3	3.0	0.0
SEPT7	1	3	3.0	0.0
LACE1	1	3	3.0	0.0
CYSLTR1	3	3	3.0	0.0
IL3	1	3	3.0	0.0
SRSF4	1	3	3.0	0.0
ZNF521	1	3	3.0	0.0
RP11-613D13.5	1	3	3.0	0.0
AC007092.1	1	3	3.0	0.0
PIGO	2	3	3.0	0.0
ARHGAP6	2	3	3.0	0.0
DSCAM	1	3	3.0	0.0
NALCN	1	3	3.0	0.0
SET	2	3	3.0	0.0
BDP1	1	3	3.0	0.0
CTD-2366F13.1	2	3	3.0	0.0
CRISP3	1	3	3.0	0.0
CTD-2651B20.4	1	3	3.0	0.0
DCDC2B	1	3	3.0	0.0
YTHDF1P1	1	3	3.0	0.0
MAPT	2	3	3.0	0.0
GLRA3	1	3	3.0	0.0
RP11-1099M24.8	1	3	3.0	0.0
MT-TS1	3	3	3.0	0.0
CDHR3	1	3	3.0	0.0
ARHGAP39	2	3	3.0	0.0
LINC00669	1	3	3.0	0.0
FAM32B	1	3	3.0	0.0
MYBPC3	1	3	3.0	0.0
ZFP41	1	3	3.0	0.0
C4orf36	3	4	3.0	0.0
TKT	2	3	3.0	0.0
SEMA5A	2	3	3.0	0.0
TMX4	1	3	3.0	0.0
AC007365.1	1	3	3.0	0.0
NFRKB	3	3	3.0	0.0
COBLL1	1	3	3.0	0.0
TBCE	2	3	3.0	0.0
CTD-2368P22.1	1	2	3.0	0.0
RP11-298D21.1	1	3	3.0	0.0
NXPE1	1	3	3.0	0.0
OR2R1P	1	3	3.0	0.0
SFMBT2	2	3	3.0	0.0
CCSER2	1	3	3.0	0.0
GDNF-AS1	1	3	3.0	0.0
ZNF792	3	3	3.0	0.0
LPHN1	2	3	3.0	0.0
RORA	2	3	3.0	0.0
ZNF423	2	3	2.9999999999999996	0.0
MEN1	3	3	2.999999999999999	0.0
RP11-703G6.1	11	11	2.9801587301587302	0.0
MT-ATP8	5	8	2.8333333333333335	0.0
RTN3	2	3	2.7272727272727266	0.0
PPIP5K2	3	4	2.6666666666666665	0.0
NTF4	3	8	2.6190476190476186	0.0
ODF2L	4	4	2.583333333333333	0.0
LINC00969	2	5	2.5	0.0
FGF5	2	5	2.5	0.0
RP11-314D7.2	3	3	2.5	0.0
RP11-946L20.4	4	4	2.5	0.0
snoU13.75	2	3	2.5	0.0
SPATS2L	2	3	2.5	0.0
MTND1P23	3	6	2.5	0.0
FAM151B	2	4	2.5	0.0
LRRC37A3	3	5	2.4402597402597404	0.0
ECD	4	4	2.4166666666666665	0.0
RP11-630D6.5	2	3	2.3333333333333335	0.0
CCDC157	3	3	2.3333333333333335	0.0
TMEM212	3	3	2.333333333333333	0.0
MTRNR2L2	8	10	2.283333333333333	0.0
WDPCP	3	9	2.238095238095238	0.0
AC007743.1	14	14	2.23015873015873	0.0
AC159540.1	3	3	2.2	0.0
AL590867.1	13	13	2.1468253968253967	0.0
LRRC37A17P	2	3	2.142857142857143	0.0
BLOC1S6	5	8	2.0547619047619046	0.0
TPTEP1	3	4	2.0210526315789474	0.0
LDB3	2	2	2.0000000000000004	0.0
ABHD11	1	2	2.0000000000000004	0.0
CLIP1	2	2	2.0000000000000004	0.0
MTRR	2	2	2.0000000000000004	0.0
GSDMD	2	2	2.0000000000000004	0.0
SLC17A3	1	2	2.0	0.0
PSMG4	1	2	2.0	0.0
ELFN1	1	2	2.0	0.0
RP11-204N11.2	1	2	2.0	0.0
C19orf67	1	2	2.0	0.0
PPP1R13L	2	2	2.0	0.0
ZNF707	2	2	2.0	0.0
KRIT1	1	2	2.0	0.0
RP11-19N8.4	1	2	2.0	0.0
ELP6	2	2	2.0	0.0
PSMD9	1	2	2.0	0.0
PCGF3	1	2	2.0	0.0
ISX	1	2	2.0	0.0
RP11-50E11.3	1	2	2.0	0.0
UMOD	1	2	2.0	0.0
SRRM2	1	2	2.0	0.0
RPE65	1	2	2.0	0.0
UBQLN4	1	2	2.0	0.0
CRYBB2P1	1	2	2.0	0.0
CTD-2247C11.4	1	2	2.0	0.0
RP11-373N22.3	2	2	2.0	0.0
LINC00575	1	2	2.0	0.0
DNAJC12	1	2	2.0	0.0
ATP1B3P1	1	2	2.0	0.0
DNAJC10	1	2	2.0	0.0
RP11-274B21.10	1	2	2.0	0.0
LAMA1	1	2	2.0	0.0
MIR1302-2	2	2	2.0	0.0
STEAP1B	1	2	2.0	0.0
GCDH	1	2	2.0	0.0
MT-TN	1	2	2.0	0.0
H2AFV	1	2	2.0	0.0
PTPN21	1	2	2.0	0.0
STAR	2	2	2.0	0.0
CYP24A1	1	2	2.0	0.0
HOXB-AS4	1	2	2.0	0.0
NUDT8	1	2	2.0	0.0
CCDC125	2	2	2.0	0.0
TSC22D2	2	2	2.0	0.0
TSC22D1	1	2	2.0	0.0
MT-ND3	3	3	2.0	0.0
RECQL	1	2	2.0	0.0
ANO7	1	2	2.0	0.0
PDE8A	1	2	2.0	0.0
AC108004.2	2	2	2.0	0.0
C1orf35	1	2	2.0	0.0
RP11-540K16.1	2	2	2.0	0.0
LINC00959	2	2	2.0	0.0
DDX47	1	2	2.0	0.0
BOK-AS1	1	2	2.0	0.0
RP11-28H5.2	1	2	2.0	0.0
AFAP1-AS1	1	2	2.0	0.0
LCLAT1	1	2	2.0	0.0
KDM2A	1	1	2.0	0.0
RNLS	1	2	2.0	0.0
ASPH	1	2	2.0	0.0
RP5-998N21.7	2	2	2.0	0.0
RP11-20D14.6	1	2	2.0	0.0
WDR20	1	2	2.0	0.0
AC104024.1	1	2	2.0	0.0
CMTM7	1	2	2.0	0.0
SNORD10	4	4	2.0	0.0
PLEKHG2	1	2	2.0	0.0
PCDHB15	1	2	2.0	0.0
MXD4	1	2	2.0	0.0
DARS2	1	2	2.0	0.0
XYLT1	1	2	2.0	0.0
RP11-218F4.1	1	2	2.0	0.0
ZNF616	2	2	2.0	0.0
GGCX	2	2	2.0	0.0
RP11-734I18.1	1	2	2.0	0.0
WDR91	2	3	2.0	0.0
CCDC136	1	2	2.0	0.0
CDCA2	1	2	2.0	0.0
INTS5	1	2	2.0	0.0
DR1	1	2	2.0	0.0
CCDC73	1	2	2.0	0.0
GEMIN7	2	2	2.0	0.0
CCDC65	1	2	2.0	0.0
CUX1	2	2	2.0	0.0
COMMD2	1	2	2.0	0.0
KLHL17	1	2	2.0	0.0
DGAT1	1	2	2.0	0.0
EYA4	1	1	2.0	0.0
MPV17L	2	2	2.0	0.0
SLAIN2	1	2	2.0	0.0
MT-TL2	2	2	2.0	0.0
CTD-2562J17.7	1	2	2.0	0.0
SNX8	1	2	2.0	0.0
TNFAIP8L3	2	2	2.0	0.0
RP11-461G12.2	1	4	2.0	0.0
TTTY14	1	2	2.0	0.0
ALDH1L2	1	2	2.0	0.0
TATDN2P2	2	2	2.0	0.0
AC005104.3	1	2	2.0	0.0
RRP12	1	2	2.0	0.0
APBA2	1	2	2.0	0.0
RP11-445O3.3	1	2	2.0	0.0
RP11-521O16.2	1	2	2.0	0.0
PLA2G6	1	1	2.0	0.0
KCNIP3	2	2	2.0	0.0
ZBTB37	1	1	2.0	0.0
C12orf50	1	2	2.0	0.0
IFI27	1	2	2.0	0.0
MSTO2P	2	3	2.0	0.0
DMD	1	2	2.0	0.0
PGAM1P2	1	2	2.0	0.0
AC135050.5	1	2	2.0	0.0
PPARGC1A	1	2	2.0	0.0
PICALM	1	2	2.0	0.0
OLR1	1	2	2.0	0.0
RP11-1060J15.4	2	2	2.0	0.0
PP2D1	2	2	2.0	0.0
TMEM194A	2	2	2.0	0.0
SLC35E1	1	2	2.0	0.0
CTD-3116E22.7	1	2	2.0	0.0
PLRG1	1	2	2.0	0.0
PPP4R1L	1	2	2.0	0.0
RAI1	1	2	2.0	0.0
MARK2P9	1	2	2.0	0.0
DNASE1	1	2	2.0	0.0
RP11-301L8.2	1	2	2.0	0.0
AC106801.1	1	2	2.0	0.0
RP11-165F24.3	2	2	2.0	0.0
AC002472.13	1	2	2.0	0.0
AOX3P	1	2	2.0	0.0
SFPQ	1	2	2.0	0.0
RP11-163M18.1	2	2	2.0	0.0
RNF139-AS1	1	2	2.0	0.0
RP11-424M21.1	1	2	2.0	0.0
RP4-701O16.5	1	2	2.0	0.0
GFOD2	1	2	2.0	0.0
MAP1LC3B	1	1	2.0	0.0
RP11-252C15.1	1	2	2.0	0.0
EIF2A	1	2	2.0	0.0
AC046143.3	1	2	2.0	0.0
RAD54L2	1	2	2.0	0.0
GOLGA6L4	1	2	2.0	0.0
VWA3A	1	2	2.0	0.0
SCRIB	1	2	2.0	0.0
CHCHD5	1	2	2.0	0.0
KIAA1522	2	2	2.0	0.0
TOX4	1	2	2.0	0.0
TTI2	2	2	2.0	0.0
LIPE	2	2	2.0	0.0
MYPN	1	2	2.0	0.0
LIPA	1	2	2.0	0.0
RP11-617J18.1	1	2	2.0	0.0
TNFRSF19	2	2	2.0	0.0
ENO2	1	2	2.0	0.0
DROSHA	1	2	2.0	0.0
KPNA5	2	2	2.0	0.0
MKLN1	1	2	2.0	0.0
RP11-12A20.2	1	2	2.0	0.0
ECHDC2	2	2	2.0	0.0
RHOT1	1	2	2.0	0.0
TPM3P2	1	2	2.0	0.0
MEST	1	2	2.0	0.0
GIPC3	1	2	2.0	0.0
TSHZ2	1	2	2.0	0.0
IQCH	1	2	2.0	0.0
NEGR1	2	2	2.0	0.0
PI4K2B	2	2	2.0	0.0
FAM99A	1	4	2.0	0.0
IFT57	1	2	2.0	0.0
HBP1	1	2	2.0	0.0
USP2	1	2	2.0	0.0
RP13-60M5.2	1	2	2.0	0.0
AC092171.4	2	2	2.0	0.0
AP006285.1	1	4	2.0	0.0
SLC15A2	1	2	2.0	0.0
ENY2	1	2	2.0	0.0
RN7SL137P	1	2	2.0	0.0
DEPDC4	2	2	2.0	0.0
RP11-94L15.2	2	2	2.0	0.0
B3GALT5	2	2	2.0	0.0
HRNR	1	2	2.0	0.0
RP11-602M11.4	1	2	2.0	0.0
DCT	2	2	2.0	0.0
MFSD12	1	2	2.0	0.0
ISCA2	1	3	2.0	0.0
C15orf57	1	2	2.0	0.0
KIDINS220	1	2	2.0	0.0
GPR18	2	2	2.0	0.0
RN7SL694P	1	2	2.0	0.0
HEXA	1	2	2.0	0.0
TEFM	1	2	2.0	0.0
SMG1	1	2	2.0	0.0
OVGP1	1	2	2.0	0.0
C15orf62	1	2	2.0	0.0
GPR22	1	2	2.0	0.0
RAC1P1	1	2	2.0	0.0
PANX1	1	2	2.0	0.0
MFAP3	1	2	2.0	0.0
RP11-382J12.1	2	2	2.0	0.0
AGGF1P1	1	2	2.0	0.0
SH2D6	1	2	2.0	0.0
NRCAM	1	2	2.0	0.0
AC016757.3	1	2	2.0	0.0
ZNF862	2	2	2.0	0.0
SELT	1	2	2.0	0.0
CAPN2	1	2	2.0	0.0
KB-1208A12.3	1	2	2.0	0.0
TCEA3	1	2	2.0	0.0
PML	1	2	2.0	0.0
CXXC11	1	2	2.0	0.0
ARHGEF7	1	2	2.0	0.0
PRKX-AS1	1	2	2.0	0.0
RPS4XP22	1	2	2.0	0.0
RPS9	2	2	2.0	0.0
KLF11	2	2	2.0	0.0
PRRC2B	1	2	2.0	0.0
TRAPPC2	1	2	2.0	0.0
BCL2L13	1	2	2.0	0.0
CDHR2	2	2	2.0	0.0
RCOR2	1	2	2.0	0.0
NCF1	1	2	2.0	0.0
OPA3	2	2	2.0	0.0
MAP2K6	1	2	2.0	0.0
RPL10	2	2	2.0	0.0
GOLGA8N	2	2	2.0	0.0
HSD17B7P2	1	2	2.0	0.0
DRD5P1	1	4	2.0	0.0
DRD5P2	1	4	2.0	0.0
TOX	1	2	2.0	0.0
DNAH3	1	2	2.0	0.0
EML4	1	1	2.0	0.0
RP11-229P13.19	1	2	2.0	0.0
LINC00667	1	2	2.0	0.0
CFLAR	1	1	2.0	0.0
PPTC7	1	2	2.0	0.0
CTC-304I17.5	1	2	2.0	0.0
AP001626.2	1	2	2.0	0.0
DTX3L	1	2	2.0	0.0
FOXO6	2	2	2.0	0.0
FAM199X	2	2	2.0	0.0
COG8	2	2	2.0	0.0
TEX2	1	2	2.0	0.0
DLGAP4	2	2	2.0	0.0
RP11-148K1.10	1	2	2.0	0.0
RP11-3B12.3	1	2	2.0	0.0
SCGB3A2	1	2	2.0	0.0
AC068490.1	1	2	2.0	0.0
ZFP36	1	2	2.0	0.0
JAKMIP3	1	2	2.0	0.0
RABEP1	1	2	2.0	0.0
DLX1	1	1	2.0	0.0
CIDEA	1	2	2.0	0.0
RP11-383J24.6	1	2	2.0	0.0
METTL22	1	2	2.0	0.0
AHRR	2	2	2.0	0.0
CAMKV	1	2	2.0	0.0
SFXN1	2	2	2.0	0.0
LINC00691	1	2	2.0	0.0
FBXL3	1	2	2.0	0.0
ANAPC7	1	2	2.0	0.0
RP13-270P17.2	2	2	2.0	0.0
RP11-855O10.2	1	2	2.0	0.0
CAMK4	1	2	2.0	0.0
RP3-523K23.2	2	2	2.0	0.0
PLD1	1	2	2.0	0.0
RP11-753H16.3	1	2	2.0	0.0
RNF115	2	2	2.0	0.0
VPS35	1	2	2.0	0.0
PKDREJ	1	2	2.0	0.0
SDC1	1	2	2.0	0.0
ACADS	1	2	2.0	0.0
FSIP2	2	2	2.0	0.0
KCTD21-AS1	1	1	2.0	0.0
ZNF317	1	2	2.0	0.0
HDAC2	1	2	2.0	0.0
RP11-284J1.1	2	2	2.0	0.0
RP11-87N24.2	1	2	2.0	0.0
IL24	1	2	2.0	0.0
AL163953.3	2	2	2.0	0.0
SNX29P2	2	2	2.0	0.0
TGFB1	1	2	2.0	0.0
ZNF362	2	2	2.0	0.0
PHF14	2	2	2.0	0.0
KIAA1737	1	2	2.0	0.0
MKNK2	2	2	2.0	0.0
ABHD5	1	2	2.0	0.0
EIF4A1	4	4	2.0	0.0
ZC3H7B	1	2	2.0	0.0
U2SURP	1	2	2.0	0.0
HLA-DOA	1	2	2.0	0.0
DCAF6	2	2	2.0	0.0
CTD-2541M15.4	1	2	2.0	0.0
TMEFF2	2	2	2.0	0.0
RP11-46O21.2	2	2	2.0	0.0
NAV2	1	2	1.9999999999999998	0.0
NAV3	1	2	1.9999999999999998	0.0
ZNF30	1	2	1.9999999999999998	0.0
MTND4P24	4	5	1.9999999999999998	0.0
ALG13	1	2	1.9999999999999998	0.0
FAM92A1	2	2	1.9999999999999998	0.0
PIGT	1	2	1.9999999999999998	0.0
MYCBPAP	1	2	1.9999999999999998	0.0
GRIA2	2	2	1.9999999999999998	0.0
NRP2	1	2	1.9999999999999998	0.0
RGMA	2	2	1.9999999999999998	0.0
MICAL3	1	1	1.9999999999999996	0.0
PDPR	1	2	1.9999999999999996	0.0
PTPRT	1	2	1.9999999999999996	0.0
TENC1	1	1	1.9000000000000006	0.0
WARS2-IT1	4	5	1.9	0.0
RP11-352E6.2	5	8	1.8333333333333333	0.0
PER2	2	2	1.8000000000000003	0.0
ZC3HAV1	2	2	1.7999999999999998	0.0
CCPG1	1	2	1.75	0.0
SLC34A2	2	2	1.7499999999999998	0.0
LINC00900	1	2	1.6666666666666665	0.0
TMEM105	1	1	1.6666666666666665	0.0
HSP90AA1	2	2	1.6666666666666665	0.0
MTATP8P2	2	5	1.6666666666666665	0.0
SDCCAG3	1	2	1.6666666666666665	0.0
AP000476.1	2	4	1.6666666666666665	0.0
LRBA	2	2	1.6666666666666665	0.0
AC092415.1	2	3	1.6666666666666665	0.0
FAM228B	3	3	1.6190476190476188	0.0
TRIM26	1	2	1.6	0.0
RP11-321L2.2	3	3	1.5833333333333335	0.0
MTRNR2L10	5	5	1.5833333333333333	0.0
TNK2	2	2	1.5000000000000004	0.0
SUGP2	1	2	1.5	0.0
SPESP1	1	2	1.5	0.0
ATP13A1	1	3	1.5	0.0
RP11-927P21.2	1	3	1.5	0.0
AC009234.1	2	3	1.5	0.0
VCPIP1	2	2	1.5	0.0
ILDR2	2	2	1.5	0.0
PEX26	2	2	1.5	0.0
R3HDM1	2	3	1.5	0.0
DCBLD2	2	2	1.5	0.0
CENPH	1	1	1.5	0.0
RP11-798G7.6	1	3	1.5	0.0
OR11A1	2	3	1.5	0.0
RP11-484O2.1	2	2	1.5	0.0
WT1-AS	2	2	1.5	0.0
CTD-2008P7.9	2	2	1.5	0.0
MXRA5	2	2	1.5	0.0
CTB-151G24.1	2	3	1.5	0.0
HACE1	1	3	1.5	0.0
OR5V1	2	3	1.5	0.0
FAM154B	1	2	1.5	0.0
TFPI	1	1	1.5	0.0
TIMM50	1	2	1.4	0.0
HERC4	2	2	1.3333333333333333	0.0
CACNA1A	2	2	1.3333333333333333	0.0
MICU1	2	2	1.3333333333333333	0.0
TNFSF13	1	2	1.3333333333333333	0.0
NSMCE2	1	2	1.3333333333333333	0.0
FAM86B3P	1	2	1.3333333333333333	0.0
EGLN3	2	2	1.3333333333333333	0.0
MBP	2	2	1.3333333333333333	0.0
RP11-538D16.2	2	2	1.3333333333333333	0.0
RP11-791G16.2	1	2	1.3333333333333333	0.0
KRBA2	1	2	1.3333333333333333	0.0
GPR112	1	2	1.3333333333333333	0.0
HTN1	2	2	1.3333333333333333	0.0
RP11-475J5.6	2	3	1.3333333333333333	0.0
RP11-475J5.4	3	4	1.3333333333333333	0.0
GK3P	1	2	1.3333333333333333	0.0
LRRC29	1	2	1.3333333333333333	0.0
MLXIP	1	1	1.25	0.0
TMEM191A	1	2	1.25	0.0
CACNG8	2	2	1.25	0.0
GGT2	4	9	1.2472222222222222	0.0
HHLA1	2	3	1.2	0.0
RP11-380P13.2	2	3	1.2	0.0
REL	3	3	1.1944444444444444	0.0
NME7	2	2	1.1666666666666667	0.0
CYP3A5	3	3	1.1666666666666665	0.0
MTATP8P1	3	3	1.1666666666666665	0.0
LRRC37A2	3	5	1.1584415584415586	0.0
LRRC37A	3	5	1.1584415584415586	0.0
TBC1D32	1	1	1.1428571428571428	0.0
CDC42	1	2	1.1111111111111112	0.0
DEPDC1B	2	2	1.1111111111111112	0.0
MTRNR2L6	4	5	1.0833333333333333	0.0
RP11-395B7.7	2	2	1.0714285714285714	0.0
MTRNR2L1	3	5	1.0333333333333332	0.0
DNMT3A	1	1	1.0000000000000002	0.0
MON2	1	1	1.0000000000000002	0.0
PPFIA2	1	1	1.0000000000000002	0.0
MELK	1	1	1.0000000000000002	0.0
SLC25A14	1	1	1.0000000000000002	0.0
GNL3	1	1	1.0000000000000002	0.0
CTD-2135J3.3	1	1	1.0	0.0
NTM	1	1	1.0	0.0
MLNR	1	1	1.0	0.0
ACTRT3	1	2	1.0	0.0
ARL17B	1	1	1.0	0.0
STARD13-AS	1	1	1.0	0.0
GPR75-ASB3	1	1	1.0	0.0
ERG	1	1	1.0	0.0
SYNPO	1	1	1.0	0.0
RP11-317N8.5	1	1	1.0	0.0
RASGRP1	1	1	1.0	0.0
RAX2	1	1	1.0	0.0
DDHD1	1	1	1.0	0.0
SBNO2	1	1	1.0	0.0
NAIP	1	1	1.0	0.0
KIAA0895L	1	1	1.0	0.0
CTSO	1	1	1.0	0.0
C10orf76	1	1	1.0	0.0
AC104809.4	1	1	1.0	0.0
MCM5	1	1	1.0	0.0
RAB39A	1	1	1.0	0.0
WBSCR17	1	1	1.0	0.0
RP11-792D21.2	1	1	1.0	0.0
PSMD8	1	1	1.0	0.0
LINC00174	1	1	1.0	0.0
MGLL	1	1	1.0	0.0
PSMD3	1	1	1.0	0.0
KLK11	1	1	1.0	0.0
GALNTL6	1	1	1.0	0.0
AC066593.1	1	1	1.0	0.0
MCM8	1	1	1.0	0.0
CTTN	1	1	1.0	0.0
CPNE2	1	1	1.0	0.0
KCTD16	1	1	1.0	0.0
RP11-411B10.5	1	1	1.0	0.0
MSL1	1	1	1.0	0.0
HEATR2	1	1	1.0	0.0
SUGT1	1	1	1.0	0.0
RNPS1	1	1	1.0	0.0
ENTPD1	1	1	1.0	0.0
ENTPD4	1	1	1.0	0.0
MLIP	1	1	1.0	0.0
PLCH1	1	1	1.0	0.0
CTRC	1	1	1.0	0.0
KCNS2	1	1	1.0	0.0
ELK3	1	1	1.0	0.0
CTSA	1	1	1.0	0.0
SOX5	1	1	1.0	0.0
WNT5B	1	1	1.0	0.0
EFTUD1	1	1	1.0	0.0
PSMA6	1	1	1.0	0.0
RP11-155L15.1	1	1	1.0	0.0
PCDHGA11	1	1	1.0	0.0
AC009502.4	1	1	1.0	0.0
MLKL	1	1	1.0	0.0
TPT1	1	1	1.0	0.0
STARD8	1	3	1.0	0.0
CGGBP1	1	1	1.0	0.0
SRRM5	1	1	1.0	0.0
STARD3	1	1	1.0	0.0
HSD17B1P1	1	1	1.0	0.0
CTC-498M16.2	1	1	1.0	0.0
LINC00987	1	1	1.0	0.0
CTC-340A15.2	1	1	1.0	0.0
KCNV2	1	1	1.0	0.0
ANKRD40	1	1	1.0	0.0
DFNA5	1	1	1.0	0.0
LCN15	1	1	1.0	0.0
STPG1	1	1	1.0	0.0
RBM28	1	1	1.0	0.0
ANKRD37	1	1	1.0	0.0
RP11-703H8.7	1	1	1.0	0.0
FAT1	1	1	1.0	0.0
BEST2	1	1	1.0	0.0
AC009158.1	1	1	1.0	0.0
CTD-2102P23.1	1	1	1.0	0.0
MLF1	1	1	1.0	0.0
CLDN15	1	1	1.0	0.0
YPEL1	1	1	1.0	0.0
TPH2	1	1	1.0	0.0
RP11-23F23.3	1	1	1.0	0.0
DENND3	1	1	1.0	0.0
CTBP2P6	1	1	1.0	0.0
AC019117.1	1	1	1.0	0.0
TRBV6-5	1	1	1.0	0.0
AC005550.3	1	1	1.0	0.0
BAG1	1	1	1.0	0.0
SLAMF6P1	1	1	1.0	0.0
DNAJC18	1	1	1.0	0.0
MTRNR2L4	1	1	1.0	0.0
KIAA0368	1	1	1.0	0.0
SPG7	1	1	1.0	0.0
ANKRD36BP2	1	1	1.0	0.0
ATAD2B	1	1	1.0	0.0
RAD54B	1	1	1.0	0.0
ABCG5	1	1	1.0	0.0
LAMA4	1	1	1.0	0.0
GGT6	1	1	1.0	0.0
TULP4	1	1	1.0	0.0
LAMA2	1	1	1.0	0.0
AC104654.1	1	1	1.0	0.0
SUB1	1	1	1.0	0.0
KANSL1	1	1	1.0	0.0
RP11-474J18.1	4	4	1.0	0.0
AGBL3	1	1	1.0	0.0
RP11-428K3.1	1	1	1.0	0.0
C14orf105	1	1	1.0	0.0
AL592528.1	1	1	1.0	0.0
MT-TV	1	1	1.0	0.0
SLC32A1	1	1	1.0	0.0
CHEK1	1	1	1.0	0.0
LPPR5	1	1	1.0	0.0
RP11-844P9.2	1	1	1.0	0.0
MPST	1	1	1.0	0.0
LAMC2	1	1	1.0	0.0
PGM1	1	1	1.0	0.0
TBRG1	1	1	1.0	0.0
ACTL7B	1	2	1.0	0.0
RFC4	1	1	1.0	0.0
CRHR1	1	1	1.0	0.0
AC098823.3	1	1	1.0	0.0
RARB	1	1	1.0	0.0
NPAP1	1	1	1.0	0.0
RNF213	1	1	1.0	0.0
SMPD3	1	1	1.0	0.0
CCDC114	1	1	1.0	0.0
SCFD2	1	1	1.0	0.0
CYP4A11	1	1	1.0	0.0
ANXA2	1	2	1.0	0.0
ADAMTS9-AS2	1	1	1.0	0.0
NEDD4L	1	1	1.0	0.0
RP11-259P15.4	1	1	1.0	0.0
CHD8	1	1	1.0	0.0
ANXA7	1	1	1.0	0.0
DIMT1	1	1	1.0	0.0
PKD1L2	1	1	1.0	0.0
LINC00906	1	1	1.0	0.0
CTF1	1	1	1.0	0.0
AC093391.2	1	1	1.0	0.0
C1orf27	1	1	1.0	0.0
GPR53P	1	1	1.0	0.0
KTN1	1	2	1.0	0.0
RP11-67K19.3	1	1	1.0	0.0
ANO9	1	1	1.0	0.0
AKR1C4	1	1	1.0	0.0
RP11-517A5.5	1	1	1.0	0.0
RP11-280K24.4	1	1	1.0	0.0
RP11-20I23.8	1	1	1.0	0.0
HIVEP2	1	1	1.0	0.0
PRKAR1B	1	1	1.0	0.0
TRNT1	1	1	1.0	0.0
CACNA2D4	1	1	1.0	0.0
RBMX	1	1	1.0	0.0
SLC6A16	1	1	1.0	0.0
DNHD1	1	1	1.0	0.0
RP11-10O22.1	1	1	1.0	0.0
OTUD7B	1	1	1.0	0.0
OAZ1	1	1	1.0	0.0
RP11-262H14.5	1	1	1.0	0.0
RP11-16E12.2	1	1	1.0	0.0
RP11-1191J2.4	1	1	1.0	0.0
FBRS	1	1	1.0	0.0
RP11-418J17.1	1	1	1.0	0.0
WI2-81516E3.1	1	1	1.0	0.0
MROH2B	1	1	1.0	0.0
C1orf145	1	1	1.0	0.0
UGGT2	1	1	1.0	0.0
MEF2C-AS1	1	1	1.0	0.0
WEE1	1	1	1.0	0.0
RP11-558A11.1	1	1	1.0	0.0
PDE4D	1	1	1.0	0.0
RBFOX3	1	1	1.0	0.0
EDARADD	1	1	1.0	0.0
FLVCR1	1	1	1.0	0.0
RP11-338N10.1	1	1	1.0	0.0
RP1-20N2.6	1	1	1.0	0.0
RBMS3-AS2	1	1	1.0	0.0
LIX1L	1	1	1.0	0.0
CTA-929C8.7	1	1	1.0	0.0
ST3GAL2	1	1	1.0	0.0
RBM5	1	1	1.0	0.0
RP11-357C3.3	1	1	1.0	0.0
STK31	1	1	1.0	0.0
KIAA1045	1	1	1.0	0.0
CMTM4	1	1	1.0	0.0
SPG11	1	1	1.0	0.0
SYF2	1	1	1.0	0.0
NARG2	1	1	1.0	0.0
RP11-114H7.1	1	1	1.0	0.0
MARCH3	1	1	1.0	0.0
TTC18	1	1	1.0	0.0
DGKH	1	1	1.0	0.0
COL15A1	1	1	1.0	0.0
RANP7	1	1	1.0	0.0
PCSK7	1	1	1.0	0.0
PDE1A	1	1	1.0	0.0
DGKB	1	1	1.0	0.0
UNC79	1	1	1.0	0.0
HSD17B1	1	1	1.0	0.0
MFSD8	1	1	1.0	0.0
VOPP1	1	1	1.0	0.0
RUVBL2	1	1	1.0	0.0
PFDN5	1	1	1.0	0.0
RP11-231P20.2	1	1	1.0	0.0
RP11-337A23.6	1	1	1.0	0.0
RP11-143A22.1	1	1	1.0	0.0
CMKLR1	1	1	1.0	0.0
RP11-61K9.2	1	1	1.0	0.0
SERTAD2	1	1	1.0	0.0
DPP4	1	1	1.0	0.0
WDR31	1	1	1.0	0.0
SPG20	1	1	1.0	0.0
P4HA2	1	1	1.0	0.0
RP11-474I11.7	1	1	1.0	0.0
ZNF677	1	1	1.0	0.0
RPLP0P2	1	1	1.0	0.0
TTC28	1	1	1.0	0.0
RASAL2-AS1	1	1	1.0	0.0
PTAR1	1	1	1.0	0.0
ERVK13-1	1	1	1.0	0.0
KCNJ9	1	1	1.0	0.0
KCNJ6	1	1	1.0	0.0
CNN2P10	1	1	1.0	0.0
CDC20B	1	1	1.0	0.0
LINC00271	1	1	1.0	0.0
RASEF	1	1	1.0	0.0
CTD-2619J13.19	1	1	1.0	0.0
RP11-212P7.2	1	1	1.0	0.0
RP11-762H8.1	1	1	1.0	0.0
ZNF227	1	1	1.0	0.0
RP11-92B11.3	1	1	1.0	0.0
DIDO1	1	1	1.0	0.0
CCDC91	1	1	1.0	0.0
CCDC93	1	1	1.0	0.0
LIPE-AS1	1	1	1.0	0.0
SCGB2B3P	1	1	1.0	0.0
PITPNM1	1	1	1.0	0.0
NME4	1	1	1.0	0.0
C1orf61	1	1	1.0	0.0
PCM1	1	1	1.0	0.0
PSMD5-AS1	1	1	1.0	0.0
RXRG	1	1	1.0	0.0
RP11-79H23.3	1	1	1.0	0.0
GBP6	1	1	1.0	0.0
PHOX2A	1	1	1.0	0.0
PPP1R1C	1	1	1.0	0.0
OR2L6P	1	3	1.0	0.0
RP11-727A23.10	1	1	1.0	0.0
STEAP3-AS1	1	1	1.0	0.0
AL035610.2	1	1	1.0	0.0
FSTL3	1	1	1.0	0.0
LSM11	1	1	1.0	0.0
TMEM165	1	1	1.0	0.0
AC062022.1	1	1	1.0	0.0
RP5-1069C8.2	1	1	1.0	0.0
RP11-256I9.2	2	2	1.0	0.0
CCDC77	1	1	1.0	0.0
SIRT2	1	1	1.0	0.0
USP2-AS1	1	1	1.0	0.0
TNRC6A	1	1	1.0	0.0
GAPDH	1	1	1.0	0.0
TGM7	1	1	1.0	0.0
SLC39A4	1	1	1.0	0.0
PIK3R3	1	1	1.0	0.0
TNRC6B	1	1	1.0	0.0
MAP2K4P1	1	1	1.0	0.0
AKAP9	1	1	1.0	0.0
UTP6	1	1	1.0	0.0
ZBTB8B	2	2	1.0	0.0
RP11-142O6.1	1	1	1.0	0.0
MATR3	1	1	1.0	0.0
KLHL18	1	1	1.0	0.0
MYT1L	1	1	1.0	0.0
OR10AE3P	1	1	1.0	0.0
PRKCA	1	1	1.0	0.0
CHUK	1	1	1.0	0.0
KLHL21	1	1	1.0	0.0
MRVI1	1	1	1.0	0.0
RP5-1042K10.10	1	1	1.0	0.0
CCDC30	1	1	1.0	0.0
UACA	1	2	1.0	0.0
PODXL	1	1	1.0	0.0
ITGB8	1	1	1.0	0.0
FOLR4	1	1	1.0	0.0
IRAK4	1	1	1.0	0.0
CSMD3	1	1	1.0	0.0
GRB2	1	1	1.0	0.0
RP11-574M7.1	1	1	1.0	0.0
ZC3H4	1	1	1.0	0.0
AKAP6	1	1	1.0	0.0
CLEC12A	1	1	1.0	0.0
IPO9-AS1	1	1	1.0	0.0
CARF	1	1	1.0	0.0
SNTN	1	1	1.0	0.0
ITGB2-AS1	1	1	1.0	0.0
FAM87A	1	1	1.0	0.0
SS18L1	1	1	1.0	0.0
CUTC	1	1	1.0	0.0
FAM179A	1	1	1.0	0.0
AC025165.8	1	1	1.0	0.0
APBB2	1	1	1.0	0.0
AP4S1	1	1	1.0	0.0
RP11-324E6.9	1	1	1.0	0.0
NPR3	1	1	1.0	0.0
AC004980.7	1	1	1.0	0.0
AFAP1	1	1	1.0	0.0
PRKAA2	1	1	1.0	0.0
PEX13	1	1	1.0	0.0
ETV2	1	1	1.0	0.0
APBA3	1	1	1.0	0.0
C21orf37	1	1	1.0	0.0
TOE1	1	1	1.0	0.0
PLIN5	1	1	1.0	0.0
RP5-1121H13.1	1	1	1.0	0.0
TSTD3	1	1	1.0	0.0
GRM3	1	1	1.0	0.0
AMIGO1	1	1	1.0	0.0
PCNPP2	1	1	1.0	0.0
SCAI	1	1	1.0	0.0
AGPAT3	1	1	1.0	0.0
TUBB6	1	1	1.0	0.0
RPL26P3	1	1	1.0	0.0
ATG2B	1	1	1.0	0.0
GLI3	1	1	1.0	0.0
LINC00881	1	1	1.0	0.0
IGHG1	1	1	1.0	0.0
RPL23AP6	1	1	1.0	0.0
THAP9-AS1	1	1	1.0	0.0
CTB-46B19.2	1	2	1.0	0.0
BHLHE40-AS1	1	1	1.0	0.0
ATP2A2	1	1	1.0	0.0
C12orf55	1	1	1.0	0.0
ZBTB44	1	1	1.0	0.0
CELSR2	1	1	1.0	0.0
RSBN1L-AS1	1	1	1.0	0.0
MSTO1	2	3	1.0	0.0
ZBTB46	1	1	1.0	0.0
LHX9	1	1	1.0	0.0
LINC00494	1	1	1.0	0.0
LHX5	1	1	1.0	0.0
TRMT44	1	1	1.0	0.0
RIMS3	1	1	1.0	0.0
EPHB1	1	1	1.0	0.0
RIMS2	1	1	1.0	0.0
STK11IP	1	1	1.0	0.0
GLG1	1	1	1.0	0.0
CHGB	1	1	1.0	0.0
CATSPER1	1	1	1.0	0.0
TRAPPC12	1	1	1.0	0.0
CTD-2012K14.6	1	1	1.0	0.0
ACSM2A	1	1	1.0	0.0
AC015849.16	1	1	1.0	0.0
RP3-399L15.3	1	1	1.0	0.0
RN7SL358P	1	1	1.0	0.0
RSPH3	1	1	1.0	0.0
RP11-10J18.3	1	1	1.0	0.0
GLDC	1	1	1.0	0.0
SLC35A1	1	1	1.0	0.0
GDF5	1	1	1.0	0.0
ACTN4P2	1	1	1.0	0.0
RP11-114H20.1	1	2	1.0	0.0
AC092811.1	1	1	1.0	0.0
ICK	1	1	1.0	0.0
RP11-1072C15.2	1	1	1.0	0.0
CTD-3088G3.8	1	1	1.0	0.0
MAK	1	1	1.0	0.0
RP11-4O1.2	1	1	1.0	0.0
GTF3C4	1	1	1.0	0.0
AL357514.1	1	1	1.0	0.0
COL9A1	1	1	1.0	0.0
AC011747.3	1	1	1.0	0.0
SLC47A1	1	1	1.0	0.0
RP11-184M15.1	1	1	1.0	0.0
EPN1	1	1	1.0	0.0
ZNF92P2	1	1	1.0	0.0
IFT88	1	1	1.0	0.0
AL139147.1	1	1	1.0	0.0
MCC	1	1	1.0	0.0
SSXP3	1	1	1.0	0.0
PCDH7	1	1	1.0	0.0
RAI2	1	1	1.0	0.0
RP11-242F24.1	1	1	1.0	0.0
MARK2P4	1	1	1.0	0.0
HNRNPKP2	1	1	1.0	0.0
ABL2	1	1	1.0	0.0
SYT15	1	1	1.0	0.0
RP11-397E7.1	1	1	1.0	0.0
SLC13A2	1	1	1.0	0.0
Metazoa_SRP.37	1	1	1.0	0.0
RP1-168P16.2	1	1	1.0	0.0
MUC6	1	1	1.0	0.0
SLCO2B1	1	1	1.0	0.0
TEAD1	1	1	1.0	0.0
RP13-254B10.1	1	1	1.0	0.0
PCDHA12	1	1	1.0	0.0
PFN1P8	1	1	1.0	0.0
ABCA6	1	1	1.0	0.0
ABCA1	1	1	1.0	0.0
C20orf27	1	1	1.0	0.0
ARFGAP2	1	1	1.0	0.0
RP11-508N12.2	1	1	1.0	0.0
YTHDF1	1	1	1.0	0.0
PNPLA2	1	1	1.0	0.0
PDXK	1	1	1.0	0.0
BEND4	1	1	1.0	0.0
DNAJC1	1	1	1.0	0.0
ANKZF1	1	1	1.0	0.0
CMBL	1	1	1.0	0.0
LINC00319	1	1	1.0	0.0
CYP2W1	1	1	1.0	0.0
IDE	1	1	1.0	0.0
LINC00317	1	1	1.0	0.0
KATNAL2	1	1	1.0	0.0
AP4B1	1	1	1.0	0.0
RP11-286E11.1	1	1	1.0	0.0
LMX1A	1	1	1.0	0.0
RMDN2	1	1	1.0	0.0
NBEAL1	1	1	1.0	0.0
GVINP1	1	1	1.0	0.0
EXOC4	1	1	1.0	0.0
ZSCAN20	1	1	1.0	0.0
RPS11P5	1	1	1.0	0.0
PCOLCE	1	1	1.0	0.0
FER1L6-AS2	1	1	1.0	0.0
ZNF552	1	1	1.0	0.0
UCHL1-AS1	1	1	1.0	0.0
DOK3	1	1	1.0	0.0
MTMR11	1	1	1.0	0.0
RP11-379J5.5	1	1	1.0	0.0
RAP2A	1	1	1.0	0.0
ZNF546	1	1	1.0	0.0
RP11-777B9.5	2	3	1.0	0.0
TMEM104	1	1	1.0	0.0
ARL5C	1	1	1.0	0.0
CEACAM19	1	1	1.0	0.0
TCOF1	1	1	1.0	0.0
RP13-726E6.2	1	1	1.0	0.0
SRSF9	1	1	1.0	0.0
RP11-89K21.1	1	1	1.0	0.0
SRSF3	1	1	1.0	0.0
RP11-82L2.1	1	1	1.0	0.0
RP11-244F12.3	1	1	1.0	0.0
RP11-1055B8.3	1	1	1.0	0.0
MOB1AP2	1	1	1.0	0.0
PPP2R2D	1	1	1.0	0.0
AHNAK2	1	1	1.0	0.0
UBASH3B	1	1	1.0	0.0
SLC29A4	1	1	1.0	0.0
VWA5B1	1	1	1.0	0.0
TMEM129	1	1	1.0	0.0
U3.82	1	1	1.0	0.0
CMIP	1	1	1.0	0.0
ABAT	1	1	1.0	0.0
LIG1	1	1	1.0	0.0
FAXDC2	1	1	1.0	0.0
AC005152.2	1	1	1.0	0.0
Z95114.7	1	1	1.0	0.0
ZNF101	1	1	1.0	0.0
MIRLET7DHG	1	1	1.0	0.0
INCENP	1	1	1.0	0.0
CUL9	1	1	1.0	0.0
RUNDC1	1	1	1.0	0.0
TMEM140	1	1	1.0	0.0
AL109763.2	2	3	1.0	0.0
MED23	1	1	1.0	0.0
AC024592.9	1	1	1.0	0.0
MUC16	1	1	1.0	0.0
SP4	1	1	1.0	0.0
AC105941.1	1	1	1.0	0.0
SPARC	1	1	1.0	0.0
ZNF705B	2	3	1.0	0.0
PTPRB	1	1	1.0	0.0
TNPO3	1	1	1.0	0.0
AC012531.25	1	1	1.0	0.0
CNN2	1	1	1.0	0.0
RP11-580J4.1	1	1	1.0	0.0
N4BP1	1	1	1.0	0.0
RP11-18H21.2	1	1	1.0	0.0
MTHFR	1	1	1.0	0.0
TNFRSF1A	1	1	1.0	0.0
MTHFS	1	2	1.0	0.0
N4BP2	1	1	1.0	0.0
LINS	1	1	1.0	0.0
KIAA0101	1	1	1.0	0.0
GLTSCR1	1	1	1.0	0.0
SUPT3H	1	1	1.0	0.0
HIPK2	1	1	1.0	0.0
LL22NC03-123E1.5	1	1	1.0	0.0
DAPK1	1	1	1.0	0.0
LINC01016	1	1	1.0	0.0
BTNL2	1	1	1.0	0.0
SDR39U1	1	1	1.0	0.0
AC010761.8	1	1	1.0	0.0
DPY19L4	1	1	1.0	0.0
NR6A1	1	1	1.0	0.0
LINC01088	1	1	1.0	0.0
RP11-755F10.1	1	1	1.0	0.0
HOXB8	1	1	1.0	0.0
DPPA2	1	1	1.0	0.0
NFE4	1	1	1.0	0.0
PTPN7	1	1	1.0	0.0
GABARAPL3	1	1	1.0	0.0
SLC30A9	1	1	1.0	0.0
C8orf34	1	2	1.0	0.0
SLC30A4	1	1	1.0	0.0
TPRG1	1	1	1.0	0.0
LMBR1	1	1	1.0	0.0
MYL6	1	1	1.0	0.0
RP11-549J18.1	1	1	1.0	0.0
RNF24	1	1	1.0	0.0
SATB1	1	1	1.0	0.0
LEPROT	1	1	1.0	0.0
GSTM4	1	1	1.0	0.0
ANKRD6	1	1	1.0	0.0
MAF1	1	1	1.0	0.0
OR4C4P	1	1	1.0	0.0
CNFN	1	1	1.0	0.0
CTD-2574D22.2	1	1	1.0	0.0
NUTM2F	1	1	1.0	0.0
RNA5SP219	1	1	1.0	0.0
MAPK10	1	1	1.0	0.0
NPFFR1	1	1	1.0	0.0
AP3D1	1	1	1.0	0.0
RP11-281P23.1	1	3	1.0	0.0
FAM46C	1	1	1.0	0.0
RP11-44D5.1	1	1	1.0	0.0
STARD10	1	1	1.0	0.0
RP1-117O3.2	1	1	1.0	0.0
GLUD1P4	1	1	1.0	0.0
SLIT2	1	1	1.0	0.0
LTBR	1	1	1.0	0.0
AP3B2	1	1	1.0	0.0
DLEC1	1	1	1.0	0.0
TMOD1	1	1	1.0	0.0
AC005307.3	1	1	1.0	0.0
RP11-567L7.6	1	1	1.0	0.0
CRYZ	1	1	1.0	0.0
PMF1	1	1	1.0	0.0
YTHDC1	1	1	1.0	0.0
RP11-222A11.1	1	1	1.0	0.0
RP11-13N12.2	1	1	1.0	0.0
CEP164	1	1	1.0	0.0
CA5B	1	1	1.0	0.0
KRT18P56	1	1	1.0	0.0
CRELD2	1	1	1.0	0.0
NUP43	1	1	1.0	0.0
EFNA4	1	1	1.0	0.0
RP11-553P9.2	1	1	1.0	0.0
HEPACAM	1	1	1.0	0.0
DCLRE1C	1	1	1.0	0.0
GID4	1	1	1.0	0.0
VASH2	1	1	1.0	0.0
RP11-893F2.5	1	1	1.0	0.0
NUDT14	1	1	1.0	0.0
OR52K3P	1	1	1.0	0.0
TRAK2	1	1	1.0	0.0
CRY2	1	1	1.0	0.0
SHF	1	1	1.0	0.0
CHMP7	1	1	1.0	0.0
ADCY5	1	1	1.0	0.0
SCAND1	1	1	1.0	0.0
SCAND3	1	1	1.0	0.0
MBTPS2	1	1	1.0	0.0
RP5-1136G2.1	1	1	1.0	0.0
A1CF	1	1	1.0	0.0
SHISA9	1	1	1.0	0.0
ADAMTS16	1	1	1.0	0.0
BTAF1	1	1	1.0	0.0
RP11-196I18.4	1	1	1.0	0.0
PPM1K	1	1	1.0	0.0
PPM1G	1	1	1.0	0.0
RP11-363G10.2	1	2	1.0	0.0
PURA	1	1	1.0	0.0
RP5-867C24.5	1	1	1.0	0.0
HMGA2	1	1	1.0	0.0
PADI4	1	1	1.0	0.0
USP3-AS1	1	1	1.0	0.0
TRPM7	1	1	1.0	0.0
ODCP	1	1	1.0	0.0
ZNF407	1	1	1.0	0.0
HDX	1	1	1.0	0.0
AC005264.2	1	1	1.0	0.0
PIP5K1B	1	1	1.0	0.0
NDST1	1	1	1.0	0.0
IBA57	1	1	1.0	0.0
ACOX2	1	1	1.0	0.0
ZNF414	1	1	1.0	0.0
RHBDL1	1	1	1.0	0.0
ZIC5	1	1	1.0	0.0
VAV1	1	1	1.0	0.0
FDPS	1	2	1.0	0.0
B4GALT4	1	1	1.0	0.0
KIAA1210	1	1	1.0	0.0
CTB-36O1.3	2	2	1.0	0.0
TPST2P1	1	1	1.0	0.0
OR2L3	1	3	1.0	0.0
NKAIN3	1	1	1.0	0.0
BPIFB1	1	1	1.0	0.0
OR2L5	1	3	1.0	0.0
RP11-386B13.3	1	1	1.0	0.0
WBP2NL	1	1	1.0	0.0
RP13-444H2.1	1	2	1.0	0.0
CTD-3076O17.2	1	1	1.0	0.0
RN7SL302P	1	1	1.0	0.0
RP11-266K4.9	1	1	1.0	0.0
HIRIP3	1	1	1.0	0.0
CAPZA2	1	1	1.0	0.0
OR6X1	1	1	1.0	0.0
C6orf10	1	1	1.0	0.0
ZFP1	1	1	1.0	0.0
SHMT1	1	2	1.0	0.0
ZNF471	1	1	1.0	0.0
ZNF850	1	1	1.0	0.0
RPL32	1	1	1.0	0.0
GLIPR2	1	1	1.0	0.0
GIN1	1	1	1.0	0.0
CTD-2117L12.1	1	1	1.0	0.0
NKD2	1	1	1.0	0.0
GNB3	1	1	1.0	0.0
GNAS	1	1	1.0	0.0
RP4-781K5.5	1	1	1.0	0.0
ZNF891	1	1	1.0	0.0
ACO1	1	1	1.0	0.0
FBXL17	1	1	1.0	0.0
ADCK3	1	1	1.0	0.0
CEP170B	1	1	1.0	0.0
NUBP2	1	1	1.0	0.0
GPR85	1	1	1.0	0.0
SLC9A1	1	1	1.0	0.0
FAM161A	1	1	1.0	0.0
AC005281.2	1	1	1.0	0.0
DVL1	1	1	1.0	0.0
ACPP	1	1	1.0	0.0
RP1-60O19.1	1	1	1.0	0.0
AC005235.1	1	1	1.0	0.0
PTGR2	1	1	1.0	0.0
KIAA1671	1	1	1.0	0.0
HMG20A	1	1	1.0	0.0
KRR1	1	1	1.0	0.0
DDAH1	1	1	1.0	0.0
FLI1	1	1	1.0	0.0
ACTG2	1	1	1.0	0.0
CTD-2349P21.9	1	1	1.0	0.0
RPS4XP5	1	1	1.0	0.0
HIST2H2AA3	1	1	1.0	0.0
GPR114	1	1	1.0	0.0
ITPRIPL2	1	1	1.0	0.0
GPR110	1	1	1.0	0.0
RP11-224O19.4	1	1	1.0	0.0
RP11-283I3.6	1	1	1.0	0.0
POU2F1	1	1	1.0	0.0
ARHGAP42	1	1	1.0	0.0
ARHGAP44	1	1	1.0	0.0
C6orf132	1	1	1.0	0.0
LINC00649	1	1	1.0	0.0
ARHGAP35	1	1	1.0	0.0
PPP1R10P1	1	1	1.0	0.0
GLIS1	1	1	1.0	0.0
DNAH9	1	1	1.0	0.0
FRK	1	1	1.0	0.0
RBMX2	1	1	1.0	0.0
CD80	1	1	1.0	0.0
PANK4	1	1	1.0	0.0
MRPS6	1	1	1.0	0.0
RP11-146F11.1	1	1	1.0	0.0
CEP41	1	1	1.0	0.0
RP11-193H22.2	1	1	1.0	0.0
MDN1	1	1	1.0	0.0
SHC1	1	1	1.0	0.0
ARHGAP22	1	1	1.0	0.0
RP11-7K24.3	1	1	1.0	0.0
ZZEF1	1	1	1.0	0.0
CXCR2	1	1	1.0	0.0
LINC00665	1	1	1.0	0.0
CDK19	1	1	1.0	0.0
TMPO	1	1	1.0	0.0
RP11-15J10.8	1	1	1.0	0.0
SPTBN1	1	1	1.0	0.0
KCTD8	1	1	1.0	0.0
FOXP1	1	1	1.0	0.0
RP1-170O19.21	1	1	1.0	0.0
LINC00618	1	1	1.0	0.0
GABRA4	1	1	1.0	0.0
BHLHE22	1	1	1.0	0.0
CARD8	1	1	1.0	0.0
SETDB1	1	1	1.0	0.0
LOH12CR2	1	1	1.0	0.0
CTD-2555C10.3	1	1	1.0	0.0
RP11-434I12.2	1	1	1.0	0.0
TMEM63C	1	1	1.0	0.0
TRH	1	1	1.0	0.0
COPS7A	1	1	1.0	0.0
RP11-763B22.7	1	1	1.0	0.0
AC007050.18	1	1	1.0	0.0
AC007050.17	1	1	1.0	0.0
FAM159A	1	1	1.0	0.0
SLC25A37	1	1	1.0	0.0
SLC37A1	1	1	1.0	0.0
RIOK3	1	1	1.0	0.0
RPAIN	1	1	1.0	0.0
FOXN4	1	1	1.0	0.0
TRIM41	1	1	1.0	0.0
TOR1AIP1	1	1	1.0	0.0
RP11-214N9.1	1	1	1.0	0.0
TOR1AIP2	1	1	1.0	0.0
C16orf87	1	1	1.0	0.0
APOBEC3C	1	1	1.0	0.0
MMP2	1	1	1.0	0.0
MMP7	1	1	1.0	0.0
CEP78	1	1	1.0	0.0
TMEM176A	1	1	1.0	0.0
RP11-57H12.3	1	1	1.0	0.0
ATP8A2P2	1	1	1.0	0.0
FCGR2C	1	1	1.0	0.0
RP11-10L12.2	1	1	1.0	0.0
SULT1C2	1	1	1.0	0.0
IL10RA	1	1	1.0	0.0
FCGR1A	1	1	1.0	0.0
RP13-39P12.3	1	1	1.0	0.0
MAP3K11	1	1	1.0	0.0
MAP3K13	1	1	1.0	0.0
LIN54	1	1	1.0	0.0
FAM227A	1	1	1.0	0.0
METTL2B	1	1	1.0	0.0
AC016831.7	1	1	1.0	0.0
ARRDC5	1	1	1.0	0.0
RP11-318C4.2	1	1	1.0	0.0
CCNF	1	1	1.0	0.0
RP5-837I24.2	1	1	1.0	0.0
ZFP30	2	2	1.0	0.0
IFNLR1	1	1	1.0	0.0
SEMA3A	1	1	1.0	0.0
SEMA3B	1	1	1.0	0.0
VWA8	1	1	1.0	0.0
NALCN-AS1	1	1	1.0	0.0
GREB1	1	1	1.0	0.0
EVX1	1	1	1.0	0.0
OR10A4	1	1	1.0	0.0
METTL16	1	1	1.0	0.0
C4orf32	1	1	1.0	0.0
RP11-138A9.2	1	1	1.0	0.0
AC006262.6	1	1	1.0	0.0
snoU13.294	1	1	1.0	0.0
RP11-293E1.1	1	1	1.0	0.0
ABR	1	1	1.0	0.0
GPR155	1	1	1.0	0.0
METTL20	1	1	1.0	0.0
SEMA5B	1	1	1.0	0.0
TK2	1	1	1.0	0.0
ACAT2	1	1	1.0	0.0
SFXN2	1	1	1.0	0.0
TFCP2L1	1	1	1.0	0.0
FUS	1	1	1.0	0.0
COLQ	1	1	1.0	0.0
BTF3L4	1	1	1.0	0.0
UBR4	1	1	1.0	0.0
RP11-706J10.1	1	1	1.0	0.0
RPUSD3	1	1	1.0	0.0
ANAPC5	1	1	1.0	0.0
C4orf22	1	1	1.0	0.0
COL10A1	1	1	1.0	0.0
FIZ1	1	1	1.0	0.0
C4orf26	1	1	1.0	0.0
SEMA7A	1	1	1.0	0.0
DNAJB12	1	1	1.0	0.0
OR4A14P	1	1	1.0	0.0
CADM4	1	1	1.0	0.0
SCPEP1	1	1	1.0	0.0
ALKBH4	1	1	1.0	0.0
LRRC37A6P	1	1	1.0	0.0
CUL4B	1	1	1.0	0.0
SDF2L1	1	1	1.0	0.0
PPP5D1	1	1	1.0	0.0
CTB-52I2.4	1	1	1.0	0.0
CBL	1	1	1.0	0.0
CEBPG	1	1	1.0	0.0
CEBPB	1	1	1.0	0.0
SCNN1A	1	1	1.0	0.0
EHD1	1	1	1.0	0.0
SNX24	1	1	1.0	0.0
ATIC	1	1	1.0	0.0
APLP2	1	1	1.0	0.0
SBF2-AS1	1	1	1.0	0.0
PAXBP1	1	1	1.0	0.0
ACTBP6	1	1	1.0	0.0
HS3ST2	1	1	1.0	0.0
SNX15	1	1	1.0	0.0
KCP	1	1	1.0	0.0
TTC28-AS1	1	1	1.0	0.0
RP11-797H7.1	1	1	1.0	0.0
RP11-12M9.4	1	1	1.0	0.0
SLC7A14	1	1	1.0	0.0
STXBP3	1	1	1.0	0.0
SPINT1	1	1	1.0	0.0
LRRC37A9P	1	1	1.0	0.0
RP4-760C5.5	1	1	1.0	0.0
ZCCHC9	1	1	1.0	0.0
PRMT1	1	1	1.0	0.0
OGDHL	1	1	1.0	0.0
RP11-598P20.3	1	1	1.0	0.0
LRRC8B	1	1	1.0	0.0
E2F4	1	1	1.0	0.0
HDAC6	1	1	1.0	0.0
ADM2	1	1	1.0	0.0
COL6A4P2	1	1	1.0	0.0
ADRA1A	1	1	1.0	0.0
ADRA1B	1	1	1.0	0.0
EPS15	1	1	1.0	0.0
GSX1	1	1	1.0	0.0
SHPRH	1	1	1.0	0.0
RNF165	1	1	1.0	0.0
NR2C2	1	1	1.0	0.0
ST8SIA2	1	1	1.0	0.0
RP11-720L2.3	1	1	1.0	0.0
ASCL3	1	1	1.0	0.0
SNTG2	1	1	1.0	0.0
FBXO10	1	1	1.0	0.0
RP11-767N15.1	1	1	1.0	0.0
RNF138	1	1	1.0	0.0
RP11-475J5.5	4	4	1.0	0.0
TCP11X3P	1	1	1.0	0.0
RPL36A	1	1	1.0	0.0
RP11-539G18.2	1	1	1.0	0.0
ENAH	1	1	1.0	0.0
DUSP8	1	1	1.0	0.0
USP49	1	1	1.0	0.0
RP11-540O11.4	1	1	1.0	0.0
LRRC49	1	1	1.0	0.0
IGF2	1	1	1.0	0.0
TRIM25	1	1	1.0	0.0
LRRC43	1	1	1.0	0.0
ABCA10	1	1	1.0	0.0
CTD-3098H1.2	1	1	1.0	0.0
USP32	1	1	1.0	0.0
IGSF10	1	1	1.0	0.0
MTMR2	1	1	1.0	0.0
MAGEA13P	1	1	1.0	0.0
LRRC31	1	1	1.0	0.0
LRRC32	1	1	1.0	0.0
RP11-24J23.2	1	1	1.0	0.0
THEM4	1	1	1.0	0.0
RP11-796E2.4	1	1	1.0	0.0
ALOX15	1	1	1.0	0.0
PRPS1P2	1	1	1.0	0.0
FMN1	1	1	1.0	0.0
ELMO1	1	1	1.0	0.0
ZNF335	1	1	1.0	0.0
SLC3A1	1	1	1.0	0.0
CPXM2	1	1	1.0	0.0
PIK3C2A	1	1	1.0	0.0
RP11-13K12.2	1	1	1.0	0.0
MGRN1	1	1	1.0	0.0
LRRC15	1	1	1.0	0.0
TSG101	2	2	1.0	0.0
CDC42BPA	1	1	1.0	0.0
RP1-102H19.8	1	1	1.0	0.0
USF2	1	1	1.0	0.0
TMEM120B	1	1	1.0	0.0
ZC3H18	1	1	1.0	0.0
FRA10AC1	1	1	1.0	0.0
JRK	1	1	1.0	0.0
RCC1	1	1	1.0	0.0
DNAH17	1	1	1.0	0.0
RP11-60C6.5	1	1	1.0	0.0
ZNF783	1	1	1.0	0.0
ZNF789	1	1	1.0	0.0
CTB-180A7.8	1	1	1.0	0.0
GATM	1	1	1.0	0.0
CTC-552D5.1	1	1	1.0	0.0
RP11-506M12.1	1	1	1.0	0.0
B2M	1	1	1.0	0.0
IGHM	1	1	1.0	0.0
PAQR3	1	1	0.9999999999999999	0.0
PPP1CB	1	1	0.9999999999999999	0.0
GATAD2A	1	1	0.9999999999999999	0.0
ZFYVE16	1	1	0.9999999999999999	0.0
SYNE1	1	1	0.9999999999999999	0.0
SRD5A3-AS1	1	1	0.9999999999999999	0.0
CHN1	1	1	0.9999999999999999	0.0
LRCH3	1	1	0.9999999999999999	0.0
PARP10	1	1	0.9999999999999999	0.0
NEK11	1	1	0.9999999999999999	0.0
CASP4	1	1	0.9999999999999999	0.0
TCP11	1	1	0.9999999999999999	0.0
LMO3	1	1	0.9999999999999999	0.0
ZNF135	1	1	0.9999999999999999	0.0
CEACAM1	1	1	0.9999999999999999	0.0
ENGASE	1	1	0.9999999999999999	0.0
CNTRL	1	1	0.9999999999999999	0.0
CR1	1	1	0.9999999999999999	0.0
HYOU1	1	1	0.9999999999999999	0.0
OTOGL	1	1	0.9999999999999999	0.0
DAG1	1	1	0.9999999999999999	0.0
PAN2	1	1	0.9999999999999999	0.0
WWC1	1	1	0.9999999999999999	0.0
MAST4	1	1	0.9999999999999999	0.0
ERCC1	1	1	0.9999999999999999	0.0
TTN	1	1	0.9999999999999999	0.0
ATP6V0D1	1	1	0.9999999999999999	0.0
SECTM1	1	1	0.9999999999999999	0.0
USP35	1	1	0.9999999999999999	0.0
USP28	1	1	0.9999999999999999	0.0
RASAL1	1	1	0.9999999999999998	0.0
CHRDL2	1	1	0.9999999999999998	0.0
TRIM6	1	1	0.9999999999999998	0.0
MTM1	1	1	0.9999999999999998	0.0
ACSL5	1	1	0.9999999999999998	0.0
ZMIZ2	1	1	0.9999999999999998	0.0
BSDC1	1	1	0.9999999999999998	0.0
DYRK1A	1	1	0.9999999999999998	0.0
FBXW7	1	1	0.9999999999999998	0.0
CYP1A1	1	1	0.9999999999999998	0.0
CELF2	1	1	0.9999999999999997	0.0
PCDH15	1	1	0.9999999999999997	0.0
CD44	1	1	0.9999999999999996	0.0
PCBP4	1	1	0.9166666666666667	0.0
POLK	1	1	0.9090909090909093	0.0
KIAA1161	3	3	0.9	0.0
RP11-385J1.2	3	3	0.9	0.0
EIF3E	1	1	0.8888888888888891	0.0
MROH7	1	1	0.8888888888888891	0.0
H3F3A	1	2	0.8888888888888888	0.0
ADAMTS10	1	1	0.875	0.0
AP001597.1	2	4	0.875	0.0
C7orf55-LUC7L2	1	1	0.857142857142857	0.0
ZNF506	1	1	0.857142857142857	0.0
TMX2	1	1	0.857142857142857	0.0
AGBL2	1	1	0.8333333333333333	0.0
MTND4P13	2	2	0.8333333333333333	0.0
SLC43A3	1	1	0.8333333333333333	0.0
MCFD2	1	1	0.8333333333333333	0.0
GOLGA6A	2	3	0.8333333333333333	0.0
GGT3P	4	9	0.8314814814814815	0.0
GGTLC3	4	9	0.8314814814814815	0.0
AKAP17A	1	1	0.8	0.0
PRB1	1	1	0.8	0.0
PLCXD1	1	1	0.8	0.0
CBWD6	1	2	0.7777777777777777	0.0
MSI2	2	3	0.75	0.0
TPM4	1	1	0.75	0.0
MICALL1	1	1	0.75	0.0
RBM26	1	1	0.75	0.0
SSR2	2	3	0.75	0.0
AC023490.1	1	2	0.75	0.0
MAPK12	1	1	0.75	0.0
LYRM2	1	1	0.75	0.0
RP11-138I1.2	2	2	0.75	0.0
FAM195B	1	1	0.75	0.0
GPR125	2	3	0.75	0.0
RN7SKP181	1	3	0.75	0.0
BMI1	1	1	0.7272727272727274	0.0
ZNF714	1	1	0.7142857142857142	0.0
RP5-935K16.1	1	2	0.6666666666666666	0.0
RP11-849F2.7	1	2	0.6666666666666666	0.0
LINC00501	1	2	0.6666666666666666	0.0
KIAA2013	1	1	0.6666666666666666	0.0
SLC46A1	1	2	0.6666666666666666	0.0
NMNAT1	1	3	0.6666666666666666	0.0
PSD4	1	2	0.6666666666666666	0.0
RP5-998N21.4	1	2	0.6666666666666666	0.0
EYS	1	2	0.6666666666666666	0.0
AP001062.8	1	1	0.6666666666666666	0.0
STRN	1	1	0.6666666666666666	0.0
RRAGD	1	1	0.6666666666666666	0.0
CARS	1	1	0.6666666666666666	0.0
DZIP3	1	1	0.6666666666666666	0.0
RP11-114H24.2	1	2	0.6666666666666666	0.0
LINC00301	1	1	0.6666666666666666	0.0
UBXN2A	2	2	0.6666666666666666	0.0
BPHL	1	2	0.6666666666666666	0.0
PRSS27	1	1	0.6666666666666666	0.0
AOX2P	1	2	0.6666666666666666	0.0
LIFR-AS1	1	1	0.6666666666666666	0.0
OBSL1	1	1	0.6666666666666666	0.0
SSTR2	1	1	0.6666666666666666	0.0
STAG3L3	1	2	0.6666666666666666	0.0
ZNF705G	2	3	0.6666666666666666	0.0
ZNF705D	2	3	0.6666666666666666	0.0
RP11-57J16.1	1	2	0.6666666666666666	0.0
PCDHGA2	1	1	0.6666666666666666	0.0
AC128709.1	1	2	0.6666666666666666	0.0
PRX	1	1	0.6666666666666666	0.0
MUM1	1	2	0.6666666666666666	0.0
MTND5P10	1	2	0.6666666666666666	0.0
RP11-381O7.3	1	2	0.6666666666666666	0.0
RP11-380M21.2	1	2	0.6666666666666666	0.0
C9orf9	1	1	0.6666666666666666	0.0
AL445665.1	1	2	0.6666666666666666	0.0
ZC3H12B	1	1	0.6666666666666666	0.0
RP11-196G18.3	1	2	0.6666666666666666	0.0
RP11-439A17.9	1	2	0.6666666666666666	0.0
SFT2D2	1	2	0.6666666666666666	0.0
RP1-206D15.5	2	2	0.6666666666666666	0.0
GPR160	1	1	0.6666666666666666	0.0
RP11-750B16.1	2	2	0.6666666666666666	0.0
CHURC1-FNTB	1	1	0.6666666666666666	0.0
AC129778.2	1	2	0.6666666666666666	0.0
AC040160.1	1	2	0.6666666666666666	0.0
NMT2	1	1	0.6666666666666666	0.0
SF3B3	1	2	0.6666666666666666	0.0
RP11-548H18.2	1	2	0.6666666666666666	0.0
RP13-616I3.1	1	2	0.6666666666666666	0.0
SFTPB	1	1	0.625	0.0
SIRPA	1	1	0.6000000000000001	0.0
KRT86	1	1	0.6000000000000001	0.0
LRRC37A4P	1	3	0.6000000000000001	0.0
RP11-479O17.10	2	2	0.5833333333333333	0.0
GOLGA6B	2	3	0.5833333333333333	0.0
GOLGA6D	2	3	0.5833333333333333	0.0
CSNK1G1	1	1	0.5714285714285714	0.0
CCDC180	1	1	0.5555555555555556	0.0
CDK18	1	1	0.5555555555555556	0.0
CBWD7	1	2	0.5555555555555556	0.0
MST1	1	1	0.5384615384615385	0.0
RABGEF1	1	1	0.5384615384615385	0.0
ZNF286A	1	1	0.5384615384615385	0.0
MRPL30	2	2	0.5079365079365079	0.0
NDUFB1	1	1	0.5	0.0
NDUFB5	1	1	0.5	0.0
CCDC88B	1	1	0.5	0.0
ELP3	1	1	0.5	0.0
RP11-709D24.5	1	1	0.5	0.0
ANKRD36	1	1	0.5	0.0
PDAP1	1	1	0.5	0.0
PDCL3P6	1	1	0.5	0.0
PSG6	1	1	0.5	0.0
PSG3	1	1	0.5	0.0
TMEM161B	1	1	0.5	0.0
RP11-438N16.1	1	2	0.5	0.0
AC009227.2	1	2	0.5	0.0
ICA1L	1	2	0.5	0.0
PLOD3	1	1	0.5	0.0
RP11-456D7.1	1	1	0.5	0.0
CABP1	1	2	0.5	0.0
CTA-217C2.1	1	1	0.5	0.0
TCERG1L	1	1	0.5	0.0
DCAF10	1	1	0.5	0.0
STMND1	1	1	0.5	0.0
CFDP1	1	1	0.5	0.0
PCYT1A	1	1	0.5	0.0
CCDC90B	1	1	0.5	0.0
PSD3	1	1	0.5	0.0
ANKRD30BL	1	1	0.5	0.0
GALNT16	1	1	0.5	0.0
RP11-247I13.11	1	1	0.5	0.0
MTND4P16	1	1	0.5	0.0
TPX2	1	1	0.5	0.0
SERTAD1	1	2	0.5	0.0
DHTKD1	1	1	0.5	0.0
RP13-507P19.2	1	1	0.5	0.0
AL079339.1	1	1	0.5	0.0
ZNHIT3	1	1	0.5	0.0
RP11-640M9.2	1	1	0.5	0.0
ZNF606	1	1	0.5	0.0
PGM5P2	2	2	0.5	0.0
RP11-1C1.7	1	1	0.5	0.0
COMMD6	1	1	0.5	0.0
AC015815.5	1	1	0.5	0.0
FAM175B	1	1	0.5	0.0
GTDC1	1	1	0.5	0.0
RAP1B	1	1	0.5	0.0
ITGA3	2	2	0.5	0.0
TMEM192	1	1	0.5	0.0
LIN28B	1	1	0.5	0.0
CAGE1	1	2	0.5	0.0
AP005901.1	1	1	0.5	0.0
RP11-822E23.8	1	1	0.5	0.0
RP11-564C4.6	1	1	0.5	0.0
RP11-822E23.6	1	1	0.5	0.0
GABPB2	1	1	0.5	0.0
GNRHR2	1	1	0.5	0.0
PLA2G7	1	1	0.5	0.0
AL356356.1	1	1	0.5	0.0
EPPIN-WFDC6	1	1	0.5	0.0
RP11-253M7.4	1	1	0.5	0.0
AP4M1	2	2	0.5	0.0
F11R	1	1	0.5	0.0
MTG2	1	1	0.5	0.0
RP11-158J3.2	1	1	0.5	0.0
RP1-191J18.66	1	1	0.5	0.0
RN7SL368P	1	1	0.5	0.0
AC090425.1	1	1	0.5	0.0
ACOT9	1	1	0.5	0.0
P2RX4	1	1	0.5	0.0
RAB6C	1	1	0.5	0.0
FAM92A1P2	1	1	0.5	0.0
BEND3	1	1	0.5	0.0
RP11-39K24.13	1	1	0.5	0.0
EPPIN	1	1	0.5	0.0
IL13RA1	1	1	0.5	0.0
SRSF8	1	2	0.5	0.0
RP11-390F4.3	1	1	0.5	0.0
ZNF514	1	1	0.5	0.0
RP11-63H19.2	1	1	0.5	0.0
HSPA8P9	1	1	0.5	0.0
RP11-525K10.3	1	1	0.5	0.0
NNT-AS1	1	1	0.5	0.0
SH3GLB1	1	1	0.5	0.0
CTC-550B14.8	1	1	0.5	0.0
RP11-863P13.3	1	2	0.5	0.0
ISCA2P1	1	3	0.5	0.0
RP11-379H18.1	1	1	0.5	0.0
GNE	1	1	0.5	0.0
POLR3C	1	2	0.5	0.0
XKR5	1	1	0.5	0.0
RPL27A	1	1	0.5	0.0
MTND1P6	1	2	0.5	0.0
MTND1P9	1	2	0.5	0.0
RP11-423H2.1	1	1	0.5	0.0
RP11-216M21.1	1	1	0.5	0.0
TMOD4	1	1	0.5	0.0
MTND5P17	2	2	0.5	0.0
SCAND2P	1	1	0.5	0.0
PCF11	1	2	0.5	0.0
SUPT5H	1	1	0.5	0.0
RP5-1160K1.3	1	2	0.5	0.0
ATCAY	1	1	0.5	0.0
CTD-2561J22.5	1	2	0.5	0.0
ZKSCAN3	1	1	0.5	0.0
VSTM4	1	1	0.5	0.0
EXTL3	1	1	0.5	0.0
RP3-355L5.4	1	1	0.5	0.0
RP11-342A23.1	1	2	0.5	0.0
ADCK4	1	1	0.5	0.0
ZNF490	1	1	0.5	0.0
UBA1	1	2	0.5	0.0
RP11-597D13.7	1	1	0.5	0.0
RP11-452D2.2	1	1	0.5	0.0
ERO1LB	1	1	0.5	0.0
CAMK1D	1	1	0.5	0.0
ALK	1	1	0.5	0.0
CTD-2192J16.20	1	1	0.5	0.0
NIPAL3	2	2	0.5	0.0
RP1-76C18.1	1	1	0.5	0.0
RFX3	1	3	0.5	0.0
AK1	1	1	0.5	0.0
REXO1L10P	2	2	0.5	0.0
RP11-846F4.9	2	2	0.5	0.0
RP11-661P17.1	1	1	0.5	0.0
COX6C	1	1	0.5	0.0
RP13-15E13.1	1	1	0.5	0.0
RC3H2	1	1	0.5	0.0
PTGIS	1	1	0.5	0.0
GJC1	1	1	0.5	0.0
PCDHB9	1	1	0.5	0.0
SULT1E1	1	1	0.5	0.0
SPINK9	2	2	0.5	0.0
MTRNR2L13	1	1	0.5	0.0
APOF	1	1	0.5	0.0
SHPK	1	2	0.5	0.0
AC073869.1	1	1	0.5	0.0
ZCCHC8	1	1	0.5	0.0
RP11-399D6.2	1	1	0.5	0.0
HMGB1P48	1	1	0.5	0.0
ANKRD36C	1	1	0.5	0.0
RP11-556H2.2	1	1	0.5	0.0
CTB-167G5.5	1	1	0.5	0.0
HMGB1P28	1	1	0.5	0.0
ADAMTSL4	1	1	0.5	0.0
PKIB	1	1	0.5	0.0
RP11-398H6.1	2	3	0.5	0.0
FNTA	1	1	0.5	0.0
LRP3	1	2	0.5	0.0
THOC3	1	1	0.5	0.0
MTRF1	1	1	0.5	0.0
SPPL3	1	1	0.5	0.0
RP11-247I13.8	1	1	0.5	0.0
IMPG2	1	1	0.5	0.0
VPS72	1	1	0.5	0.0
RP11-329E24.6	1	1	0.5	0.0
STX16	1	1	0.4999999999999999	0.0
H3F3AP4	1	2	0.4444444444444444	0.0
ARSD	1	2	0.4444444444444444	0.0
RP11-23J9.4	1	1	0.4444444444444444	0.0
CBWD5	1	2	0.4444444444444444	0.0
CTD-2116N17.1	1	1	0.42857142857142855	0.0
MTND5P29	2	2	0.41666666666666663	0.0
AC017099.3	2	2	0.41666666666666663	0.0
YIPF6	2	2	0.41666666666666663	0.0
C6orf183	2	2	0.41666666666666663	0.0
MTND5P7	2	2	0.41666666666666663	0.0
MTND5P6	2	2	0.41666666666666663	0.0
ABHD12B	1	2	0.4	0.0
ABCC9	2	2	0.4	0.0
CYB5R4	2	2	0.4	0.0
C1orf63	2	2	0.4	0.0
SLC35E3	1	1	0.4	0.0
DHRSX	1	1	0.4	0.0
SIRPAP1	1	1	0.4	0.0
LECT2	1	1	0.4	0.0
SSBP4	1	2	0.4	0.0
BBS5	1	1	0.375	0.0
REXO1L1	3	3	0.375	0.0
CD33	1	1	0.375	0.0
C18orf8	1	1	0.34782608695652173	0.0
GGTLC2	2	3	0.3472222222222222	0.0
SLC6A8	1	1	0.3333333333333333	0.0
PSMG3	1	1	0.3333333333333333	0.0
NAV2-AS4	1	1	0.3333333333333333	0.0
CTD-2383I20.1	1	1	0.3333333333333333	0.0
ZNF716	1	3	0.3333333333333333	0.0
PSMD6	1	1	0.3333333333333333	0.0
C21orf2	1	1	0.3333333333333333	0.0
RP11-680G24.4	1	1	0.3333333333333333	0.0
RP11-359E3.4	1	1	0.3333333333333333	0.0
MRPL20	1	1	0.3333333333333333	0.0
CTD-2291D10.1	1	1	0.3333333333333333	0.0
TYW5	1	1	0.3333333333333333	0.0
DPF2	1	1	0.3333333333333333	0.0
ANO6	1	1	0.3333333333333333	0.0
TATDN1	1	1	0.3333333333333333	0.0
RBL1	1	1	0.3333333333333333	0.0
TNFSF12	1	2	0.3333333333333333	0.0
RP11-15B24.2	1	3	0.3333333333333333	0.0
RP11-685M7.3	1	1	0.3333333333333333	0.0
UBE3C	1	1	0.3333333333333333	0.0
RP11-379K17.9	1	1	0.3333333333333333	0.0
PHC3	1	3	0.3333333333333333	0.0
HECW2	1	1	0.3333333333333333	0.0
SDCCAG3P2	1	2	0.3333333333333333	0.0
AC016712.1	1	1	0.3333333333333333	0.0
KIF20B	1	1	0.3333333333333333	0.0
RP11-627H22.8	1	3	0.3333333333333333	0.0
RP11-1074O12.1	1	1	0.3333333333333333	0.0
RP11-320M16.1	1	1	0.3333333333333333	0.0
WISP3	1	3	0.3333333333333333	0.0
RP11-12N13.4	1	3	0.3333333333333333	0.0
MTCO3P1	1	3	0.3333333333333333	0.0
RP11-362F19.1	1	1	0.3333333333333333	0.0
ZNF557	1	2	0.3333333333333333	0.0
TNFSF12-TNFSF13	1	2	0.3333333333333333	0.0
PI4KA	1	1	0.3333333333333333	0.0
NISCH	1	1	0.3333333333333333	0.0
RP11-63H19.1	1	3	0.3333333333333333	0.0
NPC1	1	1	0.3333333333333333	0.0
RP11-143K11.5	1	1	0.3333333333333333	0.0
AC010084.1	1	1	0.3333333333333333	0.0
ZNF705E	1	2	0.3333333333333333	0.0
ZNF705A	1	2	0.3333333333333333	0.0
NOL9	1	1	0.3333333333333333	0.0
AC005003.1	1	1	0.3333333333333333	0.0
PCDHGA3	1	1	0.3333333333333333	0.0
PTPN3	1	1	0.3333333333333333	0.0
SRRM2-AS1	1	1	0.3333333333333333	0.0
RP11-598D12.4	1	1	0.3333333333333333	0.0
SLC6A10P	1	1	0.3333333333333333	0.0
RP3-407E4.3	1	2	0.3333333333333333	0.0
PPP1R26P3	1	1	0.3333333333333333	0.0
PPP1R26P5	1	1	0.3333333333333333	0.0
PPP1R26P2	1	1	0.3333333333333333	0.0
CHM	1	1	0.3333333333333333	0.0
MRP63	1	3	0.3333333333333333	0.0
CDV3	1	1	0.3333333333333333	0.0
RP11-313C15.1	1	1	0.3333333333333333	0.0
HCAR1	1	1	0.3333333333333333	0.0
RP11-70L8.4	1	1	0.3333333333333333	0.0
HYKK	1	1	0.3333333333333333	0.0
RN7SL747P	1	3	0.3333333333333333	0.0
RP11-158I9.7	1	1	0.3333333333333333	0.0
KLHL6-AS1	1	1	0.3333333333333333	0.0
RAB11A	1	1	0.3333333333333333	0.0
DLEU1	1	1	0.3333333333333333	0.0
GOLGA6C	1	2	0.3333333333333333	0.0
WFDC1	1	1	0.3333333333333333	0.0
LINC00672	1	1	0.3333333333333333	0.0
LINC00662	1	1	0.3333333333333333	0.0
CRYZL1	1	1	0.3333333333333333	0.0
PDCD6	1	1	0.3333333333333333	0.0
PLEKHA5	1	1	0.3333333333333333	0.0
SSX2IP	1	1	0.3333333333333333	0.0
RP11-70C1.1	1	1	0.3333333333333333	0.0
AC008555.2	1	1	0.3333333333333333	0.0
GNL3L	1	1	0.3333333333333333	0.0
MTRNR2L11	1	2	0.3333333333333333	0.0
GPR157	1	1	0.3333333333333333	0.0
COIL	1	1	0.3333333333333333	0.0
RP11-644F5.16	1	3	0.3333333333333333	0.0
DDX18	1	1	0.3333333333333333	0.0
SLC7A11	1	1	0.3333333333333333	0.0
HTN3	1	1	0.3333333333333333	0.0
MIR4435-1HG	1	1	0.3333333333333333	0.0
AC103801.1	1	1	0.3333333333333333	0.0
FNTB	1	1	0.3333333333333333	0.0
RP4-763G1.2	1	1	0.3333333333333333	0.0
CTC-523E23.5	1	1	0.3333333333333333	0.0
SMR3A	1	1	0.3333333333333333	0.0
FLNB-AS1	1	1	0.3333333333333333	0.0
RGS3	1	1	0.3333333333333333	0.0
RP11-100G15.3	1	3	0.3333333333333333	0.0
CALB1	1	2	0.3157894736842105	0.0
KCTD7	1	1	0.3076923076923077	0.0
GCC2	1	1	0.30000000000000004	0.0
FAM83H-AS1	1	1	0.2857142857142857	0.0
COMMD3-BMI1	1	1	0.2727272727272727	0.0
RTN3P1	2	3	0.2727272727272727	0.0
IQCJ-SCHIP1	1	1	0.2608695652173913	0.0
TESC	1	1	0.2608695652173913	0.0
C2orf15	2	2	0.25396825396825395	0.0
TMEM45A	2	2	0.25396825396825395	0.0
KNOP1	2	2	0.25396825396825395	0.0
C6orf163	2	2	0.25396825396825395	0.0
TWSG1	2	2	0.25396825396825395	0.0
RNASEH2A	2	2	0.25396825396825395	0.0
HHIP	1	1	0.25	0.0
COL1A1	1	1	0.25	0.0
ZNF66	1	1	0.25	0.0
COMMD4	1	1	0.25	0.0
AC174470.1	1	1	0.25	0.0
ZCWPW2	1	1	0.25	0.0
C2CD3	1	1	0.25	0.0
MLLT6	1	1	0.25	0.0
ANGEL2	1	1	0.25	0.0
RP11-506N2.1	1	1	0.25	0.0
TXLNB	1	1	0.25	0.0
VWA3B	1	1	0.25	0.0
RP11-430N14.4	1	1	0.25	0.0
FRMPD4	1	1	0.25	0.0
MTND2P21	1	2	0.25	0.0
AC016747.3	1	1	0.25	0.0
MTND2P29	1	2	0.25	0.0
MTND2P32	1	2	0.25	0.0
RPGRIP1L	1	1	0.25	0.0
REXO1L9P	2	2	0.25	0.0
AGXT	1	1	0.25	0.0
MTCO1P3	1	1	0.25	0.0
TMOD3	1	1	0.25	0.0
TCTN1	1	1	0.25	0.0
RP11-498C9.15	1	1	0.25	0.0
PALM	1	1	0.25	0.0
RP11-484L7.1	1	1	0.25	0.0
ZNF493	1	1	0.25	0.0
REXO1L8P	2	2	0.25	0.0
REXO1L2P	2	2	0.25	0.0
REXO1L3P	2	2	0.25	0.0
RP11-83B20.1	1	1	0.25	0.0
REXO1L11P	2	2	0.25	0.0
MTND2P9	1	2	0.25	0.0
MTND2P8	1	2	0.25	0.0
MTND2P5	1	2	0.25	0.0
DYX1C1-CCPG1	1	2	0.25	0.0
ABO	1	1	0.25	0.0
BIN3	1	1	0.25	0.0
AC092662.2	1	1	0.25	0.0
XXbac-BPG308K3.5	1	1	0.25	0.0
AC092669.3	1	1	0.25	0.0
BSG	1	1	0.25	0.0
ZNF17	1	1	0.23076923076923078	0.0
MST1P2	1	1	0.23076923076923078	0.0
MST1L	1	1	0.23076923076923078	0.0
RP11-349N19.2	1	2	0.2222222222222222	0.0
CDC42P5	1	2	0.2222222222222222	0.0
CDC42P6	1	2	0.2222222222222222	0.0
CDC42P1	1	2	0.2222222222222222	0.0
H3F3AP6	1	2	0.2222222222222222	0.0
RP11-419M24.4	1	2	0.2222222222222222	0.0
RP11-402J6.3	1	2	0.2222222222222222	0.0
CAMTA1	1	1	0.2222222222222222	0.0
CBWD1	1	2	0.2222222222222222	0.0
CBWD2	1	2	0.2222222222222222	0.0
RP11-1144P22.1	1	2	0.21052631578947367	0.0
RP11-69I8.2	1	2	0.21052631578947367	0.0
CTC-210G5.1	1	2	0.21052631578947367	0.0
LINC00678	1	2	0.21052631578947367	0.0
RP11-561I11.3	1	2	0.2	0.0
RP11-536I6.2	1	2	0.2	0.0
AC074289.1	1	2	0.2	0.0
IRF6	1	1	0.2	0.0
RP3-434O14.8	1	1	0.2	0.0
C12orf76	1	1	0.2	0.0
GTPBP8	1	1	0.2	0.0
PRB2	1	1	0.2	0.0
TPGS2	1	1	0.2	0.0
LINC01057	1	2	0.2	0.0
ANAPC15	1	1	0.2	0.0
CTA-299D3.8	1	1	0.2	0.0
RGPD8	1	1	0.2	0.0
RGPD5	1	1	0.2	0.0
RGPD6	1	1	0.2	0.0
RP4-591N18.2	1	1	0.2	0.0
FAM197Y2	1	1	0.2	0.0
FAM197Y3	1	1	0.2	0.0
FAM197Y6	1	1	0.2	0.0
FAM197Y7	1	1	0.2	0.0
FAM197Y8	1	1	0.2	0.0
CTC-573M9.1	1	1	0.2	0.0
DNAL1	1	1	0.2	0.0
CTD-2050E21.1	1	1	0.2	0.0
KRT83	1	1	0.2	0.0
KRT81	1	1	0.2	0.0
RP5-963E22.4	1	1	0.2	0.0
CTA-228A9.3	1	1	0.2	0.0
ZNF37A	1	1	0.2	0.0
RP11-373L24.1	2	2	0.19444444444444442	0.0
FAM83F	1	1	0.16666666666666666	0.0
LINC00410	1	1	0.16666666666666666	0.0
ARHGAP23P1	1	1	0.16666666666666666	0.0
RP11-872D17.8	1	1	0.16666666666666666	0.0
TCEB1	1	1	0.16666666666666666	0.0
SMIM14	1	1	0.16666666666666666	0.0
AL163952.1	1	1	0.16666666666666666	0.0
KIN	1	1	0.16666666666666666	0.0
MTND5P9	1	1	0.16666666666666666	0.0
ZNF286B	1	1	0.15384615384615385	0.0
GS1-124K5.12	1	1	0.15384615384615385	0.0
ZNF90	1	1	0.14285714285714285	0.0
LINC00996	1	1	0.14285714285714285	0.0
GULP1	1	1	0.14285714285714285	0.0
LUC7L2	1	1	0.14285714285714285	0.0
RP11-561C5.5	1	1	0.14285714285714285	0.0
AL353671.4	1	1	0.14285714285714285	0.0
MGP	1	1	0.14285714285714285	0.0
DIS3	1	1	0.14285714285714285	0.0
RP11-213G21.1	1	1	0.14285714285714285	0.0
CNKSR3	1	1	0.14285714285714285	0.0
CEP19	1	1	0.14285714285714285	0.0
RP11-3J10.4	1	1	0.14285714285714285	0.0
APC2	1	1	0.13043478260869565	0.0
NAMPT	1	1	0.125	0.0
RP11-454K7.1	1	1	0.125	0.0
ZDHHC15	1	1	0.125	0.0
BLACE	1	1	0.125	0.0
SLC38A9	1	1	0.125	0.0
RP11-749H20.3	1	1	0.125	0.0
MROH7-TTC4	1	1	0.1111111111111111	0.0
RP11-45F15.2	1	1	0.1111111111111111	0.0
FGFBP3	1	1	0.1111111111111111	0.0
RABL2B	1	1	0.1111111111111111	0.0
RP11-277P12.10	1	2	0.10526315789473684	0.0
CTD-2354A18.1	1	2	0.10526315789473684	0.0
AC073071.1	1	2	0.10526315789473684	0.0
RP11-359M6.1	1	2	0.10526315789473684	0.0
ARHGAP42P1	1	1	0.1	0.0
RP11-1081M5.2	1	1	0.1	0.0
RP11-266E8.2	1	1	0.1	0.0
XXbac-BPG154L12.4	1	1	0.08333333333333333	0.0
OR10Q1	1	1	0.08333333333333333	0.0
ZNF749	1	1	0.07692307692307693	0.0
INTS10	1	1	0.07142857142857142	0.0
COL27A1	1	1	0.07142857142857142	0.0
DFFA	1	1	0.07142857142857142	0.0
NGLY1	1	1	0.07142857142857142	0.0
