ReferenceID	uniqueReadCount	totalReadCount	multimapAdjustedReadCount	multimapAdjustedBarcodeCount
tRNA-Gly-GCC-1-5	4532	169105	28642.00499386155	0.0
tRNA-Gly-GCC-1-3	4532	169105	28642.00499386155	0.0
tRNA-Gly-GCC-1-4	4532	169105	28642.00499386155	0.0
tRNA-Gly-GCC-1-1	4532	169105	28642.00499386155	0.0
tRNA-Gly-GCC-1-2	4532	169105	28642.00499386155	0.0
tRNA-Gly-CCC-1-2	3712	120276	14743.928234510156	0.0
tRNA-Gly-CCC-1-1	3712	120276	14743.928234510156	0.0
tRNA-Gly-GCC-2-1	4853	152421	14541.519856776944	0.0
tRNA-Gly-GCC-2-5	4853	152421	14541.519856776944	0.0
tRNA-Gly-GCC-2-4	4853	152421	14541.519856776944	0.0
tRNA-Gly-GCC-2-3	4853	152421	14541.519856776944	0.0
tRNA-Gly-GCC-2-2	4853	152421	14541.519856776944	0.0
tRNA-Gly-GCC-2-6	4853	152421	14541.519856776944	0.0
tRNA-Gly-GCC-3-1	4793	152303	14523.652990310076	0.0
tRNA-Gly-GCC-5-1	4133	141847	13850.808766203298	0.0
tRNA-Glu-CTC-1-7	3074	64911	8038.279226329223	0.0
tRNA-Glu-CTC-1-6	3074	64911	8038.279226329223	0.0
tRNA-Glu-CTC-1-5	3074	64911	8038.279226329223	0.0
tRNA-Glu-CTC-1-4	3074	64911	8038.279226329223	0.0
tRNA-Glu-CTC-1-3	3074	64911	8038.279226329223	0.0
tRNA-Glu-CTC-1-2	3074	64911	8038.279226329223	0.0
tRNA-Glu-CTC-1-1	3074	64911	8038.279226329223	0.0
tRNA-Glu-CTC-2-1	2706	62292	7750.7722999223015	0.0
tRNA-Glu-TTC-2-2	1305	15834	7318.516666666666	0.0
tRNA-Glu-TTC-2-1	1305	15834	7318.516666666666	0.0
tRNA-Lys-CTT-2-1	2481	44159	7176.118441117692	0.0
tRNA-Lys-CTT-2-3	2481	44159	7176.118441117692	0.0
tRNA-Lys-CTT-2-2	2481	44159	7176.118441117692	0.0
tRNA-Lys-CTT-2-5	2481	44159	7176.118441117692	0.0
tRNA-Lys-CTT-2-4	2481	44159	7176.118441117692	0.0
tRNA-Lys-TTT-3-4	3007	42668	6575.01428832611	0.0
tRNA-Lys-TTT-3-5	3007	42668	6575.01428832611	0.0
tRNA-Lys-TTT-3-2	3007	42668	6575.01428832611	0.0
tRNA-Lys-TTT-3-3	3007	42668	6575.01428832611	0.0
tRNA-Lys-TTT-3-1	3007	42668	6575.01428832611	0.0
tRNA-Lys-TTT-5-1	2703	41613	6457.706784718611	0.0
tRNA-His-GTG-1-4	2649	50345	5562.544444444612	0.0
tRNA-His-GTG-1-5	2649	50345	5562.544444444612	0.0
tRNA-His-GTG-1-2	2649	50345	5562.544444444612	0.0
tRNA-His-GTG-1-3	2649	50345	5562.544444444612	0.0
tRNA-His-GTG-1-1	2649	50345	5562.544444444612	0.0
tRNA-His-GTG-1-9	2649	50345	5562.544444444612	0.0
tRNA-His-GTG-1-8	2649	50345	5562.544444444612	0.0
tRNA-His-GTG-1-7	2649	50345	5562.544444444612	0.0
tRNA-His-GTG-1-6	2649	50345	5562.544444444612	0.0
tRNA-Val-CAC-2-1	690	5127	4436.259104702496	0.0
tRNA-Lys-CTT-3-1	1341	28506	4430.531435068234	0.0
tRNA-Lys-CTT-1-1	1687	17742	4404.166775299891	0.0
tRNA-Lys-CTT-1-2	1687	17742	4404.166775299891	0.0
tRNA-Lys-CTT-4-1	1637	17342	4388.784008067125	0.0
tRNA-Gly-CCC-6-1	1299	22982	2338.188876319211	0.0
tRNA-Val-AAC-2-1	415	2543	2097.4362834877543	0.0
tRNA-Val-CAC-8-1	1216	22533	2059.396962320752	0.0
tRNA-Lys-TTT-4-1	1429	14396	2022.7935059221668	0.0
tRNA-Val-TAC-1-1	563	3504	1514.517543859649	0.0
tRNA-Val-TAC-1-2	563	3504	1514.517543859649	0.0
tRNA-Glu-TTC-9-1	1062	20559	1487.2873737067505	0.0
tRNA-Glu-TTC-1-2	719	3950	1376.5166666666667	0.0
tRNA-Glu-TTC-1-1	719	3950	1376.5166666666667	0.0
tRNA-Gly-CCC-2-2	487	2587	1293.3333333333333	0.0
tRNA-Gly-CCC-2-1	487	2587	1293.3333333333333	0.0
tRNA-Arg-CCT-2-1	327	5219	1246.1500000000046	0.0
tRNA-Arg-CCT-1-1	325	5217	1244.1500000000046	0.0
tRNA-Glu-TTC-4-1	1016	7421	1243.039543789544	0.0
tRNA-Glu-TTC-4-2	1016	7421	1243.039543789544	0.0
tRNA-Lys-TTT-6-1	932	8945	1113.169789769051	0.0
tRNA-Gln-CTG-5-1	654	4440	1112.1999389499351	0.0
tRNA-Arg-CCT-4-1	395	4903	1111.9833333333365	0.0
tRNA-Arg-CCT-3-1	365	4858	1067.3166666666693	0.0
tRNA-Lys-CTT-7-1	820	7184	1005.8783044569803	0.0
tRNA-Val-AAC-3-1	936	13232	977.491296087819	0.0
tRNA-Val-CAC-1-5	1151	14239	976.3666668771614	0.0
tRNA-Val-CAC-1-4	1151	14239	976.3666668771614	0.0
tRNA-Val-CAC-1-6	1151	14239	976.3666668771614	0.0
tRNA-Val-CAC-1-1	1151	14239	976.3666668771614	0.0
tRNA-Val-CAC-1-3	1151	14239	976.3666668771614	0.0
tRNA-Val-CAC-1-2	1151	14239	976.3666668771614	0.0
tRNA-Lys-CTT-6-1	635	4040	972.2210830835836	0.0
tRNA-Val-CAC-4-1	1118	14152	969.8135533240479	0.0
tRNA-Lys-CTT-11-1	781	7115	966.9834631871403	0.0
tRNA-Glu-TTC-3-1	633	4772	961.1456043956056	0.0
tRNA-Val-CAC-5-1	1051	13938	951.565405311929	0.0
tRNA-Glu-TTC-8-1	570	4690	934.3122710622724	0.0
tRNA-Arg-CCT-5-1	254	4536	908.0000000000031	0.0
tRNA-Val-TAC-2-1	362	1746	869.2499999999999	0.0
tRNA-Val-AAC-1-1	958	13321	867.4368688973628	0.0
tRNA-Val-AAC-1-2	958	13321	867.4368688973628	0.0
tRNA-Val-AAC-1-3	958	13321	867.4368688973628	0.0
tRNA-Val-AAC-1-4	958	13321	867.4368688973628	0.0
tRNA-Val-AAC-1-5	958	13321	867.4368688973628	0.0
tRNA-Val-AAC-4-1	914	13171	857.9718155683391	0.0
tRNA-Ala-AGC-1-1	105	916	789.4162698412698	0.0
tRNA-Gln-TTG-2-1	560	3221	719.4222582972612	0.0
tRNA-Gln-CTG-2-1	858	5081	650.836119436119	0.0
tRNA-Gln-CTG-1-4	887	5176	606.8846042846043	0.0
tRNA-Gln-CTG-1-3	887	5176	606.8846042846043	0.0
tRNA-Gln-CTG-1-5	887	5176	606.8846042846043	0.0
tRNA-Gln-CTG-1-1	887	5176	606.8846042846043	0.0
tRNA-Gln-CTG-1-2	887	5176	606.8846042846043	0.0
tRNA-Pro-AGG-1-1	735	5076	585.0877192982449	0.0
tRNA-Glu-TTC-10-1	379	2850	549.2426129426135	0.0
tRNA-Gln-TTG-1-1	528	3022	545.2255050505047	0.0
tRNA-Ala-CGC-2-1	161	2857	530.7869047619052	0.0
tRNA-Ala-TGC-3-2	165	2861	528.6083333333338	0.0
tRNA-Ala-TGC-3-1	165	2861	528.6083333333338	0.0
tRNA-Leu-CAA-4-1	236	1314	527.053571428571	0.0
tRNA-Ala-TGC-2-1	161	2836	526.6083333333336	0.0
tRNA-Ala-CGC-1-1	154	2827	525.036904761905	0.0
tRNA-Leu-CAA-1-2	229	1642	521.5535714285712	0.0
tRNA-Leu-CAA-1-1	217	1627	507.55357142857156	0.0
tRNA-Met-CAT-1-1	200	900	500.05555555555526	0.0
tRNA-Val-CAC-3-1	209	833	500.05487967914473	0.0
tRNA-Met-CAT-3-2	310	3328	496.007936507937	0.0
tRNA-Met-CAT-3-1	310	3328	496.007936507937	0.0
tRNA-Lys-TTT-2-1	396	2213	486.7273920523909	0.0
tRNA-Lys-TTT-1-1	393	2210	485.56072538572425	0.0
tRNA-Met-CAT-5-1	264	3254	468.3412698412703	0.0
tRNA-Met-CAT-4-3	268	3268	466.507936507937	0.0
tRNA-Met-CAT-4-1	268	3268	466.507936507937	0.0
tRNA-Met-CAT-4-2	268	3268	466.507936507937	0.0
tRNA-Met-CAT-2-1	268	3268	466.507936507937	0.0
tRNA-Met-CAT-6-1	186	858	453.43055555555526	0.0
tRNA-Lys-TTT-7-1	133	1115	447.2095238095237	0.0
tRNA-Ala-TGC-4-1	169	1111	439.61547619047604	0.0
tRNA-Gly-TCC-1-1	345	1589	439.44642857142844	0.0
tRNA-Gln-TTG-3-1	504	2649	422.3810606060589	0.0
tRNA-Gln-TTG-3-2	504	2649	422.3810606060589	0.0
tRNA-Gln-TTG-3-3	504	2649	422.3810606060589	0.0
tRNA-His-GTG-2-1	417	2942	403.10000000000105	0.0
tRNA-Val-TAC-3-1	137	484	366.4342105263156	0.0
tRNA-Pro-TGG-2-1	388	1683	358.6989974937341	0.0
tRNA-Cys-GCA-5-1	148	494	351.57666470615254	0.0
tRNA-Pro-TGG-3-5	851	5304	336.1518065998326	0.0
tRNA-Pro-TGG-3-3	851	5304	336.1518065998326	0.0
tRNA-Pro-TGG-3-4	851	5304	336.1518065998326	0.0
tRNA-Pro-TGG-3-1	851	5304	336.1518065998326	0.0
tRNA-Pro-TGG-3-2	851	5304	336.1518065998326	0.0
tRNA-Gly-CCC-chr1-16	283	3939	328.9416100362899	0.0
tRNA-Gly-CCC-chr1-19	283	3939	328.9416100362899	0.0
tRNA-Gly-TCC-3-1	303	1477	327.44642857142856	0.0
tRNA-Cys-GCA-6-1	251	1175	322.3599403428487	0.0
tRNA-Pro-CGG-2-1	735	4812	315.9941102756885	0.0
tRNA-Gln-TTG-4-1	174	996	315.79166666666686	0.0
tRNA-Thr-TGT-4-1	194	1085	307.16666666666674	0.0
tRNA-Pro-CGG-1-1	775	5023	302.27799707602287	0.0
tRNA-Pro-CGG-1-2	775	5023	302.27799707602287	0.0
tRNA-Pro-CGG-1-3	775	5023	302.27799707602287	0.0
tRNA-Gly-CCC-5-1	198	2933	278.92694807286597	0.0
tRNA-Ala-TGC-6-1	112	783	278.8886446886446	0.0
tRNA-Thr-TGT-5-1	173	998	276.8333333333335	0.0
tRNA-Thr-CGT-4-1	51	276	273.0	0.0
tRNA-Tyr-GTA-chr14-8	295	818	270.3000000000003	0.0
tRNA-Pro-AGG-2-4	746	4923	269.28910818713405	0.0
tRNA-Pro-AGG-2-3	746	4923	269.28910818713405	0.0
tRNA-Pro-AGG-2-6	746	4923	269.28910818713405	0.0
tRNA-Pro-AGG-2-5	746	4923	269.28910818713405	0.0
tRNA-Pro-AGG-2-8	746	4923	269.28910818713405	0.0
tRNA-Pro-AGG-2-7	746	4923	269.28910818713405	0.0
tRNA-Pro-AGG-2-1	746	4923	269.28910818713405	0.0
tRNA-Pro-AGG-2-2	746	4923	269.28910818713405	0.0
tRNA-Tyr-GTA-chr1-127	296	819	268.30000000000024	0.0
tRNA-Tyr-GTA-chr21-2	296	819	268.30000000000024	0.0
tRNA-Gly-CCC-4-1	193	2189	267.9897288765139	0.0
tRNA-Leu-TAA-1-1	125	327	265.55833333333334	0.0
tRNA-Gly-TCC-2-6	395	1828	245.89880952380923	0.0
tRNA-Gly-TCC-2-5	395	1828	245.89880952380923	0.0
tRNA-Gly-TCC-2-4	395	1828	245.89880952380923	0.0
tRNA-Gly-TCC-2-3	395	1828	245.89880952380923	0.0
tRNA-Gly-TCC-2-2	395	1828	245.89880952380923	0.0
tRNA-Gly-TCC-2-1	395	1828	245.89880952380923	0.0
tRNA-Pro-TGG-1-1	224	938	244.93345864661637	0.0
tRNA-Thr-TGT-1-1	98	492	243.54194139194126	0.0
tRNA-Ala-AGC-2-1	154	1131	240.6912420912422	0.0
tRNA-Ala-AGC-2-2	154	1131	240.6912420912422	0.0
tRNA-Gly-GCC-4-1	200	2296	236.96160988134682	0.0
tRNA-Ala-AGC-3-1	140	1106	230.49124209124216	0.0
tRNA-Thr-TGT-3-1	114	880	229.33333333333331	0.0
tRNA-Thr-TGT-2-1	108	867	222.83333333333334	0.0
tRNA-Cys-GCA-4-1	306	1521	214.70002942043774	0.0
tRNA-Gly-CCC-3-1	129	1458	212.2505642958245	0.0
tRNA-Cys-GCA-2-3	298	1506	210.29312382603214	0.0
tRNA-Cys-GCA-2-4	298	1506	210.29312382603214	0.0
tRNA-Cys-GCA-2-1	298	1506	210.29312382603214	0.0
tRNA-Cys-GCA-2-2	298	1506	210.29312382603214	0.0
tRNA-Leu-CAG-2-2	202	1747	210.2424603174606	0.0
tRNA-Leu-CAG-2-1	202	1747	210.2424603174606	0.0
tRNA-Arg-CCG-2-1	120	209	206.39999999999998	0.0
tRNA-Leu-TAG-3-1	108	251	191.5454545454546	0.0
tRNA-Asp-GTC-1-1	147	251	190.02655677655676	0.0
tRNA-iMet-CAT-1-8	291	1730	188.41666666666708	0.0
tRNA-iMet-CAT-1-7	291	1730	188.41666666666708	0.0
tRNA-iMet-CAT-1-6	291	1730	188.41666666666708	0.0
tRNA-iMet-CAT-1-5	291	1730	188.41666666666708	0.0
tRNA-iMet-CAT-1-4	291	1730	188.41666666666708	0.0
tRNA-iMet-CAT-1-3	291	1730	188.41666666666708	0.0
tRNA-iMet-CAT-1-2	291	1730	188.41666666666708	0.0
tRNA-iMet-CAT-1-1	291	1730	188.41666666666708	0.0
tRNA-Val-AAC-5-1	227	2830	187.53831883630662	0.0
tRNA-Cys-GCA-chr5-2	212	1254	178.4712373791458	0.0
tRNA-Thr-AGT-3-1	88	414	174.19749694749694	0.0
tRNA-Ala-TGC-1-1	123	804	171.4769563769564	0.0
tRNA-Leu-CAA-2-1	172	959	171.0535714285715	0.0
tRNA-iMet-CAT-2-1	267	1548	165.66666666666708	0.0
tRNA-Ala-CGC-3-1	94	804	164.85595238095235	0.0
tRNA-Tyr-GTA-1-1	105	315	163.97847152847152	0.0
tRNA-Arg-TCT-1-1	135	292	163.20000000000007	0.0
tRNA-Leu-CAA-3-1	170	948	161.05357142857142	0.0
tRNA-Gln-CTG-6-1	241	1463	158.72947052947075	0.0
tRNA-Leu-CAG-1-7	174	1351	153.68888888888915	0.0
tRNA-Leu-CAG-1-6	174	1351	153.68888888888915	0.0
tRNA-Leu-CAG-1-5	174	1351	153.68888888888915	0.0
tRNA-Leu-CAG-1-4	174	1351	153.68888888888915	0.0
tRNA-Leu-CAG-1-3	174	1351	153.68888888888915	0.0
tRNA-Leu-CAG-1-2	174	1351	153.68888888888915	0.0
tRNA-Leu-CAG-1-1	174	1351	153.68888888888915	0.0
tRNA-Asp-GTC-2-4	523	1705	146.20371295371342	0.0
tRNA-Asp-GTC-2-3	523	1705	146.20371295371342	0.0
tRNA-Asp-GTC-2-2	523	1705	146.20371295371342	0.0
tRNA-Asp-GTC-2-1	523	1705	146.20371295371342	0.0
tRNA-Asp-GTC-2-9	523	1705	146.20371295371342	0.0
tRNA-Asp-GTC-2-8	523	1705	146.20371295371342	0.0
tRNA-Asp-GTC-2-7	523	1705	146.20371295371342	0.0
tRNA-Asp-GTC-2-6	523	1705	146.20371295371342	0.0
tRNA-Asp-GTC-2-5	523	1705	146.20371295371342	0.0
tRNA-Asp-GTC-2-10	523	1705	146.20371295371342	0.0
tRNA-Asp-GTC-2-11	523	1705	146.20371295371342	0.0
tRNA-Arg-TCT-2-1	161	325	136.28333333333336	0.0
tRNA-Lys-CTT-chr15-5	159	598	136.16783216783216	0.0
tRNA-Ala-AGC-4-1	102	641	129.34166666666664	0.0
tRNA-Lys-CTT-5-1	200	750	126.41244588744586	0.0
tRNA-Val-CAC-7-1	84	1558	118.05759803921575	0.0
tRNA-Arg-TCT-3-1	167	343	116.78333333333336	0.0
tRNA-Ala-AGC-6-1	60	123	110.78571428571428	0.0
tRNA-Arg-ACG-2-3	148	729	109.73214285714286	0.0
tRNA-Arg-ACG-2-2	148	729	109.73214285714286	0.0
tRNA-Arg-ACG-2-4	148	729	109.73214285714286	0.0
tRNA-Arg-ACG-2-1	148	729	109.73214285714286	0.0
tRNA-Arg-TCT-3-2	168	341	108.78333333333337	0.0
tRNA-Gln-CTG-4-2	199	1362	106.28013098013108	0.0
tRNA-Gln-CTG-4-1	199	1362	106.28013098013108	0.0
tRNA-Lys-TTT-8-1	237	1005	105.99874847374852	0.0
tRNA-Gln-CTG-3-1	195	1361	105.57179764679775	0.0
tRNA-Gln-CTG-3-2	195	1361	105.57179764679775	0.0
tRNA-Ser-GCT-3-1	169	473	102.97155388471188	0.0
tRNA-Tyr-GTA-5-1	140	443	101.55624930624937	0.0
tRNA-Asn-GTT-1-1	214	906	101.5448415288888	0.0
tRNA-Arg-ACG-1-3	128	687	100.23214285714289	0.0
tRNA-Arg-ACG-1-1	128	687	100.23214285714289	0.0
tRNA-Arg-ACG-1-2	128	687	100.23214285714289	0.0
tRNA-Cys-GCA-1-1	196	751	100.2009715338801	0.0
tRNA-Asn-GTT-2-1	245	944	93.62261930666656	0.0
tRNA-Asn-GTT-2-2	245	944	93.62261930666656	0.0
tRNA-Asn-GTT-2-3	245	944	93.62261930666656	0.0
tRNA-Asn-GTT-2-4	245	944	93.62261930666656	0.0
tRNA-Asn-GTT-2-5	245	944	93.62261930666656	0.0
tRNA-Asn-GTT-2-6	245	944	93.62261930666656	0.0
tRNA-Tyr-GTA-2-1	122	429	92.96894771894779	0.0
tRNA-Thr-TGT-6-1	90	225	91.83333333333329	0.0
tRNA-Ile-TAT-2-1	56	272	88.6666666666667	0.0
tRNA-Asn-GTT-3-1	184	862	87.74087066315319	0.0
tRNA-Asn-GTT-3-2	184	862	87.74087066315319	0.0
tRNA-Gln-CTG-7-1	89	1150	86.89420024420025	0.0
tRNA-Gln-CTG-chr19-4	79	1123	86.44120879120881	0.0
tRNA-Asn-GTT-6-1	159	837	84.45740493166959	0.0
tRNA-Ile-TAT-3-1	33	235	80.91666666666669	0.0
tRNA-Lys-CTT-16-1	92	411	80.7130341880342	0.0
tRNA-Tyr-GTA-5-5	123	420	80.38958263958271	0.0
tRNA-Ile-TAT-1-1	38	250	79.41666666666669	0.0
tRNA-Ser-GCT-5-1	177	474	79.32869674185476	0.0
tRNA-SeC-TCA-1-1	36	82	76.5	0.0
tRNA-Lys-CTT-chr7-30	162	579	74.7227022977023	0.0
tRNA-Ser-GCT-4-3	186	486	73.6620300751881	0.0
tRNA-Ser-GCT-4-2	186	486	73.6620300751881	0.0
tRNA-Ser-GCT-4-1	186	486	73.6620300751881	0.0
tRNA-Gly-TCC-4-1	86	298	73.00000000000009	0.0
tRNA-Lys-TTT-14-1	150	759	72.6849345099346	0.0
tRNA-Leu-TAG-1-1	118	413	69.96212121212125	0.0
tRNA-Tyr-GTA-8-1	55	176	66.97847152847153	0.0
tRNA-Asp-GTC-5-1	153	563	66.02655677655689	0.0
tRNA-Thr-CGT-3-1	78	344	66.02606837606837	0.0
tRNA-Tyr-GTA-5-4	113	407	65.55624930624933	0.0
tRNA-Cys-GCA-9-4	238	815	65.26628987566909	0.0
tRNA-Cys-GCA-9-2	238	815	65.26628987566909	0.0
tRNA-Cys-GCA-9-3	238	815	65.26628987566909	0.0
tRNA-Cys-GCA-9-1	238	815	65.26628987566909	0.0
tRNA-Cys-GCA-10-1	233	802	64.18295654233575	0.0
tRNA-Cys-GCA-8-1	232	808	62.58514185702106	0.0
tRNA-Ser-GCT-2-1	162	400	62.56203007518806	0.0
tRNA-Tyr-GTA-5-2	109	402	61.88958263958263	0.0
tRNA-Tyr-GTA-5-3	109	402	61.55624930624929	0.0
tRNA-Leu-AAG-2-1	148	516	61.06093073593082	0.0
tRNA-Leu-AAG-2-3	148	516	61.06093073593082	0.0
tRNA-Leu-AAG-2-2	148	516	61.06093073593082	0.0
tRNA-Leu-AAG-2-4	148	516	61.06093073593082	0.0
tRNA-Cys-GCA-13-1	207	735	59.72500199688118	0.0
tRNA-Ser-TGA-2-1	123	519	59.59828548644342	0.0
tRNA-Cys-GCA-14-1	202	735	58.16966982904901	0.0
tRNA-Thr-CGT-6-1	25	571	58.00000000000001	0.0
tRNA-Arg-CCG-1-3	118	226	57.65992063492065	0.0
tRNA-Arg-CCG-1-2	118	226	57.65992063492065	0.0
tRNA-Arg-CCG-1-1	118	226	57.65992063492065	0.0
tRNA-Cys-GCA-15-1	201	729	56.46237379175298	0.0
tRNA-Cys-GCA-19-1	191	715	55.880919116160364	0.0
tRNA-Leu-AAG-3-1	137	471	55.69426406926414	0.0
tRNA-Ser-AGA-1-1	130	528	55.667729930887866	0.0
tRNA-Ser-GCT-1-1	159	393	55.56203007518807	0.0
tRNA-Thr-CGT-1-1	74	329	55.14194139194137	0.0
tRNA-Lys-TTT-11-1	117	302	55.11309523809529	0.0
tRNA-Val-CAC-6-1	162	620	54.33800292844416	0.0
tRNA-Ala-TGC-5-1	103	482	54.21743256743263	0.0
tRNA-Thr-CGT-2-1	20	57	54.0	0.0
tRNA-Ser-TGA-4-1	91	435	53.916467304625215	0.0
tRNA-Ala-AGC-11-1	37	82	53.61666666666667	0.0
tRNA-Ala-AGC-5-1	112	516	52.6579087579088	0.0
tRNA-Leu-AAG-1-3	129	446	52.58712121212127	0.0
tRNA-Leu-AAG-1-1	129	446	52.58712121212127	0.0
tRNA-Leu-AAG-1-2	129	446	52.58712121212127	0.0
tRNA-Ala-CGC-4-1	105	505	51.40552780552784	0.0
tRNA-Gly-CCC-7-1	61	157	51.26666666666668	0.0
tRNA-Ala-AGC-7-1	114	515	50.82457542457548	0.0
tRNA-Arg-TCT-5-1	107	232	49.95000000000001	0.0
tRNA-Tyr-GTA-3-1	67	157	48.97847152847154	0.0
tRNA-Ser-AGA-3-1	105	498	48.660154173312094	0.0
tRNA-Ala-TGC-7-1	97	475	47.71743256743263	0.0
tRNA-Arg-TCG-3-1	107	210	47.59325396825396	0.0
tRNA-Trp-CCA-2-1	29	52	46.83333333333333	0.0
tRNA-Asp-GTC-3-1	229	522	46.01282051282057	0.0
tRNA-Val-AAC-6-1	65	434	44.1626706626707	0.0
tRNA-Thr-AGT-1-1	97	345	43.903052503052486	0.0
tRNA-Thr-AGT-1-3	97	345	43.903052503052486	0.0
tRNA-Thr-AGT-1-2	97	345	43.903052503052486	0.0
tRNA-Ser-AGA-4-1	90	438	43.70959595959599	0.0
tRNA-Ser-TGA-3-1	109	466	42.44352358168152	0.0
tRNA-Ser-AGA-2-6	119	484	42.179634692792625	0.0
tRNA-Ser-AGA-2-1	119	484	42.179634692792625	0.0
tRNA-Ser-AGA-2-3	119	484	42.179634692792625	0.0
tRNA-Ser-AGA-2-2	119	484	42.179634692792625	0.0
tRNA-Ser-AGA-2-5	119	484	42.179634692792625	0.0
tRNA-Ser-AGA-2-4	119	484	42.179634692792625	0.0
tRNA-Glu-TTC-6-1	64	193	41.67936507936508	0.0
tRNA-Cys-GCA-17-1	156	556	41.5778810622602	0.0
tRNA-Ile-AAT-8-1	106	382	39.577633477633476	0.0
tRNA-Leu-TAA-3-1	46	98	39.016666666666666	0.0
tRNA-Cys-GCA-20-1	141	504	38.78047013984931	0.0
tRNA-Cys-ACA-1-1	73	263	38.33095238095239	0.0
tRNA-Cys-GCA-22-1	139	502	38.113803473182635	0.0
tRNA-Und-NNN-3-1	53	210	38.11172161172163	0.0
tRNA-Arg-TCG-1-1	48	75	37.91111111111111	0.0
tRNA-Lys-CTT-10-1	92	197	37.702301293477774	0.0
tRNA-Thr-AGT-2-2	64	291	36.4982905982906	0.0
tRNA-Thr-AGT-2-1	64	291	36.4982905982906	0.0
tRNA-Ser-TGA-1-1	34	46	35.641666666666666	0.0
tRNA-Ile-AAT-5-5	130	418	35.289375901875914	0.0
tRNA-Ile-AAT-5-4	130	418	35.289375901875914	0.0
tRNA-Ile-AAT-5-3	130	418	35.289375901875914	0.0
tRNA-Ile-AAT-5-2	130	418	35.289375901875914	0.0
tRNA-Ile-AAT-5-1	130	418	35.289375901875914	0.0
tRNA-Cys-GCA-chr11-21	134	491	35.010394382273546	0.0
tRNA-Lys-TTT-9-1	24	47	34.63493173493174	0.0
tRNA-Ala-TGC-8-1	59	425	34.49600399600404	0.0
tRNA-Thr-AGT-6-1	59	285	34.2482905982906	0.0
tRNA-Thr-AGT-5-1	71	285	34.2482905982906	0.0
tRNA-Phe-GAA-1-6	136	257	34.19769119769121	0.0
tRNA-Phe-GAA-1-1	136	257	34.19769119769121	0.0
tRNA-Phe-GAA-1-2	136	257	34.19769119769121	0.0
tRNA-Phe-GAA-1-3	136	257	34.19769119769121	0.0
tRNA-Phe-GAA-1-4	136	257	34.19769119769121	0.0
tRNA-Phe-GAA-1-5	136	257	34.19769119769121	0.0
tRNA-Ile-AAT-7-2	107	392	33.173466810966815	0.0
tRNA-Ile-AAT-7-1	107	392	33.173466810966815	0.0
tRNA-Ile-TAT-2-2	40	79	33.0	0.0
tRNA-Ile-AAT-2-1	118	376	32.93382034632035	0.0
tRNA-Ser-ACT-1-1	47	74	31.932196969696964	0.0
tRNA-Leu-TAG-2-1	62	128	31.602597402597393	0.0
tRNA-Sup-TTA-1-1	43	128	30.45714285714285	0.0
tRNA-Ile-AAT-3-1	96	343	30.193668831168832	0.0
tRNA-Tyr-GTA-6-1	63	142	30.065773115773112	0.0
tRNA-Thr-AGT-4-1	47	236	29.49829059829059	0.0
tRNA-Tyr-GTA-4-1	61	132	28.922915972915973	0.0
tRNA-Trp-CCA-1-1	34	89	28.633333333333322	0.0
tRNA-Ile-AAT-4-1	104	352	28.327759740259747	0.0
tRNA-Leu-AAG-4-1	51	116	28.190476190476183	0.0
tRNA-Phe-GAA-2-1	94	178	27.102453102453108	0.0
tRNA-Cys-GCA-7-1	74	253	26.64349477151201	0.0
tRNA-Phe-GAA-3-1	68	113	26.237373737373744	0.0
tRNA-Arg-TCG-2-1	52	86	26.05992063492064	0.0
tRNA-Leu-TAA-2-1	39	86	25.058333333333334	0.0
tRNA-Trp-CCA-4-1	29	85	24.216666666666658	0.0
tRNA-Lys-TTT-15-1	14	58	23.16666666666666	0.0
tRNA-Lys-CTT-8-1	61	196	22.78282828282827	0.0
tRNA-Ile-AAT-1-1	98	248	22.031908369408356	0.0
tRNA-Arg-TCG-5-1	50	85	20.85992063492064	0.0
tRNA-Ala-AGC-8-1	30	53	20.616666666666667	0.0
tRNA-Ala-AGC-8-2	30	53	20.616666666666667	0.0
tRNA-Ser-CGA-4-1	13	24	19.916666666666668	0.0
tRNA-Leu-TAA-4-1	32	76	19.6	0.0
tRNA-Arg-TCG-4-1	48	83	19.359920634920638	0.0
tRNA-Asp-ATC-chr6-103	29	119	19.257936507936513	0.0
tRNA-Trp-CCA-3-2	32	92	19.083333333333325	0.0
tRNA-Trp-CCA-3-1	32	92	19.083333333333325	0.0
tRNA-Trp-CCA-3-3	32	92	19.083333333333325	0.0
tRNA-Val-TAC-4-1	42	116	19.008986928104573	0.0
tRNA-Glu-CTC-3-1	46	129	18.79898989898989	0.0
tRNA-Tyr-GTA-7-1	47	109	17.33547008547008	0.0
tRNA-Ile-TAT-2-3	36	63	17.000000000000004	0.0
tRNA-Lys-CTT-chr16-1	54	185	16.763131313131318	0.0
tRNA-Lys-CTT-14-1	47	162	16.335606060606064	0.0
tRNA-Cys-GCA-18-1	79	184	14.669555149042974	0.0
tRNA-Ser-GCT-6-1	81	107	14.13345864661654	0.0
nmt-tRNA-Val-TAC-1-1	8	14	14.0	0.0
tRNA-Lys-CTT-12-1	47	165	13.866666666666667	0.0
tRNA-Ser-CGA-3-1	15	17	13.833333333333332	0.0
tRNA-Cys-GCA-21-1	53	111	13.812181640198881	0.0
tRNA-Ile-GAT-1-1	27	150	13.791937229437227	0.0
tRNA-Ile-GAT-1-3	27	150	13.791937229437227	0.0
tRNA-Ile-GAT-1-2	27	150	13.791937229437227	0.0
tRNA-Asn-GTT-8-1	20	27	13.58695652173913	0.0
tRNA-Ala-AGC-15-1	7	32	13.583333333333334	0.0
tRNA-Pro-AGG-3-1	46	280	13.379824561403504	0.0
tRNA-Cys-GCA-23-1	51	109	13.145514973532213	0.0
tRNA-Leu-AAG-6-1	5	14	13.1	0.0
tRNA-Phe-GAA-5-1	63	108	12.932611832611824	0.0
tRNA-Lys-CTT-9-1	13	30	12.908333333333331	0.0
tRNA-Gly-GCC-6-1	19	38	11.814285714285715	0.0
tRNA-Cys-GCA-11-1	52	120	10.16058414349269	0.0
tRNA-Asn-GTT-4-1	80	101	10.156205165252473	0.0
tRNA-Asn-GTT-10-1	18	23	9.586956521739129	0.0
tRNA-Phe-GAA-10-1	12	21	9.415584415584414	0.0
tRNA-Glu-TTC-7-1	20	63	9.287878787878789	0.0
tRNA-Glu-TTC-5-1	11	11	9.285714285714286	0.0
tRNA-Phe-GAA-4-1	22	50	9.03888888888889	0.0
tRNA-Gln-CTG-12-1	14	18	8.914163614163613	0.0
tRNA-Und-NNN-4-1	28	74	8.466666666666665	0.0
tRNA-Thr-CGT-chr1-118	23	56	8.238095238095237	0.0
tRNA-Gln-CTG-8-2	11	17	7.666666666666666	0.0
tRNA-Gln-CTG-8-1	11	17	7.666666666666666	0.0
tRNA-Tyr-GTA-chr9-10	24	39	7.550000000000002	0.0
tRNA-Tyr-GTA-chr10-3	23	38	7.300000000000002	0.0
tRNA-Cys-GCA-3-1	36	75	7.224209124209121	0.0
tRNA-Phe-GAA-6-1	46	68	7.098484848484844	0.0
tRNA-Ile-AAT-6-1	38	54	7.0450757575757565	0.0
tRNA-Asn-GTT-7-1	26	30	6.965197139461844	0.0
tRNA-Asn-GTT-5-1	71	82	6.876407185454496	0.0
tRNA-Lys-TTT-10-1	17	49	6.829975579975578	0.0
tRNA-Cys-GCA-12-1	25	62	6.197202501690331	0.0
tRNA-Asn-GTT-9-2	55	78	6.1486294076767205	0.0
tRNA-Asn-GTT-9-1	55	78	6.1486294076767205	0.0
tRNA-SeC-TCA-2-1	9	11	5.5	0.0
tRNA-Glu-CTC-5-1	5	6	5.5	0.0
tRNA-Ser-CGA-1-1	11	14	5.465909090909091	0.0
tRNA-Cys-GCA-24-1	36	79	5.461946128584059	0.0
tRNA-Cys-GCA-25-1	34	77	5.394130036630036	0.0
tRNA-Ala-CGC-5-1	6	6	5.333333333333333	0.0
tRNA-Arg-TCG-6-1	13	31	5.111111111111112	0.0
tRNA-Ala-AGC-19-1	5	5	5.0	0.0
tRNA-Asp-GTC-4-1	22	50	4.693223443223446	0.0
tRNA-Ser-CGA-2-1	11	13	4.291666666666666	0.0
tRNA-Phe-GAA-8-1	5	6	4.181818181818182	0.0
tRNA-Trp-CCA-5-1	11	17	4.066666666666667	0.0
tRNA-Cys-GCA-16-1	15	37	3.5402930402930406	0.0
tRNA-Gln-CTG-9-1	7	23	3.4484848484848487	0.0
tRNA-Leu-AAG-5-1	4	13	3.375	0.0
tRNA-Ile-AAT-9-1	7	7	3.3727272727272726	0.0
tRNA-Thr-CGT-5-1	3	3	3.0	0.0
tRNA-Ala-AGC-20-1	3	6	2.833333333333333	0.0
tRNA-Glu-TTC-11-1	4	6	2.5	0.0
tRNA-Lys-TTT-chr3-2	6	6	2.390151515151515	0.0
tRNA-Asn-GTT-17-1	4	4	2.153409090909091	0.0
tRNA-Met-CAT-7-1	3	3	2.125	0.0
tRNA-Asn-GTT-12-1	7	8	2.0869565217391304	0.0
tRNA-Ala-AGC-23-1	1	2	2.0	0.0
nmt-tRNA-Gln-TTG-9-1	3	3	2.0	0.0
nmt-tRNA-Leu-TAA-4-1	2	2	2.0	0.0
tRNA-Tyr-GTA-chr7-6	6	10	1.8928571428571428	0.0
tRNA-Tyr-GTA-chr7-1	6	10	1.8928571428571428	0.0
tRNA-Ser-AGA-5-1	12	21	1.7712121212121208	0.0
tRNA-Lys-TTT-13-1	6	8	1.7576871657754012	0.0
tRNA-Ala-AGC-9-1	8	10	1.7	0.0
tRNA-Ala-AGC-9-2	8	10	1.7	0.0
tRNA-Asn-GTT-16-1	18	27	1.581400966183575	0.0
tRNA-Asn-GTT-16-2	18	27	1.581400966183575	0.0
tRNA-Asn-GTT-16-3	18	27	1.581400966183575	0.0
tRNA-Asn-GTT-16-4	18	27	1.581400966183575	0.0
tRNA-Asn-GTT-16-5	18	27	1.581400966183575	0.0
tRNA-Ala-AGC-22-1	7	8	1.5	0.0
tRNA-Tyr-GTA-11-1	6	7	1.4820202020202022	0.0
tRNA-Undet-NNN-chr2-20	4	6	1.3928571428571428	0.0
tRNA-Undet-NNN-chr2-8	4	6	1.3928571428571428	0.0
tRNA-Val-TAC-chr2-6	2	2	1.25	0.0
tRNA-Asn-GTT-13-1	17	18	1.186925411190117	0.0
tRNA-Asn-GTT-18-1	17	18	1.186925411190117	0.0
tRNA-SeC-TCA-3-1	2	2	1.125	0.0
tRNA-Gln-CTG-10-1	2	2	1.0555555555555556	0.0
nmt-tRNA-Leu-TAA-1-1	1	1	1.0	0.0
nmt-tRNA-Gln-TTG-7-1	2	2	1.0	0.0
tRNA-Thr-AGT-7-1	1	1	1.0	0.0
tRNA-Val-AAC-7-1	1	1	1.0	0.0
tRNA-Leu-TAA-5-1	1	1	1.0	0.0
tRNA-Arg-TCT-4-1	1	2	1.0	0.0
tRNA-iMet-CAT-3-1	1	1	1.0	0.0
tRNA-Val-CAC-9-1	1	1	1.0	0.0
tRNA-Gln-TTG-6-1	1	1	1.0	0.0
tRNA-Asn-GTT-21-1	12	13	0.8580182072829131	0.0
tRNA-Val-TAC-chr17-24	2	2	0.8333333333333333	0.0
tRNA-Asn-GTT-14-1	3	3	0.7575757575757576	0.0
tRNA-Tyr-GTA-chr9-4	3	3	0.75	0.0
tRNA-Asn-GTT-11-2	2	2	0.6666666666666666	0.0
tRNA-Asn-GTT-11-1	2	2	0.6666666666666666	0.0
tRNA-Val-CAC-10-1	2	3	0.6111111111111112	0.0
tRNA-Asn-GTT-15-1	8	8	0.5672534165181224	0.0
nmt-tRNA-Tyr-GTA-chr2-10	2	4	0.5	0.0
tRNA-Tyr-GTA-chr2-12	2	4	0.5	0.0
nmt-tRNA-Tyr-GTA-chr4-1	2	4	0.5	0.0
tRNA-Tyr-ATA-chr9-2	2	2	0.47619047619047616	0.0
tRNA-Tyr-ATA-chr11-9	2	2	0.47619047619047616	0.0
tRNA-Ala-AGC-13-2	2	2	0.4583333333333333	0.0
tRNA-Ala-AGC-13-1	2	2	0.4583333333333333	0.0
tRNA-Lys-CTT-13-1	2	2	0.43333333333333335	0.0
tRNA-Leu-CAG-chr9-3	3	3	0.3824786324786325	0.0
tRNA-Tyr-ATA-chr1-52	1	1	0.3333333333333333	0.0
tRNA-Val-CAC-11-1	1	1	0.3333333333333333	0.0
tRNA-Val-CAC-11-2	1	1	0.3333333333333333	0.0
tRNA-Tyr-GTA-9-1	3	4	0.3076923076923077	0.0
tRNA-Ile-AAT-10-1	3	3	0.2727272727272727	0.0
tRNA-Leu-CAG-chr9-7	2	2	0.225	0.0
tRNA-Phe-GAA-7-1	1	2	0.2222222222222222	0.0
tRNA-Ala-GGC-chr19-3	1	2	0.15384615384615385	0.0
nmt-tRNA-Tyr-GTA-chr17-33	1	1	0.14285714285714285	0.0
tRNA-Asn-ATT-1-2	3	3	0.13695652173913042	0.0
tRNA-Asn-ATT-1-1	3	3	0.13695652173913042	0.0
tRNA-Ala-AGC-10-1	1	1	0.125	0.0
tRNA-Ala-AGC-12-3	1	1	0.125	0.0
tRNA-Ala-AGC-12-1	1	1	0.125	0.0
tRNA-Ala-AGC-12-2	1	1	0.125	0.0
tRNA-Ala-AGC-16-1	1	1	0.125	0.0
tRNA-Ala-AGC-17-1	1	1	0.125	0.0
tRNA-Cys-GCA-chrX-3	1	1	0.1111111111111111	0.0
tRNA-Tyr-ATA-1-1	1	1	0.1111111111111111	0.0
tRNA-Cys-GCA-chr12-14	1	1	0.1111111111111111	0.0
tRNA-Lys-TTT-12-1	1	1	0.1	0.0
tRNA-Leu-CAA-6-1	1	1	0.1	0.0
tRNA-Ile-GAT-chrX-5	1	1	0.07142857142857142	0.0
tRNA-Ile-GAT-chrX-7	1	1	0.07142857142857142	0.0
tRNA-Gln-CTG-11-1	1	1	0.05555555555555555	0.0
