ReferenceID	uniqueReadCount	totalReadCount	multimapAdjustedReadCount	multimapAdjustedBarcodeCount
tRNA-Glu-CTC-1-7	5797	526670	65238.07026786004	0.0
tRNA-Glu-CTC-1-6	5797	526670	65238.07026786004	0.0
tRNA-Glu-CTC-1-5	5797	526670	65238.07026786004	0.0
tRNA-Glu-CTC-1-4	5797	526670	65238.07026786004	0.0
tRNA-Glu-CTC-1-3	5797	526670	65238.07026786004	0.0
tRNA-Glu-CTC-1-2	5797	526670	65238.07026786004	0.0
tRNA-Glu-CTC-1-1	5797	526670	65238.07026786004	0.0
tRNA-Glu-CTC-2-1	5647	526211	65186.17719426697	0.0
tRNA-Gly-GCC-2-1	2613	99869	9002.553261839885	0.0
tRNA-Gly-GCC-2-5	2613	99869	9002.553261839885	0.0
tRNA-Gly-GCC-2-4	2613	99869	9002.553261839885	0.0
tRNA-Gly-GCC-2-3	2613	99869	9002.553261839885	0.0
tRNA-Gly-GCC-2-2	2613	99869	9002.553261839885	0.0
tRNA-Gly-GCC-2-6	2613	99869	9002.553261839885	0.0
tRNA-Gly-GCC-3-1	2563	99805	8996.695890805113	0.0
tRNA-Gly-GCC-5-1	2326	99199	8927.14515820436	0.0
tRNA-Gly-CCC-1-2	2138	94812	8567.493418277638	0.0
tRNA-Gly-CCC-1-1	2138	94812	8567.493418277638	0.0
tRNA-His-GTG-1-4	2978	75572	8358.18888888909	0.0
tRNA-His-GTG-1-5	2978	75572	8358.18888888909	0.0
tRNA-His-GTG-1-2	2978	75572	8358.18888888909	0.0
tRNA-His-GTG-1-3	2978	75572	8358.18888888909	0.0
tRNA-His-GTG-1-1	2978	75572	8358.18888888909	0.0
tRNA-His-GTG-1-9	2978	75572	8358.18888888909	0.0
tRNA-His-GTG-1-8	2978	75572	8358.18888888909	0.0
tRNA-His-GTG-1-7	2978	75572	8358.18888888909	0.0
tRNA-His-GTG-1-6	2978	75572	8358.18888888909	0.0
tRNA-Gly-GCC-1-5	1895	53442	7202.933614820204	0.0
tRNA-Gly-GCC-1-3	1895	53442	7202.933614820204	0.0
tRNA-Gly-GCC-1-4	1895	53442	7202.933614820204	0.0
tRNA-Gly-GCC-1-1	1895	53442	7202.933614820204	0.0
tRNA-Gly-GCC-1-2	1895	53442	7202.933614820204	0.0
tRNA-Glu-TTC-2-2	1445	15368	6706.742564102564	0.0
tRNA-Glu-TTC-2-1	1445	15368	6706.742564102564	0.0
tRNA-Und-NNN-4-1	561	39457	5926.516317016335	0.0
tRNA-Val-CAC-1-5	1615	54372	3559.9978761004895	0.0
tRNA-Val-CAC-1-4	1615	54372	3559.9978761004895	0.0
tRNA-Val-CAC-1-6	1615	54372	3559.9978761004895	0.0
tRNA-Val-CAC-1-1	1615	54372	3559.9978761004895	0.0
tRNA-Val-CAC-1-3	1615	54372	3559.9978761004895	0.0
tRNA-Val-CAC-1-2	1615	54372	3559.9978761004895	0.0
tRNA-Val-CAC-5-1	1551	54249	3549.4392330278756	0.0
tRNA-Val-CAC-4-1	1563	54196	3546.678279030894	0.0
tRNA-Val-AAC-1-1	1516	53763	3484.7831935608065	0.0
tRNA-Val-AAC-1-2	1516	53763	3484.7831935608065	0.0
tRNA-Val-AAC-1-3	1516	53763	3484.7831935608065	0.0
tRNA-Val-AAC-1-4	1516	53763	3484.7831935608065	0.0
tRNA-Val-AAC-1-5	1516	53763	3484.7831935608065	0.0
tRNA-Val-AAC-4-1	1471	53678	3478.1864552500983	0.0
tRNA-Val-AAC-3-1	1450	53567	3472.1040376676806	0.0
tRNA-Pro-TGG-2-1	752	4864	3369.5479949874766	0.0
tRNA-Val-AAC-2-1	359	2968	2486.9465922536356	0.0
tRNA-Lys-CTT-2-1	1193	13209	2083.941662749021	0.0
tRNA-Lys-CTT-2-3	1193	13209	2083.941662749021	0.0
tRNA-Lys-CTT-2-2	1193	13209	2083.941662749021	0.0
tRNA-Lys-CTT-2-5	1193	13209	2083.941662749021	0.0
tRNA-Lys-CTT-2-4	1193	13209	2083.941662749021	0.0
tRNA-Val-CAC-2-1	442	2394	1906.4183006535934	0.0
tRNA-Glu-TTC-4-1	962	8615	1850.436346226239	0.0
tRNA-Glu-TTC-4-2	962	8615	1850.436346226239	0.0
tRNA-Lys-CTT-3-1	807	11604	1825.1781776230282	0.0
tRNA-Glu-TTC-3-1	818	8184	1804.4666492565425	0.0
tRNA-Glu-TTC-8-1	760	8107	1794.0063644688666	0.0
tRNA-Glu-TTC-1-2	626	5023	1538.5102564102563	0.0
tRNA-Glu-TTC-1-1	626	5023	1538.5102564102563	0.0
tRNA-Val-CAC-8-1	741	22157	1361.9555644647753	0.0
tRNA-His-GTG-2-1	478	4476	1341.2999999999913	0.0
tRNA-Glu-TTC-9-1	726	22041	1266.730636614844	0.0
tRNA-Gly-CCC-6-1	673	21604	1198.9408958001034	0.0
tRNA-Val-AAC-5-1	442	14001	892.2794461644282	0.0
tRNA-Val-TAC-1-1	332	1781	790.022222222223	0.0
tRNA-Val-TAC-1-2	332	1781	790.022222222223	0.0
tRNA-Lys-TTT-3-4	889	4646	746.8609379182886	0.0
tRNA-Lys-TTT-3-5	889	4646	746.8609379182886	0.0
tRNA-Lys-TTT-3-2	889	4646	746.8609379182886	0.0
tRNA-Lys-TTT-3-3	889	4646	746.8609379182886	0.0
tRNA-Lys-TTT-3-1	889	4646	746.8609379182886	0.0
tRNA-Val-CAC-7-1	217	9860	648.5635964912258	0.0
tRNA-Lys-TTT-5-1	654	4065	636.1331240654735	0.0
tRNA-Val-CAC-3-1	204	996	593.0021585827307	0.0
tRNA-Pro-TGG-3-5	1073	8690	569.6715458990569	0.0
tRNA-Pro-TGG-3-3	1073	8690	569.6715458990569	0.0
tRNA-Pro-TGG-3-4	1073	8690	569.6715458990569	0.0
tRNA-Pro-TGG-3-1	1073	8690	569.6715458990569	0.0
tRNA-Pro-TGG-3-2	1073	8690	569.6715458990569	0.0
tRNA-SeC-TCA-1-1	256	602	514.0	0.0
tRNA-Lys-CTT-1-1	606	2520	492.86674975351195	0.0
tRNA-Lys-CTT-1-2	606	2520	492.86674975351195	0.0
tRNA-Lys-CTT-4-1	596	2504	488.394671831434	0.0
tRNA-Pro-CGG-1-1	1042	8189	474.92154589905743	0.0
tRNA-Pro-CGG-1-2	1042	8189	474.92154589905743	0.0
tRNA-Pro-CGG-1-3	1042	8189	474.92154589905743	0.0
tRNA-Pro-CGG-2-1	978	8080	468.91412845839716	0.0
tRNA-Pro-AGG-1-1	1001	8049	445.9415622389268	0.0
tRNA-Pro-AGG-2-4	1012	8061	442.89376812128	0.0
tRNA-Pro-AGG-2-3	1012	8061	442.89376812128	0.0
tRNA-Pro-AGG-2-6	1012	8061	442.89376812128	0.0
tRNA-Pro-AGG-2-5	1012	8061	442.89376812128	0.0
tRNA-Pro-AGG-2-8	1012	8061	442.89376812128	0.0
tRNA-Pro-AGG-2-7	1012	8061	442.89376812128	0.0
tRNA-Pro-AGG-2-1	1012	8061	442.89376812128	0.0
tRNA-Pro-AGG-2-2	1012	8061	442.89376812128	0.0
tRNA-Arg-CCG-2-1	211	392	383.87619047619046	0.0
tRNA-Glu-TTC-10-1	326	1753	334.3576465201463	0.0
tRNA-Ala-CGC-2-1	141	2279	320.53611111111087	0.0
tRNA-Ala-TGC-3-2	141	2279	320.53611111111087	0.0
tRNA-Ala-TGC-3-1	141	2279	320.53611111111087	0.0
tRNA-Ala-AGC-8-1	43	633	316.3333333333333	0.0
tRNA-Ala-AGC-8-2	43	633	316.3333333333333	0.0
tRNA-Ala-AGC-2-1	244	2980	312.8129120879129	0.0
tRNA-Ala-AGC-2-2	244	2980	312.8129120879129	0.0
tRNA-Ala-AGC-3-1	242	2978	311.97957875457956	0.0
tRNA-Gln-CTG-1-4	735	2727	311.2438977688979	0.0
tRNA-Gln-CTG-1-3	735	2727	311.2438977688979	0.0
tRNA-Gln-CTG-1-5	735	2727	311.2438977688979	0.0
tRNA-Gln-CTG-1-1	735	2727	311.2438977688979	0.0
tRNA-Gln-CTG-1-2	735	2727	311.2438977688979	0.0
tRNA-Ala-CGC-4-1	234	2963	307.94624542124626	0.0
tRNA-Ala-AGC-7-1	233	2962	306.7795787545796	0.0
tRNA-Ala-AGC-5-1	232	2961	306.44624542124626	0.0
tRNA-Gln-CTG-2-1	577	2218	305.7153263403265	0.0
tRNA-Leu-CAA-4-1	153	517	294.9554945054947	0.0
tRNA-Ala-CGC-1-1	120	2194	292.5361111111109	0.0
tRNA-Ala-TGC-2-1	120	2194	292.5361111111109	0.0
tRNA-Ala-CGC-3-1	82	1987	275.00753968253974	0.0
tRNA-Trp-CCA-2-1	117	279	259.0	0.0
tRNA-Gly-CCC-7-1	159	1153	258.25659479409484	0.0
tRNA-Ala-TGC-4-1	74	1968	255.23611111111111	0.0
tRNA-Ala-AGC-4-1	69	1957	249.8075396825397	0.0
tRNA-Val-TAC-2-1	190	554	243.66666666666686	0.0
tRNA-Lys-CTT-7-1	317	1627	230.20855435414248	0.0
tRNA-Gly-CCC-chr1-16	208	4339	219.55422077922077	0.0
tRNA-Gly-CCC-chr1-19	208	4339	219.55422077922077	0.0
tRNA-Arg-CCT-4-1	224	592	213.32619047619022	0.0
tRNA-Ser-AGA-1-1	179	2344	211.926262626263	0.0
tRNA-Ser-TGA-2-1	179	2344	211.926262626263	0.0
tRNA-Asn-GTT-3-1	432	1859	209.42727948380082	0.0
tRNA-Asn-GTT-3-2	432	1859	209.42727948380082	0.0
tRNA-Lys-CTT-11-1	299	1606	207.48831625890438	0.0
tRNA-Met-CAT-1-1	123	326	204.66666666666669	0.0
tRNA-Trp-CCA-4-1	127	221	199.39999999999995	0.0
tRNA-Asn-GTT-2-1	422	1840	196.93204873415834	0.0
tRNA-Asn-GTT-2-2	422	1840	196.93204873415834	0.0
tRNA-Asn-GTT-2-3	422	1840	196.93204873415834	0.0
tRNA-Asn-GTT-2-4	422	1840	196.93204873415834	0.0
tRNA-Asn-GTT-2-5	422	1840	196.93204873415834	0.0
tRNA-Asn-GTT-2-6	422	1840	196.93204873415834	0.0
tRNA-Ser-TGA-4-1	138	2234	194.77272727272756	0.0
tRNA-Gly-CCC-2-2	178	387	193.5	0.0
tRNA-Gly-CCC-2-1	178	387	193.5	0.0
tRNA-Ser-AGA-2-6	153	2304	192.75959595959628	0.0
tRNA-Ser-AGA-2-1	153	2304	192.75959595959628	0.0
tRNA-Ser-AGA-2-3	153	2304	192.75959595959628	0.0
tRNA-Ser-AGA-2-2	153	2304	192.75959595959628	0.0
tRNA-Ser-AGA-2-5	153	2304	192.75959595959628	0.0
tRNA-Ser-AGA-2-4	153	2304	192.75959595959628	0.0
tRNA-Ser-TGA-3-1	153	2304	192.75959595959628	0.0
tRNA-Ser-AGA-4-1	147	2298	192.13333333333367	0.0
tRNA-Ser-AGA-3-1	143	2294	191.7575757575761	0.0
tRNA-Cys-GCA-6-1	167	2051	185.05687368187336	0.0
tRNA-Arg-TCG-1-1	106	196	176.23333333333335	0.0
tRNA-Ala-TGC-1-1	129	2113	168.5688644688642	0.0
tRNA-Ala-TGC-6-1	120	1960	165.72719780219745	0.0
tRNA-Ala-TGC-5-1	123	2105	164.86886446886422	0.0
tRNA-Ala-TGC-7-1	123	2105	164.86886446886422	0.0
tRNA-Val-AAC-6-1	117	2093	163.44188034188002	0.0
tRNA-Ala-TGC-8-1	113	2089	162.9021978021975	0.0
tRNA-Met-CAT-6-1	91	275	152.41666666666666	0.0
tRNA-Gln-CTG-3-1	308	1457	148.88984348984374	0.0
tRNA-Gln-CTG-3-2	308	1457	148.88984348984374	0.0
tRNA-Gln-CTG-5-1	294	1129	148.70686813186805	0.0
tRNA-Gln-CTG-6-1	351	1591	147.8941724941727	0.0
tRNA-Arg-TCG-3-1	213	600	146.78809523809525	0.0
tRNA-Val-TAC-3-1	77	203	144.30000000000007	0.0
tRNA-Arg-CCT-3-1	178	515	140.32619047619053	0.0
tRNA-Ala-AGC-6-1	39	145	140.17142857142855	0.0
tRNA-Arg-CCG-1-3	192	567	139.05476190476193	0.0
tRNA-Arg-CCG-1-2	192	567	139.05476190476193	0.0
tRNA-Arg-CCG-1-1	192	567	139.05476190476193	0.0
tRNA-Gln-CTG-4-2	283	1421	135.10651015651038	0.0
tRNA-Gln-CTG-4-1	283	1421	135.10651015651038	0.0
tRNA-Lys-TTT-4-1	255	1021	134.70189157247984	0.0
tRNA-Asp-GTC-1-1	104	155	126.38827838827842	0.0
tRNA-Arg-CCT-2-1	185	494	124.15952380952399	0.0
tRNA-Arg-CCT-1-1	184	493	123.15952380952398	0.0
tRNA-Ser-GCT-3-1	155	465	122.5500000000001	0.0
tRNA-Cys-GCA-2-3	157	848	116.48781398340228	0.0
tRNA-Cys-GCA-2-4	157	848	116.48781398340228	0.0
tRNA-Cys-GCA-2-1	157	848	116.48781398340228	0.0
tRNA-Cys-GCA-2-2	157	848	116.48781398340228	0.0
tRNA-Cys-GCA-4-1	157	848	116.47872307431136	0.0
tRNA-Asn-GTT-1-1	194	769	116.09199434410422	0.0
tRNA-Lys-TTT-6-1	201	918	113.54106057341356	0.0
tRNA-Lys-CTT-6-1	214	473	112.93147685647686	0.0
tRNA-Pro-TGG-1-1	200	459	112.68370190181358	0.0
tRNA-Glu-CTC-3-1	95	914	112.44242424242425	0.0
tRNA-Gly-TCC-1-1	114	228	104.15277777777779	0.0
tRNA-Gly-GCC-4-1	166	964	97.20412175543764	0.0
tRNA-Asn-GTT-5-1	179	824	97.1802366573466	0.0
tRNA-Ala-AGC-1-1	73	616	94.21190476190475	0.0
tRNA-Gln-TTG-1-1	248	669	90.6552447552449	0.0
tRNA-SeC-TCA-2-1	93	177	89.0	0.0
tRNA-Gln-TTG-3-1	246	664	88.82191142191155	0.0
tRNA-Gln-TTG-3-2	246	664	88.82191142191155	0.0
tRNA-Gln-TTG-3-3	246	664	88.82191142191155	0.0
tRNA-Arg-CCT-5-1	117	409	83.8666666666668	0.0
tRNA-Arg-TCT-1-1	60	88	82.53333333333335	0.0
tRNA-Ala-AGC-11-1	16	81	80.33333333333334	0.0
tRNA-Ser-GCT-4-3	132	430	79.24047619047629	0.0
tRNA-Ser-GCT-4-2	132	430	79.24047619047629	0.0
tRNA-Ser-GCT-4-1	132	430	79.24047619047629	0.0
tRNA-Asp-ATC-chr6-103	48	572	78.58809523809524	0.0
tRNA-iMet-CAT-1-8	215	680	78.28333333333352	0.0
tRNA-iMet-CAT-1-7	215	680	78.28333333333352	0.0
tRNA-iMet-CAT-1-6	215	680	78.28333333333352	0.0
tRNA-iMet-CAT-1-5	215	680	78.28333333333352	0.0
tRNA-iMet-CAT-1-4	215	680	78.28333333333352	0.0
tRNA-iMet-CAT-1-3	215	680	78.28333333333352	0.0
tRNA-iMet-CAT-1-2	215	680	78.28333333333352	0.0
tRNA-iMet-CAT-1-1	215	680	78.28333333333352	0.0
tRNA-Asn-GTT-6-1	157	718	75.36777846336665	0.0
tRNA-Gly-CCC-3-1	70	152	74.61152444047185	0.0
tRNA-Met-CAT-3-2	99	424	73.55952380952388	0.0
tRNA-Met-CAT-3-1	99	424	73.55952380952388	0.0
tRNA-Arg-ACG-2-3	152	371	70.44642857142857	0.0
tRNA-Arg-ACG-2-2	152	371	70.44642857142857	0.0
tRNA-Arg-ACG-2-4	152	371	70.44642857142857	0.0
tRNA-Arg-ACG-2-1	152	371	70.44642857142857	0.0
tRNA-Asp-GTC-2-4	333	802	68.27705627705642	0.0
tRNA-Asp-GTC-2-3	333	802	68.27705627705642	0.0
tRNA-Asp-GTC-2-2	333	802	68.27705627705642	0.0
tRNA-Asp-GTC-2-1	333	802	68.27705627705642	0.0
tRNA-Asp-GTC-2-9	333	802	68.27705627705642	0.0
tRNA-Asp-GTC-2-8	333	802	68.27705627705642	0.0
tRNA-Asp-GTC-2-7	333	802	68.27705627705642	0.0
tRNA-Asp-GTC-2-6	333	802	68.27705627705642	0.0
tRNA-Asp-GTC-2-5	333	802	68.27705627705642	0.0
tRNA-Asp-GTC-2-10	333	802	68.27705627705642	0.0
tRNA-Asp-GTC-2-11	333	802	68.27705627705642	0.0
tRNA-Glu-TTC-6-1	95	284	62.817009379509386	0.0
tRNA-Ser-GCT-5-1	98	352	61.88571428571437	0.0
tRNA-Met-CAT-4-3	83	403	59.30952380952384	0.0
tRNA-Met-CAT-4-1	83	403	59.30952380952384	0.0
tRNA-Met-CAT-4-2	83	403	59.30952380952384	0.0
tRNA-Met-CAT-2-1	83	403	59.30952380952384	0.0
tRNA-Val-TAC-4-1	58	428	55.81004901960786	0.0
tRNA-Gly-CCC-4-1	84	387	55.28122243253825	0.0
tRNA-Met-CAT-5-1	65	375	55.059523809523846	0.0
tRNA-Leu-CAG-2-2	108	455	55.00751470751471	0.0
tRNA-Leu-CAG-2-1	108	455	55.00751470751471	0.0
tRNA-Tyr-GTA-1-1	50	115	53.135714285714286	0.0
tRNA-Gln-TTG-2-1	128	269	53.02234432234436	0.0
tRNA-Tyr-GTA-8-1	49	114	52.80238095238096	0.0
tRNA-Ser-TGA-1-1	24	50	50.0	0.0
tRNA-Leu-CAA-1-2	97	280	48.53882783882784	0.0
tRNA-Cys-GCA-5-1	35	105	48.49178223737049	0.0
tRNA-Und-NNN-3-1	73	272	48.12431318681326	0.0
tRNA-Tyr-GTA-2-1	84	276	47.552380952380936	0.0
tRNA-Leu-CAA-1-1	96	279	47.53882783882784	0.0
tRNA-Leu-TAA-1-1	30	50	46.833333333333336	0.0
tRNA-Tyr-GTA-5-4	80	272	46.388888888888864	0.0
tRNA-Tyr-GTA-5-5	79	271	45.388888888888864	0.0
tRNA-Tyr-GTA-5-1	79	271	45.388888888888864	0.0
tRNA-Asn-GTT-4-1	78	279	44.73742391453392	0.0
tRNA-Tyr-GTA-5-3	78	270	44.388888888888864	0.0
tRNA-Tyr-GTA-5-2	78	270	44.388888888888864	0.0
tRNA-Thr-TGT-2-1	34	54	44.25	0.0
tRNA-Cys-GCA-chr5-2	104	321	44.17866479925305	0.0
tRNA-Arg-ACG-1-3	90	250	43.696428571428584	0.0
tRNA-Arg-ACG-1-1	90	250	43.696428571428584	0.0
tRNA-Arg-ACG-1-2	90	250	43.696428571428584	0.0
tRNA-Leu-TAG-3-1	45	59	42.91025641025643	0.0
tRNA-Gln-CTG-chr19-4	51	516	42.182967032967056	0.0
tRNA-Leu-CAA-2-1	86	264	41.955494505494514	0.0
tRNA-Gln-CTG-7-1	46	523	39.13681318681321	0.0
tRNA-Leu-CAG-1-7	93	345	38.91822899322901	0.0
tRNA-Leu-CAG-1-6	93	345	38.91822899322901	0.0
tRNA-Leu-CAG-1-5	93	345	38.91822899322901	0.0
tRNA-Leu-CAG-1-4	93	345	38.91822899322901	0.0
tRNA-Leu-CAG-1-3	93	345	38.91822899322901	0.0
tRNA-Leu-CAG-1-2	93	345	38.91822899322901	0.0
tRNA-Leu-CAG-1-1	93	345	38.91822899322901	0.0
tRNA-Asp-GTC-3-1	220	462	38.14652014652017	0.0
tRNA-Leu-CAA-3-1	84	261	38.03882783882786	0.0
tRNA-iMet-CAT-2-1	132	358	38.03333333333341	0.0
tRNA-Trp-CCA-3-2	76	184	36.03333333333331	0.0
tRNA-Trp-CCA-3-1	76	184	36.03333333333331	0.0
tRNA-Trp-CCA-3-3	76	184	36.03333333333331	0.0
tRNA-Leu-TAG-1-1	100	231	36.012276612276594	0.0
tRNA-Leu-TAG-2-1	65	112	35.615451215451216	0.0
tRNA-Val-CAC-6-1	94	320	35.2686274509804	0.0
tRNA-Leu-AAG-2-1	104	256	34.909895659895646	0.0
tRNA-Leu-AAG-2-3	104	256	34.909895659895646	0.0
tRNA-Leu-AAG-2-2	104	256	34.909895659895646	0.0
tRNA-Leu-AAG-2-4	104	256	34.909895659895646	0.0
tRNA-Lys-CTT-chr15-5	69	145	34.666666666666664	0.0
tRNA-Trp-CCA-1-1	71	175	34.63333333333331	0.0
tRNA-Lys-CTT-5-1	114	216	34.238744588744595	0.0
tRNA-Lys-CTT-chr7-30	120	230	34.16255411255412	0.0
tRNA-Gly-TCC-2-6	142	248	33.81944444444447	0.0
tRNA-Gly-TCC-2-5	142	248	33.81944444444447	0.0
tRNA-Gly-TCC-2-4	142	248	33.81944444444447	0.0
tRNA-Gly-TCC-2-3	142	248	33.81944444444447	0.0
tRNA-Gly-TCC-2-2	142	248	33.81944444444447	0.0
tRNA-Gly-TCC-2-1	142	248	33.81944444444447	0.0
tRNA-Gly-CCC-5-1	72	634	33.336989764621386	0.0
tRNA-Trp-CCA-5-1	67	170	32.86666666666665	0.0
tRNA-Ser-GCT-2-1	55	190	32.35714285714286	0.0
tRNA-Leu-AAG-1-3	97	225	30.262276612276597	0.0
tRNA-Leu-AAG-1-1	97	225	30.262276612276597	0.0
tRNA-Leu-AAG-1-2	97	225	30.262276612276597	0.0
tRNA-Gly-TCC-3-1	78	154	30.152777777777775	0.0
tRNA-Ile-TAT-1-1	27	56	29.116666666666667	0.0
tRNA-Ser-GCT-1-1	51	186	28.35714285714285	0.0
tRNA-Glu-CTC-5-1	33	56	26.117171717171722	0.0
tRNA-Arg-TCG-5-1	56	96	25.204761904761902	0.0
tRNA-Arg-TCG-4-1	54	94	24.804761904761904	0.0
tRNA-Thr-TGT-4-1	42	70	24.083333333333332	0.0
tRNA-Leu-AAG-3-1	61	185	22.59963924963924	0.0
tRNA-Phe-GAA-1-6	62	146	22.04722222222222	0.0
tRNA-Phe-GAA-1-1	62	146	22.04722222222222	0.0
tRNA-Phe-GAA-1-2	62	146	22.04722222222222	0.0
tRNA-Phe-GAA-1-3	62	146	22.04722222222222	0.0
tRNA-Phe-GAA-1-4	62	146	22.04722222222222	0.0
tRNA-Phe-GAA-1-5	62	146	22.04722222222222	0.0
tRNA-Thr-TGT-6-1	33	56	20.249999999999996	0.0
tRNA-Thr-TGT-5-1	34	61	20.083333333333332	0.0
tRNA-Ser-CGA-4-1	8	20	20.0	0.0
tRNA-Cys-GCA-1-1	66	119	19.855072705072697	0.0
tRNA-Ile-TAT-2-1	28	63	18.783333333333335	0.0
tRNA-Thr-CGT-6-1	28	160	18.700000000000003	0.0
tRNA-Cys-GCA-17-1	50	130	18.02068944127768	0.0
tRNA-Arg-TCG-2-1	38	72	16.471428571428568	0.0
tRNA-Thr-CGT-2-1	13	22	16.0	0.0
tRNA-Arg-TCT-3-1	33	44	15.092857142857143	0.0
tRNA-Arg-TCT-3-2	33	44	15.092857142857143	0.0
tRNA-Ala-AGC-15-1	17	86	14.128968253968251	0.0
tRNA-Ala-AGC-10-1	17	86	14.128968253968251	0.0
tRNA-Ala-AGC-12-3	17	86	14.128968253968251	0.0
tRNA-Ala-AGC-12-1	17	86	14.128968253968251	0.0
tRNA-Ala-AGC-12-2	17	86	14.128968253968251	0.0
tRNA-Ala-AGC-14-1	17	86	14.128968253968251	0.0
tRNA-Arg-TCT-2-1	28	35	14.116666666666667	0.0
tRNA-Pro-AGG-3-1	91	242	13.640100250626558	0.0
tRNA-Lys-TTT-1-1	79	93	13.177988677988681	0.0
tRNA-Ile-TAT-2-3	25	46	13.11666666666667	0.0
tRNA-Ile-TAT-2-2	25	46	13.11666666666667	0.0
tRNA-Lys-CTT-chr16-1	63	136	12.868434343434345	0.0
tRNA-Gln-TTG-4-1	31	59	12.346153846153843	0.0
tRNA-Lys-TTT-2-1	74	88	12.344655344655349	0.0
tRNA-Thr-TGT-3-1	15	22	12.333333333333332	0.0
tRNA-Tyr-GTA-3-1	28	33	12.135714285714286	0.0
tRNA-Tyr-GTA-4-1	23	26	12.079365079365079	0.0
tRNA-Thr-CGT-4-1	13	18	12.0	0.0
tRNA-Gly-TCC-4-1	40	84	11.777777777777771	0.0
tRNA-Gly-GCC-6-1	14	22	11.76666666666667	0.0
tRNA-Asp-GTC-5-1	46	77	10.8543956043956	0.0
tRNA-Ile-AAT-4-1	25	41	10.586147186147185	0.0
tRNA-Lys-CTT-12-1	51	117	10.548989898989902	0.0
tRNA-Phe-GAA-2-1	30	64	10.21388888888889	0.0
tRNA-Ser-CGA-1-1	11	16	10.166666666666666	0.0
tRNA-Cys-ACA-1-1	36	79	10.019444444444442	0.0
tRNA-Phe-GAA-4-1	28	62	9.97777777777778	0.0
tRNA-Tyr-GTA-6-1	23	28	9.972222222222221	0.0
tRNA-Gln-CTG-9-1	30	101	9.766666666666667	0.0
tRNA-Lys-CTT-8-1	41	70	9.341666666666665	0.0
tRNA-Thr-TGT-1-1	8	12	9.3	0.0
tRNA-Glu-TTC-7-1	16	43	8.870454545454548	0.0
tRNA-Leu-AAG-4-1	17	29	8.314285714285715	0.0
tRNA-Cys-GCA-24-1	9	16	8.294322344322344	0.0
tRNA-Lys-CTT-14-1	31	64	8.096212121212123	0.0
tRNA-Ile-TAT-3-1	6	28	7.866666666666667	0.0
tRNA-Lys-TTT-14-1	37	44	6.698840048840047	0.0
tRNA-Ile-AAT-2-1	30	48	6.586147186147183	0.0
tRNA-Asp-GTC-4-1	38	61	6.563186813186811	0.0
tRNA-Lys-CTT-16-1	22	36	6.41868686868687	0.0
tRNA-Cys-GCA-7-1	24	34	6.380180930180929	0.0
tRNA-Cys-GCA-14-1	49	66	6.329726645903116	0.0
tRNA-Ile-AAT-6-1	19	29	6.0666666666666655	0.0
tRNA-Phe-GAA-8-1	3	6	6.0	0.0
tRNA-Phe-GAA-3-1	15	16	5.977777777777777	0.0
tRNA-Ile-AAT-5-5	35	65	5.897258297258297	0.0
tRNA-Ile-AAT-5-4	35	65	5.897258297258297	0.0
tRNA-Ile-AAT-5-3	35	65	5.897258297258297	0.0
tRNA-Ile-AAT-5-2	35	65	5.897258297258297	0.0
tRNA-Ile-AAT-5-1	35	65	5.897258297258297	0.0
tRNA-Lys-CTT-9-1	10	12	5.699999999999999	0.0
tRNA-Cys-GCA-8-1	52	70	5.58357279974927	0.0
tRNA-Ile-AAT-3-1	24	35	5.519480519480519	0.0
tRNA-Cys-GCA-19-1	33	43	5.377262443438911	0.0
tRNA-Asn-GTT-15-1	10	13	5.37409159467983	0.0
tRNA-Ile-AAT-7-2	31	59	5.2972582972582964	0.0
tRNA-Ile-AAT-7-1	31	59	5.2972582972582964	0.0
tRNA-Ala-TGC-9-1	1	5	5.0	0.0
tRNA-Ile-AAT-1-1	28	51	4.877777777777778	0.0
tRNA-Ile-AAT-8-1	29	52	4.8305916305916305	0.0
tRNA-Lys-TTT-8-1	40	51	4.627988677988677	0.0
tRNA-Leu-TAA-3-1	5	5	4.333333333333334	0.0
tRNA-Lys-TTT-11-1	22	28	4.286935286935286	0.0
tRNA-Glu-TTC-11-1	5	6	4.25	0.0
tRNA-Leu-CAG-chr9-3	9	14	4.041666666666666	0.0
tRNA-Phe-GAA-10-1	18	26	3.976057903449207	0.0
tRNA-Thr-AGT-2-2	13	18	3.9111111111111114	0.0
tRNA-Thr-AGT-2-1	13	18	3.9111111111111114	0.0
tRNA-Cys-GCA-9-4	41	52	3.910845527021999	0.0
tRNA-Cys-GCA-9-2	41	52	3.910845527021999	0.0
tRNA-Cys-GCA-9-3	41	52	3.910845527021999	0.0
tRNA-Cys-GCA-9-1	41	52	3.910845527021999	0.0
tRNA-Cys-GCA-10-1	41	52	3.910845527021999	0.0
tRNA-Val-CAC-11-1	5	12	3.8333333333333335	0.0
tRNA-Val-CAC-11-2	5	12	3.8333333333333335	0.0
tRNA-Cys-GCA-13-1	40	51	3.8199364361129082	0.0
tRNA-Lys-CTT-10-1	17	25	3.7947667528549887	0.0
tRNA-Cys-GCA-15-1	39	50	3.78147489765137	0.0
tRNA-Sup-TTA-1-1	18	20	3.742063492063492	0.0
tRNA-Cys-GCA-11-1	22	30	3.616782237370472	0.0
tRNA-Arg-TCT-5-1	15	15	3.45	0.0
tRNA-Thr-CGT-3-1	12	17	3.4111111111111114	0.0
tRNA-Thr-AGT-6-1	12	17	3.4111111111111114	0.0
tRNA-Arg-TCG-6-1	16	21	3.3333333333333335	0.0
tRNA-Thr-AGT-1-1	15	16	3.1611111111111114	0.0
tRNA-Thr-AGT-1-3	15	16	3.1611111111111114	0.0
tRNA-Thr-AGT-1-2	15	16	3.1611111111111114	0.0
tRNA-Thr-AGT-5-1	15	16	3.1611111111111114	0.0
tRNA-Asn-GTT-7-1	10	13	2.8843480049362404	0.0
tRNA-Gln-CTG-12-1	5	6	2.853846153846154	0.0
tRNA-Cys-GCA-3-1	9	14	2.835414585414586	0.0
tRNA-Tyr-GTA-chr1-127	8	8	2.8333333333333335	0.0
tRNA-Tyr-GTA-chr21-2	8	8	2.8333333333333335	0.0
tRNA-Leu-CAA-6-1	21	28	2.5178321678321676	0.0
tRNA-Lys-TTT-7-1	7	8	2.507936507936508	0.0
tRNA-Asn-GTT-9-2	13	29	2.434626711736686	0.0
tRNA-Asn-GTT-9-1	13	29	2.434626711736686	0.0
tRNA-Leu-CAG-chr9-7	24	35	2.342832167832168	0.0
tRNA-Tyr-GTA-chr14-8	7	7	2.333333333333333	0.0
tRNA-Ser-ACT-1-1	9	25	2.2666666666666666	0.0
tRNA-Cys-GCA-22-1	25	28	2.155068950657186	0.0
tRNA-Cys-GCA-20-1	25	28	2.155068950657186	0.0
tRNA-Asn-GTT-11-2	11	17	2.1511655011655013	0.0
tRNA-Asn-GTT-11-1	11	17	2.1511655011655013	0.0
tRNA-Ser-GCT-6-1	12	14	2.128571428571428	0.0
tRNA-Asn-GTT-12-1	6	12	2.0579710144927534	0.0
tRNA-Ser-CGA-3-1	4	6	2.0	0.0
tRNA-Arg-TCT-4-1	2	2	2.0	0.0
tRNA-Ser-CGA-2-1	4	6	2.0	0.0
tRNA-Gln-TTG-6-1	2	2	2.0	0.0
tRNA-Cys-GCA-chr11-21	22	28	1.8572667528549878	0.0
tRNA-Cys-GCA-18-1	14	15	1.7833406789289141	0.0
tRNA-Ile-GAT-1-1	9	21	1.7285714285714284	0.0
tRNA-Ile-GAT-1-3	9	21	1.7285714285714284	0.0
tRNA-Ile-GAT-1-2	9	21	1.7285714285714284	0.0
tRNA-Cys-GCA-16-1	6	11	1.706043956043956	0.0
tRNA-Asn-GTT-17-1	5	5	1.6818181818181819	0.0
tRNA-Val-CAC-10-1	3	12	1.6111111111111112	0.0
tRNA-Ala-AGC-22-1	3	5	1.4444444444444444	0.0
tRNA-Ala-AGC-13-2	3	5	1.4444444444444444	0.0
tRNA-Ala-AGC-13-1	3	5	1.4444444444444444	0.0
tRNA-Leu-TAA-2-1	2	2	1.3333333333333333	0.0
tRNA-Cys-GCA-25-1	8	9	1.2943223443223444	0.0
tRNA-Tyr-GTA-7-1	9	10	1.2222222222222223	0.0
tRNA-Lys-TTT-15-1	3	3	1.1666666666666667	0.0
tRNA-Leu-AAG-5-1	2	2	1.125	0.0
tRNA-Asn-GTT-14-1	4	4	1.0666666666666667	0.0
tRNA-Asn-GTT-10-1	5	11	1.0579710144927537	0.0
tRNA-Asn-GTT-8-1	5	11	1.0579710144927537	0.0
tRNA-Asn-ATT-1-2	6	13	1.041304347826087	0.0
tRNA-Asn-ATT-1-1	6	13	1.041304347826087	0.0
tRNA-Leu-TAA-4-1	1	1	1.0	0.0
tRNA-Asn-GTT-20-1	1	1	1.0	0.0
nmt-tRNA-Ser-TGA-2-1	1	2	1.0	0.0
tRNA-Val-CAC-9-1	1	1	1.0	0.0
nmt-tRNA-Ser-TGA-1-1	1	2	1.0	0.0
tRNA-Ala-AGC-9-1	1	2	1.0	0.0
tRNA-Ala-AGC-9-2	1	2	1.0	0.0
tRNA-Gln-CTG-8-2	2	2	1.0	0.0
tRNA-Gln-CTG-8-1	2	2	1.0	0.0
tRNA-Ala-CGC-5-1	3	4	0.7857142857142856	0.0
tRNA-Cys-GCA-12-1	5	5	0.717156862745098	0.0
tRNA-Asn-GTT-13-1	6	6	0.696003016591252	0.0
tRNA-Asn-GTT-18-1	6	6	0.696003016591252	0.0
tRNA-Lys-TTT-13-1	4	4	0.6764705882352942	0.0
tRNA-Asn-GTT-19-1	2	2	0.5833333333333334	0.0
tRNA-Asn-GTT-16-1	5	12	0.5413043478260869	0.0
tRNA-Asn-GTT-16-2	5	12	0.5413043478260869	0.0
tRNA-Asn-GTT-16-3	5	12	0.5413043478260869	0.0
tRNA-Asn-GTT-16-4	5	12	0.5413043478260869	0.0
tRNA-Asn-GTT-16-5	5	12	0.5413043478260869	0.0
tRNA-Leu-CAA-5-1	1	1	0.5	0.0
tRNA-Phe-GAA-6-1	4	4	0.4361111111111111	0.0
tRNA-Thr-AGT-4-1	3	4	0.4111111111111111	0.0
tRNA-Cys-GCA-23-1	8	9	0.39432234432234425	0.0
tRNA-Ala-AGC-21-1	2	3	0.375	0.0
tRNA-Ala-AGC-19-1	2	3	0.375	0.0
tRNA-Cys-GCA-21-1	7	8	0.2943223443223443	0.0
tRNA-Lys-TTT-9-1	3	3	0.22619047619047616	0.0
tRNA-Tyr-GTA-9-1	2	2	0.2222222222222222	0.0
tRNA-Tyr-GTA-11-1	2	2	0.2111111111111111	0.0
tRNA-Tyr-GTA-chr7-6	1	1	0.2	0.0
tRNA-Tyr-GTA-chr7-1	1	1	0.2	0.0
nmt-tRNA-Tyr-GTA-chr17-32	1	1	0.2	0.0
tRNA-Tyr-GTA-chr2-12	1	1	0.2	0.0
nmt-tRNA-Tyr-GTA-chr4-1	1	1	0.2	0.0
tRNA-Leu-AAG-7-1	1	1	0.2	0.0
tRNA-Tyr-ATA-1-1	1	1	0.14285714285714285	0.0
tRNA-Ala-AGC-17-1	1	1	0.14285714285714285	0.0
tRNA-Val-AAC-7-1	2	2	0.1111111111111111	0.0
tRNA-Phe-GAA-5-1	1	1	0.1111111111111111	0.0
tRNA-Ser-AGA-5-1	1	1	0.09090909090909091	0.0
tRNA-Leu-AAG-6-1	1	1	0.09090909090909091	0.0
tRNA-Lys-TTT-chr3-2	1	1	0.09090909090909091	0.0
tRNA-Lys-TTT-10-1	1	1	0.08333333333333333	0.0
tRNA-Cys-GCA-chr12-14	1	1	0.07142857142857142	0.0
tRNA-Asn-GTT-21-1	1	1	0.058823529411764705	0.0
