ReferenceID	uniqueReadCount	totalReadCount	multimapAdjustedReadCount	multimapAdjustedBarcodeCount
tRNA-Gly-GCC-1-5	6047	268359	45317.92484098977	0.0
tRNA-Gly-GCC-1-3	6047	268359	45317.92484098977	0.0
tRNA-Gly-GCC-1-4	6047	268359	45317.92484098977	0.0
tRNA-Gly-GCC-1-1	6047	268359	45317.92484098977	0.0
tRNA-Gly-GCC-1-2	6047	268359	45317.92484098977	0.0
tRNA-Gly-CCC-1-2	4801	191278	23580.896014261816	0.0
tRNA-Gly-CCC-1-1	4801	191278	23580.896014261816	0.0
tRNA-Gly-GCC-2-1	6368	238813	22652.585139025567	0.0
tRNA-Gly-GCC-2-5	6368	238813	22652.585139025567	0.0
tRNA-Gly-GCC-2-4	6368	238813	22652.585139025567	0.0
tRNA-Gly-GCC-2-3	6368	238813	22652.585139025567	0.0
tRNA-Gly-GCC-2-2	6368	238813	22652.585139025567	0.0
tRNA-Gly-GCC-2-6	6368	238813	22652.585139025567	0.0
tRNA-Gly-GCC-3-1	6260	238545	22613.866191306595	0.0
tRNA-Gly-GCC-5-1	5304	219516	21277.327893875958	0.0
tRNA-Glu-TTC-2-2	1692	25968	12061.25	0.0
tRNA-Glu-TTC-2-1	1692	25968	12061.25	0.0
tRNA-Glu-CTC-1-7	4027	96747	11965.343725718736	0.0
tRNA-Glu-CTC-1-6	4027	96747	11965.343725718736	0.0
tRNA-Glu-CTC-1-5	4027	96747	11965.343725718736	0.0
tRNA-Glu-CTC-1-4	4027	96747	11965.343725718736	0.0
tRNA-Glu-CTC-1-3	4027	96747	11965.343725718736	0.0
tRNA-Glu-CTC-1-2	4027	96747	11965.343725718736	0.0
tRNA-Glu-CTC-1-1	4027	96747	11965.343725718736	0.0
tRNA-Lys-CTT-2-1	3394	70331	11488.828210923091	0.0
tRNA-Lys-CTT-2-3	3394	70331	11488.828210923091	0.0
tRNA-Lys-CTT-2-2	3394	70331	11488.828210923091	0.0
tRNA-Lys-CTT-2-5	3394	70331	11488.828210923091	0.0
tRNA-Lys-CTT-2-4	3394	70331	11488.828210923091	0.0
tRNA-Glu-CTC-2-1	3484	92054	11447.742138417154	0.0
tRNA-Lys-TTT-3-4	4114	67713	10529.87860081086	0.0
tRNA-Lys-TTT-3-5	4114	67713	10529.87860081086	0.0
tRNA-Lys-TTT-3-2	4114	67713	10529.87860081086	0.0
tRNA-Lys-TTT-3-3	4114	67713	10529.87860081086	0.0
tRNA-Lys-TTT-3-1	4114	67713	10529.87860081086	0.0
tRNA-Lys-TTT-5-1	3622	65796	10294.659517116663	0.0
tRNA-Val-CAC-2-1	1077	8785	7575.439476699792	0.0
tRNA-His-GTG-1-4	3217	64964	7170.433333333582	0.0
tRNA-His-GTG-1-5	3217	64964	7170.433333333582	0.0
tRNA-His-GTG-1-2	3217	64964	7170.433333333582	0.0
tRNA-His-GTG-1-3	3217	64964	7170.433333333582	0.0
tRNA-His-GTG-1-1	3217	64964	7170.433333333582	0.0
tRNA-His-GTG-1-9	3217	64964	7170.433333333582	0.0
tRNA-His-GTG-1-8	3217	64964	7170.433333333582	0.0
tRNA-His-GTG-1-7	3217	64964	7170.433333333582	0.0
tRNA-His-GTG-1-6	3217	64964	7170.433333333582	0.0
tRNA-Lys-CTT-1-1	2374	28809	7131.903387707075	0.0
tRNA-Lys-CTT-1-2	2374	28809	7131.903387707075	0.0
tRNA-Lys-CTT-4-1	2316	28045	7051.68103228472	0.0
tRNA-Lys-CTT-3-1	1825	44813	6942.017431424853	0.0
tRNA-Gly-CCC-6-1	1682	36645	3772.591029378497	0.0
tRNA-Val-AAC-2-1	633	4510	3650.466529445787	0.0
tRNA-Val-CAC-8-1	1653	36024	3414.6484039225898	0.0
tRNA-Lys-TTT-4-1	1877	20679	3062.43094625963	0.0
tRNA-Val-TAC-1-1	876	6989	3005.5809941520497	0.0
tRNA-Val-TAC-1-2	876	6989	3005.5809941520497	0.0
tRNA-Glu-TTC-9-1	1390	32839	2406.9124519660286	0.0
tRNA-Gly-CCC-2-2	765	4567	2283.5	0.0
tRNA-Gly-CCC-2-1	765	4567	2283.5	0.0
tRNA-Glu-TTC-1-2	909	6018	2086.25	0.0
tRNA-Glu-TTC-1-1	909	6018	2086.25	0.0
tRNA-Glu-TTC-4-1	1342	12123	1982.6314241314242	0.0
tRNA-Glu-TTC-4-2	1342	12123	1982.6314241314242	0.0
tRNA-Arg-CCT-2-1	420	7873	1818.816666666672	0.0
tRNA-Arg-CCT-1-1	418	7871	1816.816666666672	0.0
tRNA-Arg-CCT-4-1	526	7713	1779.8166666666725	0.0
tRNA-Arg-CCT-3-1	491	7645	1709.233333333339	0.0
tRNA-Val-CAC-1-5	1780	24547	1697.1546006710755	0.0
tRNA-Val-CAC-1-4	1780	24547	1697.1546006710755	0.0
tRNA-Val-CAC-1-6	1780	24547	1697.1546006710755	0.0
tRNA-Val-CAC-1-1	1780	24547	1697.1546006710755	0.0
tRNA-Val-CAC-1-3	1780	24547	1697.1546006710755	0.0
tRNA-Val-CAC-1-2	1780	24547	1697.1546006710755	0.0
tRNA-Val-CAC-4-1	1738	24397	1688.5443442608187	0.0
tRNA-Val-CAC-5-1	1612	24010	1652.6993241665377	0.0
tRNA-Val-TAC-2-1	584	3440	1645.5833333333303	0.0
tRNA-Gln-CTG-5-1	807	6313	1627.0874542124432	0.0
tRNA-Val-AAC-3-1	1393	22437	1620.565348420063	0.0
tRNA-Lys-CTT-6-1	906	6551	1573.993352480854	0.0
tRNA-Ala-AGC-1-1	175	1780	1556.9388888888889	0.0
tRNA-Lys-TTT-6-1	1206	12220	1511.445418715263	0.0
tRNA-Glu-TTC-3-1	795	7390	1476.898090798093	0.0
tRNA-Val-AAC-1-1	1427	22625	1468.620726212207	0.0
tRNA-Val-AAC-1-2	1427	22625	1468.620726212207	0.0
tRNA-Val-AAC-1-3	1427	22625	1468.620726212207	0.0
tRNA-Val-AAC-1-4	1427	22625	1468.620726212207	0.0
tRNA-Val-AAC-1-5	1427	22625	1468.620726212207	0.0
tRNA-Val-AAC-4-1	1357	22364	1451.955824610541	0.0
tRNA-Lys-CTT-7-1	1048	10282	1446.8847008383732	0.0
tRNA-Glu-TTC-8-1	704	7225	1426.9930402930427	0.0
tRNA-Arg-CCT-5-1	304	7030	1406.100000000005	0.0
tRNA-Lys-CTT-11-1	992	10163	1378.8024497561225	0.0
tRNA-Pro-AGG-1-1	1031	8582	1131.5715121136157	0.0
tRNA-Gln-TTG-2-1	722	4767	1127.40894383395	0.0
tRNA-Leu-CAA-1-2	353	3220	1095.445238095238	0.0
tRNA-Ala-TGC-3-2	280	5654	1068.8927489177486	0.0
tRNA-Ala-TGC-3-1	280	5654	1068.8927489177486	0.0
tRNA-Ala-CGC-2-1	258	5612	1060.5177489177488	0.0
tRNA-Leu-CAA-1-1	319	3168	1043.945238095238	0.0
tRNA-Ala-TGC-2-1	268	5482	1033.4760822510827	0.0
tRNA-Ala-CGC-1-1	245	5437	1024.934415584416	0.0
tRNA-Met-CAT-1-1	309	1767	1007.9444444444437	0.0
tRNA-Leu-CAA-4-1	338	2377	988.7785714285732	0.0
tRNA-Ala-TGC-4-1	281	2396	975.3427489177492	0.0
tRNA-Gln-CTG-2-1	1096	6946	920.711363636364	0.0
tRNA-Met-CAT-3-2	422	5790	864.6170634920635	0.0
tRNA-Met-CAT-3-1	422	5790	864.6170634920635	0.0
tRNA-Val-CAC-3-1	330	1415	839.4859797667074	0.0
tRNA-Gln-TTG-1-1	677	4457	838.8069957820026	0.0
tRNA-Gln-CTG-1-4	1125	7127	836.7546536796546	0.0
tRNA-Gln-CTG-1-3	1125	7127	836.7546536796546	0.0
tRNA-Gln-CTG-1-5	1125	7127	836.7546536796546	0.0
tRNA-Gln-CTG-1-1	1125	7127	836.7546536796546	0.0
tRNA-Gln-CTG-1-2	1125	7127	836.7546536796546	0.0
tRNA-Glu-TTC-10-1	470	4361	830.1832112332115	0.0
tRNA-Met-CAT-6-1	291	1592	827.4444444444439	0.0
tRNA-Lys-TTT-2-1	553	3680	826.1287101787126	0.0
tRNA-Lys-TTT-1-1	552	3672	822.1287101787125	0.0
tRNA-Met-CAT-4-3	357	5678	809.3670634920635	0.0
tRNA-Met-CAT-4-1	357	5678	809.3670634920635	0.0
tRNA-Met-CAT-4-2	357	5678	809.3670634920635	0.0
tRNA-Met-CAT-2-1	357	5678	809.3670634920635	0.0
tRNA-Met-CAT-5-1	349	5663	806.78373015873	0.0
tRNA-Lys-TTT-7-1	215	1914	768.3734126984128	0.0
tRNA-Gly-TCC-1-1	498	2831	734.2281746031745	0.0
tRNA-Val-TAC-3-1	213	969	731.1087719298251	0.0
tRNA-Pro-TGG-2-1	592	3004	673.8288220551345	0.0
tRNA-Gln-TTG-3-1	651	3910	651.8847735597742	0.0
tRNA-Gln-TTG-3-2	651	3910	651.8847735597742	0.0
tRNA-Gln-TTG-3-3	651	3910	651.8847735597742	0.0
tRNA-Ala-TGC-6-1	170	1712	623.5736596736599	0.0
tRNA-His-GTG-2-1	497	4476	605.1000000000021	0.0
tRNA-Cys-GCA-6-1	349	1993	596.6165143987565	0.0
tRNA-Cys-GCA-5-1	234	858	592.3357309665023	0.0
tRNA-Gly-TCC-3-1	445	2685	589.7281746031745	0.0
tRNA-Pro-TGG-3-5	1185	9041	578.9789234114672	0.0
tRNA-Pro-TGG-3-3	1185	9041	578.9789234114672	0.0
tRNA-Pro-TGG-3-4	1185	9041	578.9789234114672	0.0
tRNA-Pro-TGG-3-1	1185	9041	578.9789234114672	0.0
tRNA-Pro-TGG-3-2	1185	9041	578.9789234114672	0.0
tRNA-Pro-CGG-2-1	1021	8032	578.8825396825376	0.0
tRNA-Leu-TAA-1-1	200	668	564.1023809523808	0.0
tRNA-Ala-AGC-2-1	250	2528	557.3985875235873	0.0
tRNA-Ala-AGC-2-2	250	2528	557.3985875235873	0.0
tRNA-Pro-CGG-1-1	1087	8568	534.5503519828959	0.0
tRNA-Pro-CGG-1-2	1087	8568	534.5503519828959	0.0
tRNA-Pro-CGG-1-3	1087	8568	534.5503519828959	0.0
tRNA-Gly-CCC-chr1-16	367	6336	533.9372154034627	0.0
tRNA-Gly-CCC-chr1-19	367	6336	533.9372154034627	0.0
tRNA-Ala-AGC-3-1	209	2456	526.1152541902541	0.0
tRNA-Pro-TGG-1-1	336	1971	490.7433239962662	0.0
tRNA-Thr-TGT-4-1	266	1707	483.91666666666646	0.0
tRNA-Gln-TTG-4-1	236	1536	478.099816849817	0.0
tRNA-Tyr-GTA-chr14-8	390	1411	466.4409090909079	0.0
tRNA-Tyr-GTA-chr1-127	396	1418	466.4409090909079	0.0
tRNA-Tyr-GTA-chr21-2	396	1418	466.4409090909079	0.0
tRNA-Thr-TGT-1-1	153	924	458.24670329670397	0.0
tRNA-Pro-AGG-2-4	1036	8332	455.9920186495633	0.0
tRNA-Pro-AGG-2-3	1036	8332	455.9920186495633	0.0
tRNA-Pro-AGG-2-6	1036	8332	455.9920186495633	0.0
tRNA-Pro-AGG-2-5	1036	8332	455.9920186495633	0.0
tRNA-Pro-AGG-2-8	1036	8332	455.9920186495633	0.0
tRNA-Pro-AGG-2-7	1036	8332	455.9920186495633	0.0
tRNA-Pro-AGG-2-1	1036	8332	455.9920186495633	0.0
tRNA-Pro-AGG-2-2	1036	8332	455.9920186495633	0.0
tRNA-Thr-TGT-5-1	253	1583	447.75000000000006	0.0
tRNA-Thr-CGT-4-1	93	460	444.5	0.0
tRNA-Gly-CCC-5-1	225	4500	432.35101094744357	0.0
tRNA-Gly-CCC-4-1	240	3385	428.60726260772014	0.0
tRNA-Gly-TCC-2-6	577	3194	425.51388888889016	0.0
tRNA-Gly-TCC-2-5	577	3194	425.51388888889016	0.0
tRNA-Gly-TCC-2-4	577	3194	425.51388888889016	0.0
tRNA-Gly-TCC-2-3	577	3194	425.51388888889016	0.0
tRNA-Gly-TCC-2-2	577	3194	425.51388888889016	0.0
tRNA-Gly-TCC-2-1	577	3194	425.51388888889016	0.0
tRNA-Leu-CAG-2-2	355	3544	417.7785714285702	0.0
tRNA-Leu-CAG-2-1	355	3544	417.7785714285702	0.0
tRNA-Thr-TGT-3-1	165	1417	389.5833333333333	0.0
tRNA-Cys-GCA-4-1	412	2711	388.65229316247684	0.0
tRNA-Cys-GCA-2-3	424	2726	386.62833240101594	0.0
tRNA-Cys-GCA-2-4	424	2726	386.62833240101594	0.0
tRNA-Cys-GCA-2-1	424	2726	386.62833240101594	0.0
tRNA-Cys-GCA-2-2	424	2726	386.62833240101594	0.0
tRNA-Ala-TGC-1-1	173	1753	378.3399295149295	0.0
tRNA-Ala-CGC-3-1	137	1703	375.9323593073593	0.0
tRNA-iMet-CAT-1-8	465	3443	373.0027777777757	0.0
tRNA-iMet-CAT-1-7	465	3443	373.0027777777757	0.0
tRNA-iMet-CAT-1-6	465	3443	373.0027777777757	0.0
tRNA-iMet-CAT-1-5	465	3443	373.0027777777757	0.0
tRNA-iMet-CAT-1-4	465	3443	373.0027777777757	0.0
tRNA-iMet-CAT-1-3	465	3443	373.0027777777757	0.0
tRNA-iMet-CAT-1-2	465	3443	373.0027777777757	0.0
tRNA-iMet-CAT-1-1	465	3443	373.0027777777757	0.0
tRNA-Val-AAC-5-1	379	5477	371.24891518010725	0.0
tRNA-Thr-TGT-2-1	154	1371	352.0833333333333	0.0
tRNA-Leu-TAG-3-1	185	500	348.98181818181826	0.0
tRNA-Arg-TCT-1-1	214	586	347.39999999999986	0.0
tRNA-Arg-CCG-2-1	169	358	347.21666666666664	0.0
tRNA-Leu-CAG-1-7	331	3053	346.5642857142846	0.0
tRNA-Leu-CAG-1-6	331	3053	346.5642857142846	0.0
tRNA-Leu-CAG-1-5	331	3053	346.5642857142846	0.0
tRNA-Leu-CAG-1-4	331	3053	346.5642857142846	0.0
tRNA-Leu-CAG-1-3	331	3053	346.5642857142846	0.0
tRNA-Leu-CAG-1-2	331	3053	346.5642857142846	0.0
tRNA-Leu-CAG-1-1	331	3053	346.5642857142846	0.0
tRNA-Gly-CCC-3-1	167	2208	335.34774031456794	0.0
tRNA-iMet-CAT-2-1	432	3131	334.8777777777757	0.0
tRNA-Gly-GCC-4-1	297	3255	333.53198088461215	0.0
tRNA-Cys-GCA-chr5-2	285	2241	325.9248087949917	0.0
tRNA-Ala-AGC-4-1	161	1246	321.7534632034631	0.0
tRNA-Asp-GTC-1-1	213	477	321.27802197802197	0.0
tRNA-Asp-GTC-2-4	869	3704	318.8054112554095	0.0
tRNA-Asp-GTC-2-3	869	3704	318.8054112554095	0.0
tRNA-Asp-GTC-2-2	869	3704	318.8054112554095	0.0
tRNA-Asp-GTC-2-1	869	3704	318.8054112554095	0.0
tRNA-Asp-GTC-2-9	869	3704	318.8054112554095	0.0
tRNA-Asp-GTC-2-8	869	3704	318.8054112554095	0.0
tRNA-Asp-GTC-2-7	869	3704	318.8054112554095	0.0
tRNA-Asp-GTC-2-6	869	3704	318.8054112554095	0.0
tRNA-Asp-GTC-2-5	869	3704	318.8054112554095	0.0
tRNA-Asp-GTC-2-10	869	3704	318.8054112554095	0.0
tRNA-Asp-GTC-2-11	869	3704	318.8054112554095	0.0
tRNA-Leu-CAA-2-1	246	1704	313.9452380952377	0.0
tRNA-Leu-CAA-3-1	242	1686	297.778571428571	0.0
tRNA-Thr-AGT-3-1	142	731	274.3467032967033	0.0
tRNA-Ala-AGC-6-1	93	283	263.0059523809524	0.0
tRNA-Lys-CTT-chr15-5	229	1136	258.5742424242424	0.0
tRNA-Arg-TCT-2-1	222	604	256.5666666666666	0.0
tRNA-Tyr-GTA-1-1	150	496	244.58757076257072	0.0
tRNA-Gln-CTG-6-1	315	2109	244.23148518148537	0.0
tRNA-Arg-TCT-3-1	254	695	244.0666666666666	0.0
tRNA-Val-CAC-7-1	149	3287	237.40669426462782	0.0
tRNA-Arg-TCT-3-2	252	694	229.0666666666666	0.0
tRNA-Lys-CTT-5-1	324	1299	219.01679709179717	0.0
tRNA-Asn-GTT-2-1	379	2001	198.5517926127579	0.0
tRNA-Asn-GTT-2-2	379	2001	198.5517926127579	0.0
tRNA-Asn-GTT-2-3	379	2001	198.5517926127579	0.0
tRNA-Asn-GTT-2-4	379	2001	198.5517926127579	0.0
tRNA-Asn-GTT-2-5	379	2001	198.5517926127579	0.0
tRNA-Asn-GTT-2-6	379	2001	198.5517926127579	0.0
tRNA-Ser-GCT-3-1	263	959	195.3403717627401	0.0
tRNA-Arg-ACG-2-3	219	1270	192.30906593406579	0.0
tRNA-Arg-ACG-2-2	219	1270	192.30906593406579	0.0
tRNA-Arg-ACG-2-4	219	1270	192.30906593406579	0.0
tRNA-Arg-ACG-2-1	219	1270	192.30906593406579	0.0
tRNA-Asn-GTT-1-1	312	1879	189.7626900486555	0.0
tRNA-Asn-GTT-3-1	296	1881	188.21489054423822	0.0
tRNA-Asn-GTT-3-2	296	1881	188.21489054423822	0.0
tRNA-Arg-ACG-1-3	195	1220	184.30906593406573	0.0
tRNA-Arg-ACG-1-1	195	1220	184.30906593406573	0.0
tRNA-Arg-ACG-1-2	195	1220	184.30906593406573	0.0
tRNA-Asn-GTT-6-1	244	1785	178.388328419946	0.0
tRNA-Leu-TAG-1-1	214	813	174.9656565656567	0.0
tRNA-Cys-GCA-1-1	250	1159	168.4677353999769	0.0
tRNA-Lys-TTT-8-1	327	1608	164.44021811521824	0.0
tRNA-Ile-TAT-2-1	68	471	160.59999999999994	0.0
tRNA-Tyr-GTA-5-1	225	703	158.10066600066585	0.0
tRNA-Ser-GCT-5-1	265	942	151.92608604845435	0.0
tRNA-Gln-CTG-3-1	250	1937	150.62821345321368	0.0
tRNA-Gln-CTG-3-2	250	1937	150.62821345321368	0.0
tRNA-Ser-GCT-4-3	289	982	148.93560985797816	0.0
tRNA-Ser-GCT-4-2	289	982	148.93560985797816	0.0
tRNA-Ser-GCT-4-1	289	982	148.93560985797816	0.0
tRNA-Gln-CTG-4-2	246	1930	148.9087690087692	0.0
tRNA-Gln-CTG-4-1	246	1930	148.9087690087692	0.0
tRNA-Ile-TAT-1-1	44	436	144.59999999999997	0.0
tRNA-Ala-AGC-11-1	65	197	141.25555555555556	0.0
tRNA-Thr-TGT-6-1	112	339	139.6666666666666	0.0
tRNA-Tyr-GTA-5-5	212	684	139.10066600066608	0.0
tRNA-SeC-TCA-1-1	51	153	138.5	0.0
tRNA-Lys-CTT-chr7-30	248	1029	137.05654068154072	0.0
tRNA-Arg-CCG-1-3	183	528	135.97023809523813	0.0
tRNA-Arg-CCG-1-2	183	528	135.97023809523813	0.0
tRNA-Arg-CCG-1-1	183	528	135.97023809523813	0.0
tRNA-Ile-TAT-3-1	31	409	134.60000000000002	0.0
tRNA-Tyr-GTA-8-1	94	330	134.2542374292374	0.0
tRNA-Lys-CTT-16-1	123	671	132.64444444444447	0.0
tRNA-Tyr-GTA-2-1	206	667	132.39709457209472	0.0
tRNA-Thr-CGT-6-1	42	1252	127.89999999999993	0.0
tRNA-Gly-TCC-4-1	137	502	125.53174603174611	0.0
tRNA-Ser-GCT-2-1	253	803	125.20227652464484	0.0
tRNA-Gln-CTG-chr19-4	98	1607	122.38983516483522	0.0
tRNA-Tyr-GTA-5-4	197	667	121.10066600066608	0.0
tRNA-Arg-TCG-1-1	101	203	120.86025641025644	0.0
tRNA-Thr-CGT-3-1	122	572	120.2482905982906	0.0
tRNA-Gln-CTG-7-1	102	1618	120.15573870573877	0.0
tRNA-Arg-TCG-3-1	176	507	116.61382783882785	0.0
tRNA-Ser-GCT-1-1	251	791	113.20227652464486	0.0
tRNA-Leu-AAG-2-1	260	941	111.16406926406938	0.0
tRNA-Leu-AAG-2-3	260	941	111.16406926406938	0.0
tRNA-Leu-AAG-2-2	260	941	111.16406926406938	0.0
tRNA-Leu-AAG-2-4	260	941	111.16406926406938	0.0
tRNA-Lys-TTT-14-1	213	1168	110.17903762903778	0.0
tRNA-Thr-CGT-1-1	118	618	108.5467032967034	0.0
tRNA-Ser-TGA-2-1	197	921	107.47121591858429	0.0
tRNA-Asp-GTC-5-1	251	1106	105.4510989010988	0.0
tRNA-Ser-AGA-1-1	222	950	105.26288258525095	0.0
tRNA-Ala-CGC-4-1	160	1007	105.17239704739721	0.0
tRNA-Ala-AGC-5-1	166	1022	104.99858752358769	0.0
tRNA-Val-CAC-6-1	277	1091	104.07929929547572	0.0
tRNA-Ala-TGC-5-1	138	942	103.68992951492962	0.0
tRNA-Asp-GTC-3-1	360	1046	101.29999999999986	0.0
tRNA-Tyr-GTA-5-3	189	646	101.10066600066608	0.0
tRNA-Cys-GCA-9-4	346	1246	100.45735901165916	0.0
tRNA-Cys-GCA-9-2	346	1246	100.45735901165916	0.0
tRNA-Cys-GCA-9-3	346	1246	100.45735901165916	0.0
tRNA-Cys-GCA-9-1	346	1246	100.45735901165916	0.0
tRNA-Ala-AGC-7-1	169	1016	100.16525419025434	0.0
tRNA-Cys-GCA-8-1	364	1273	99.78526305206331	0.0
tRNA-Tyr-GTA-5-2	187	644	99.76733266733275	0.0
tRNA-Cys-GCA-10-1	341	1216	97.94220749650766	0.0
tRNA-Cys-GCA-13-1	316	1127	96.66541068221089	0.0
tRNA-Leu-AAG-3-1	238	811	95.94740259740269	0.0
tRNA-Ser-TGA-4-1	153	745	94.38030682767527	0.0
tRNA-Leu-AAG-1-3	217	803	93.80454545454563	0.0
tRNA-Leu-AAG-1-1	217	803	93.80454545454563	0.0
tRNA-Leu-AAG-1-2	217	803	93.80454545454563	0.0
tRNA-Val-AAC-6-1	106	865	92.8608891108892	0.0
tRNA-Trp-CCA-2-1	57	100	91.64285714285715	0.0
tRNA-Arg-TCT-5-1	149	421	90.4	0.0
tRNA-Ala-TGC-7-1	128	928	89.68992951492962	0.0
tRNA-Leu-TAA-3-1	86	190	89.60238095238095	0.0
tRNA-Thr-CGT-2-1	45	105	89.5	0.0
tRNA-Cys-GCA-14-1	300	1117	88.94660791090811	0.0
tRNA-Cys-GCA-15-1	300	1111	88.76575450505473	0.0
tRNA-Cys-GCA-19-1	287	1096	87.16196338876361	0.0
tRNA-Thr-AGT-1-1	175	648	85.2078144078145	0.0
tRNA-Thr-AGT-1-3	175	648	85.2078144078145	0.0
tRNA-Thr-AGT-1-2	175	648	85.2078144078145	0.0
tRNA-Ser-AGA-3-1	165	849	84.13084795321646	0.0
tRNA-Ser-AGA-4-1	136	772	82.55627705627703	0.0
tRNA-Tyr-GTA-3-1	104	242	79.12923742923745	0.0
tRNA-Phe-GAA-1-6	242	559	76.02828282828285	0.0
tRNA-Phe-GAA-1-1	242	559	76.02828282828285	0.0
tRNA-Phe-GAA-1-2	242	559	76.02828282828285	0.0
tRNA-Phe-GAA-1-3	242	559	76.02828282828285	0.0
tRNA-Phe-GAA-1-4	242	559	76.02828282828285	0.0
tRNA-Phe-GAA-1-5	242	559	76.02828282828285	0.0
tRNA-Ser-TGA-1-1	57	99	75.6435064935065	0.0
tRNA-Ser-AGA-2-6	197	862	75.51829384066235	0.0
tRNA-Ser-AGA-2-1	197	862	75.51829384066235	0.0
tRNA-Ser-AGA-2-3	197	862	75.51829384066235	0.0
tRNA-Ser-AGA-2-2	197	862	75.51829384066235	0.0
tRNA-Ser-AGA-2-5	197	862	75.51829384066235	0.0
tRNA-Ser-AGA-2-4	197	862	75.51829384066235	0.0
tRNA-Lys-TTT-11-1	145	479	73.9416971916973	0.0
tRNA-Gly-CCC-7-1	80	247	72.86666666666669	0.0
tRNA-Ser-TGA-3-1	165	818	71.05996050732901	0.0
tRNA-Cys-ACA-1-1	94	465	69.7216630591631	0.0
tRNA-Ala-TGC-8-1	88	837	69.02755577755586	0.0
tRNA-Ala-AGC-8-1	63	161	66.25555555555557	0.0
tRNA-Ala-AGC-8-2	63	161	66.25555555555557	0.0
tRNA-Ile-AAT-8-1	149	550	64.03009768009775	0.0
tRNA-Phe-GAA-2-1	170	379	64.02828282828293	0.0
tRNA-Cys-GCA-17-1	245	856	63.407595621454746	0.0
tRNA-Phe-GAA-3-1	140	256	63.306060606060676	0.0
tRNA-Cys-GCA-20-1	212	745	60.49233033118941	0.0
tRNA-Tyr-GTA-4-1	91	221	59.875666000666016	0.0
tRNA-Ser-CGA-4-1	35	73	59.476190476190474	0.0
tRNA-Thr-AGT-2-2	109	476	59.09829059829063	0.0
tRNA-Thr-AGT-2-1	109	476	59.09829059829063	0.0
tRNA-Cys-GCA-22-1	210	740	58.825663664522736	0.0
tRNA-Ser-ACT-1-1	76	133	57.97272727272729	0.0
tRNA-Lys-TTT-15-1	17	101	57.916666666666664	0.0
tRNA-Und-NNN-3-1	69	320	57.68443223443231	0.0
tRNA-Leu-AAG-4-1	84	230	56.90245310245316	0.0
tRNA-Thr-AGT-6-1	99	463	55.84829059829063	0.0
tRNA-Sup-TTA-1-1	70	224	55.7274531024532	0.0
tRNA-Thr-AGT-5-1	114	460	53.89829059829059	0.0
tRNA-Trp-CCA-4-1	60	149	53.709523809523844	0.0
tRNA-Cys-GCA-7-1	129	443	53.46397665871811	0.0
tRNA-Ile-AAT-5-5	189	617	53.36696636696645	0.0
tRNA-Ile-AAT-5-4	189	617	53.36696636696645	0.0
tRNA-Ile-AAT-5-3	189	617	53.36696636696645	0.0
tRNA-Ile-AAT-5-2	189	617	53.36696636696645	0.0
tRNA-Ile-AAT-5-1	189	617	53.36696636696645	0.0
tRNA-Lys-CTT-10-1	122	303	52.30073619191271	0.0
tRNA-Leu-TAG-2-1	108	234	51.54184704184708	0.0
tRNA-Cys-GCA-chr11-21	191	710	49.447728359087414	0.0
tRNA-Ile-AAT-7-2	145	568	48.43009768009767	0.0
tRNA-Ile-AAT-7-1	145	568	48.43009768009767	0.0
tRNA-Arg-TCG-5-1	91	180	48.36382783882785	0.0
tRNA-Ile-AAT-2-1	173	525	47.91141081141082	0.0
tRNA-Arg-TCG-2-1	80	168	46.363827838827845	0.0
tRNA-Glu-TTC-6-1	71	213	45.157142857142865	0.0
tRNA-Thr-AGT-4-1	78	386	43.89829059829059	0.0
tRNA-Tyr-GTA-6-1	80	214	43.23280885780887	0.0
tRNA-Ile-TAT-2-2	49	101	43.099999999999994	0.0
tRNA-Ile-AAT-4-1	147	484	42.89625929625931	0.0
tRNA-Ile-AAT-3-1	140	463	42.861410811410806	0.0
tRNA-Leu-TAA-4-1	60	141	42.65	0.0
tRNA-Leu-TAA-2-1	58	141	39.602380952380955	0.0
tRNA-Arg-TCG-4-1	85	171	39.36382783882783	0.0
tRNA-Lys-CTT-8-1	89	253	36.29528527028528	0.0
tRNA-Ile-AAT-1-1	134	400	36.13629148629147	0.0
tRNA-Glu-CTC-3-1	51	201	34.861111111111114	0.0
nmt-tRNA-Val-TAC-1-1	10	34	34.0	0.0
tRNA-Asp-ATC-chr6-103	46	225	33.76053391053391	0.0
tRNA-Trp-CCA-1-1	59	133	33.44285714285713	0.0
tRNA-Trp-CCA-3-2	68	157	32.64285714285713	0.0
tRNA-Trp-CCA-3-1	68	157	32.64285714285713	0.0
tRNA-Trp-CCA-3-3	68	157	32.64285714285713	0.0
tRNA-Val-TAC-4-1	57	198	31.40626856803327	0.0
tRNA-Lys-TTT-9-1	25	42	30.92539682539683	0.0
tRNA-Cys-GCA-18-1	109	326	29.388184068954867	0.0
tRNA-Pro-AGG-3-1	64	536	27.491979949874686	0.0
tRNA-Ser-GCT-6-1	124	203	26.79116541353383	0.0
tRNA-Asn-GTT-8-1	28	55	26.460869565217394	0.0
tRNA-Lys-CTT-chr16-1	80	289	26.425407925407917	0.0
tRNA-Lys-CTT-14-1	66	254	24.932226107226096	0.0
tRNA-Thr-CGT-chr1-118	53	170	24.892857142857153	0.0
tRNA-Phe-GAA-5-1	112	214	24.88383838383839	0.0
tRNA-Asn-GTT-4-1	112	169	24.47937059033607	0.0
tRNA-Cys-GCA-11-1	99	236	24.28385188153443	0.0
tRNA-Tyr-GTA-7-1	59	156	23.823717948717945	0.0
tRNA-Lys-CTT-12-1	70	264	23.081973581973575	0.0
tRNA-Ile-TAT-2-3	41	81	22.099999999999994	0.0
tRNA-Lys-CTT-9-1	19	64	21.791666666666664	0.0
tRNA-Phe-GAA-4-1	39	110	21.55328282828283	0.0
tRNA-Asn-GTT-10-1	23	50	21.460869565217394	0.0
tRNA-Ala-AGC-15-1	13	46	18.97222222222222	0.0
tRNA-Cys-GCA-21-1	76	181	18.44301706275844	0.0
tRNA-Cys-GCA-25-1	59	154	17.22299857549857	0.0
tRNA-Cys-GCA-23-1	75	177	16.876350396091773	0.0
tRNA-Ile-GAT-1-1	33	192	16.67142857142857	0.0
tRNA-Ile-GAT-1-3	33	192	16.67142857142857	0.0
tRNA-Ile-GAT-1-2	33	192	16.67142857142857	0.0
tRNA-Gly-GCC-6-1	28	69	16.300250626566417	0.0
tRNA-Cys-GCA-3-1	65	161	16.132467015555246	0.0
tRNA-Asn-GTT-5-1	116	164	15.764316200281678	0.0
tRNA-Phe-GAA-6-1	85	135	15.747727272727257	0.0
tRNA-Asn-GTT-7-1	39	51	15.162512569130213	0.0
tRNA-SeC-TCA-2-1	17	29	14.5	0.0
tRNA-Glu-TTC-7-1	36	101	14.483333333333336	0.0
tRNA-Glu-TTC-5-1	14	15	14.142857142857142	0.0
tRNA-Asp-GTC-4-1	48	120	14.111355311355304	0.0
tRNA-Lys-TTT-10-1	25	96	13.056166056166056	0.0
tRNA-Ser-CGA-3-1	12	15	12.976190476190476	0.0
tRNA-Ile-AAT-6-1	64	101	12.802680652680655	0.0
tRNA-Und-NNN-4-1	37	90	12.644444444444439	0.0
tRNA-Arg-TCG-6-1	22	76	12.410256410256409	0.0
tRNA-Leu-AAG-6-1	7	16	12.39090909090909	0.0
tRNA-Cys-GCA-12-1	41	127	12.231341559612353	0.0
tRNA-Tyr-GTA-chr10-3	40	62	12.190909090909088	0.0
tRNA-Tyr-GTA-chr9-10	40	62	12.190909090909088	0.0
tRNA-Asn-GTT-9-2	79	155	11.933546969512445	0.0
tRNA-Asn-GTT-9-1	79	155	11.933546969512445	0.0
tRNA-Ala-AGC-19-1	9	12	10.75	0.0
tRNA-Cys-GCA-24-1	57	147	10.42438746438746	0.0
tRNA-Cys-GCA-16-1	34	91	9.661047694135927	0.0
tRNA-Thr-CGT-5-1	7	9	9.0	0.0
nmt-tRNA-Gln-TTG-9-1	7	10	8.5	0.0
tRNA-Lys-TTT-13-1	19	33	8.132419786096257	0.0
tRNA-Val-CAC-10-1	12	14	7.766666666666666	0.0
tRNA-Phe-GAA-10-1	14	20	7.3730158730158735	0.0
tRNA-Trp-CCA-5-1	22	38	7.276190476190478	0.0
tRNA-Gln-CTG-8-2	11	17	7.238095238095237	0.0
tRNA-Gln-CTG-8-1	11	17	7.238095238095237	0.0
tRNA-Phe-GAA-8-1	3	8	7.1	0.0
tRNA-Ala-AGC-20-1	3	14	7.0	0.0
tRNA-Ser-CGA-1-1	26	42	6.296536796536794	0.0
tRNA-Gln-CTG-12-1	19	24	6.287789987789989	0.0
tRNA-Glu-TTC-11-1	2	8	6.25	0.0
tRNA-Ala-CGC-5-1	9	9	5.348484848484849	0.0
tRNA-Met-CAT-7-1	5	6	5.125	0.0
tRNA-Gln-TTG-6-1	3	5	5.0	0.0
tRNA-Ser-CGA-2-1	15	26	4.41017316017316	0.0
tRNA-Leu-CAA-6-1	7	7	4.25	0.0
tRNA-Glu-CTC-5-1	6	7	4.194444444444445	0.0
nmt-tRNA-Leu-TAA-4-1	3	4	4.0	0.0
tRNA-Ile-AAT-9-1	19	20	3.7577311577311576	0.0
tRNA-Ala-AGC-22-1	10	21	3.666666666666666	0.0
tRNA-Ala-AGC-9-1	10	21	3.5333333333333328	0.0
tRNA-Ala-AGC-9-2	10	21	3.5333333333333328	0.0
tRNA-Ser-AGA-5-1	11	36	2.995483682983683	0.0
tRNA-Asn-GTT-16-1	33	51	2.852536231884058	0.0
tRNA-Asn-GTT-16-2	33	51	2.852536231884058	0.0
tRNA-Asn-GTT-16-3	33	51	2.852536231884058	0.0
tRNA-Asn-GTT-16-4	33	51	2.852536231884058	0.0
tRNA-Asn-GTT-16-5	33	51	2.852536231884058	0.0
tRNA-Gln-CTG-9-1	5	20	2.724242424242424	0.0
tRNA-Arg-TCT-4-1	3	4	2.5	0.0
tRNA-Leu-AAG-5-1	4	12	2.375	0.0
tRNA-Tyr-GTA-10-1	4	4	2.142156862745098	0.0
nmt-tRNA-Leu-TAA-1-1	2	2	2.0	0.0
tRNA-Asn-GTT-17-1	2	2	2.0	0.0
tRNA-Leu-CAA-5-1	2	4	2.0	0.0
tRNA-Tyr-GTA-9-1	9	12	1.948717948717949	0.0
tRNA-Lys-TTT-chr3-2	11	11	1.8727272727272726	0.0
tRNA-Asn-GTT-21-1	11	14	1.8212885154061624	0.0
tRNA-Tyr-GTA-11-1	5	7	1.6472222222222224	0.0
tRNA-Asn-GTT-13-1	20	24	1.624600481218128	0.0
tRNA-Asn-GTT-18-1	20	24	1.624600481218128	0.0
tRNA-SeC-TCA-3-1	5	5	1.575	0.0
nmt-tRNA-Gln-TTG-7-1	3	3	1.5	0.0
tRNA-Asn-GTT-12-1	9	10	1.460869565217391	0.0
tRNA-Tyr-GTA-chr7-6	4	7	1.440909090909091	0.0
tRNA-Tyr-GTA-chr7-1	4	7	1.440909090909091	0.0
tRNA-Ala-AGC-16-1	3	4	1.3472222222222223	0.0
tRNA-Thr-AGT-7-1	3	4	1.2538461538461538	0.0
tRNA-Val-TAC-chr2-6	2	2	1.25	0.0
tRNA-Undet-NNN-chr2-20	2	5	1.25	0.0
tRNA-Undet-NNN-chr2-8	2	5	1.25	0.0
tRNA-iMet-CAT-3-1	3	3	1.2000000000000002	0.0
tRNA-Asn-GTT-15-1	14	17	1.182248388866036	0.0
tRNA-Lys-CTT-15-1	2	2	1.1	0.0
tRNA-Cys-GCA-chr7-25	2	2	1.0909090909090908	0.0
tRNA-Leu-CAG-chr9-3	7	7	1.0074786324786325	0.0
tRNA-Tyr-ATA-1-1	1	1	1.0	0.0
tRNA-Val-CAC-9-1	1	1	1.0	0.0
tRNA-Val-CAC-11-1	1	2	1.0	0.0
tRNA-Val-CAC-11-2	1	2	1.0	0.0
tRNA-Lys-CTT-13-1	2	2	0.75	0.0
tRNA-Lys-TTT-12-1	4	4	0.7242424242424242	0.0
tRNA-Asn-ATT-1-2	8	14	0.6608695652173913	0.0
tRNA-Asn-ATT-1-1	8	14	0.6608695652173913	0.0
tRNA-Ile-AAT-10-1	6	7	0.6363636363636365	0.0
tRNA-Asn-GTT-11-2	4	8	0.6153846153846154	0.0
tRNA-Asn-GTT-11-1	4	8	0.6153846153846154	0.0
tRNA-Leu-CAG-chr9-7	5	6	0.55	0.0
tRNA-Val-TAC-chr17-24	1	1	0.5	0.0
tRNA-Ala-AGC-13-2	2	2	0.4583333333333333	0.0
tRNA-Ala-AGC-13-1	2	2	0.4583333333333333	0.0
tRNA-Asn-GTT-14-1	2	5	0.38461538461538464	0.0
tRNA-Ala-AGC-12-3	2	3	0.3472222222222222	0.0
tRNA-Ala-AGC-12-1	2	3	0.3472222222222222	0.0
tRNA-Ala-AGC-12-2	2	3	0.3472222222222222	0.0
tRNA-Tyr-GTA-chr9-4	1	1	0.25	0.0
tRNA-Ala-AGC-14-1	1	2	0.2222222222222222	0.0
tRNA-Phe-GAA-7-1	2	2	0.2111111111111111	0.0
tRNA-Val-AAC-chr6-84	1	3	0.2	0.0
nmt-tRNA-Tyr-GTA-chr2-10	2	2	0.19090909090909092	0.0
tRNA-Tyr-GTA-chr2-12	2	2	0.19090909090909092	0.0
nmt-tRNA-Tyr-GTA-chr4-1	2	2	0.19090909090909092	0.0
tRNA-Ile-GAT-chrX-5	1	2	0.14285714285714285	0.0
tRNA-Ile-GAT-chrX-7	1	2	0.14285714285714285	0.0
tRNA-Ala-AGC-10-1	1	1	0.125	0.0
tRNA-Ala-AGC-17-1	1	1	0.125	0.0
tRNA-Val-AAC-7-1	1	1	0.1	0.0
nmt-tRNA-Tyr-GTA-chr17-33	1	1	0.09090909090909091	0.0
tRNA-Cys-GCA-chrX-3	1	1	0.07692307692307693	0.0
tRNA-Gln-CTG-11-1	1	1	0.05555555555555555	0.0
tRNA-Gln-CTG-10-1	1	1	0.05555555555555555	0.0
