ReferenceID	uniqueReadCount	totalReadCount	multimapAdjustedReadCount	multimapAdjustedBarcodeCount
tRNA-Gly-GCC-1-5	1335	64546	12308.865501938808	0.0
tRNA-Gly-GCC-1-3	1335	64546	12308.865501938808	0.0
tRNA-Gly-GCC-1-4	1335	64546	12308.865501938808	0.0
tRNA-Gly-GCC-1-1	1335	64546	12308.865501938808	0.0
tRNA-Gly-GCC-1-2	1335	64546	12308.865501938808	0.0
tRNA-Glu-CTC-1-7	1228	42907	5348.870598845604	0.0
tRNA-Glu-CTC-1-6	1228	42907	5348.870598845604	0.0
tRNA-Glu-CTC-1-5	1228	42907	5348.870598845604	0.0
tRNA-Glu-CTC-1-4	1228	42907	5348.870598845604	0.0
tRNA-Glu-CTC-1-3	1228	42907	5348.870598845604	0.0
tRNA-Glu-CTC-1-2	1228	42907	5348.870598845604	0.0
tRNA-Glu-CTC-1-1	1228	42907	5348.870598845604	0.0
tRNA-Glu-CTC-2-1	1118	42527	5306.835101010106	0.0
tRNA-His-GTG-1-4	1215	26513	2937.022222222241	0.0
tRNA-His-GTG-1-5	1215	26513	2937.022222222241	0.0
tRNA-His-GTG-1-2	1215	26513	2937.022222222241	0.0
tRNA-His-GTG-1-3	1215	26513	2937.022222222241	0.0
tRNA-His-GTG-1-1	1215	26513	2937.022222222241	0.0
tRNA-His-GTG-1-9	1215	26513	2937.022222222241	0.0
tRNA-His-GTG-1-8	1215	26513	2937.022222222241	0.0
tRNA-His-GTG-1-7	1215	26513	2937.022222222241	0.0
tRNA-His-GTG-1-6	1215	26513	2937.022222222241	0.0
tRNA-Gly-GCC-2-1	963	21083	1959.4714848447004	0.0
tRNA-Gly-GCC-2-5	963	21083	1959.4714848447004	0.0
tRNA-Gly-GCC-2-4	963	21083	1959.4714848447004	0.0
tRNA-Gly-GCC-2-3	963	21083	1959.4714848447004	0.0
tRNA-Gly-GCC-2-2	963	21083	1959.4714848447004	0.0
tRNA-Gly-GCC-2-6	963	21083	1959.4714848447004	0.0
tRNA-Gly-GCC-3-1	956	21069	1958.2069160801316	0.0
tRNA-Gly-GCC-5-1	934	21032	1954.7664398896559	0.0
tRNA-Gly-CCC-1-2	849	19483	1880.746903870119	0.0
tRNA-Gly-CCC-1-1	849	19483	1880.746903870119	0.0
tRNA-Glu-TTC-2-2	391	3366	1648.0	0.0
tRNA-Glu-TTC-2-1	391	3366	1648.0	0.0
tRNA-Lys-CTT-2-1	402	6668	1122.3714285714318	0.0
tRNA-Lys-CTT-2-3	402	6668	1122.3714285714318	0.0
tRNA-Lys-CTT-2-2	402	6668	1122.3714285714318	0.0
tRNA-Lys-CTT-2-5	402	6668	1122.3714285714318	0.0
tRNA-Lys-CTT-2-4	402	6668	1122.3714285714318	0.0
tRNA-Lys-CTT-3-1	287	5832	975.7666666666651	0.0
tRNA-Val-CAC-2-1	127	766	736.3757352941176	0.0
tRNA-His-GTG-2-1	167	1318	599.8000000000009	0.0
tRNA-Lys-CTT-4-1	201	1348	420.6416666666661	0.0
tRNA-Lys-CTT-1-1	200	1339	416.5416666666661	0.0
tRNA-Lys-CTT-1-2	200	1339	416.5416666666661	0.0
tRNA-Val-AAC-2-1	63	393	356.1944444444444	0.0
tRNA-Glu-TTC-4-1	216	1389	268.75909090909096	0.0
tRNA-Glu-TTC-4-2	216	1389	268.75909090909096	0.0
tRNA-Val-CAC-8-1	264	3741	255.04719802041765	0.0
tRNA-Glu-TTC-9-1	259	3695	242.04467276789245	0.0
tRNA-Glu-TTC-3-1	108	1004	226.44898989898982	0.0
tRNA-Glu-TTC-8-1	106	998	225.88333333333327	0.0
tRNA-Val-CAC-1-5	293	3128	211.02459150326774	0.0
tRNA-Val-CAC-1-4	293	3128	211.02459150326774	0.0
tRNA-Val-CAC-1-6	293	3128	211.02459150326774	0.0
tRNA-Val-CAC-1-1	293	3128	211.02459150326774	0.0
tRNA-Val-CAC-1-3	293	3128	211.02459150326774	0.0
tRNA-Val-CAC-1-2	293	3128	211.02459150326774	0.0
tRNA-Val-CAC-4-1	290	3114	210.02459150326774	0.0
tRNA-Val-CAC-5-1	291	3117	209.92459150326775	0.0
tRNA-Val-AAC-1-1	277	3051	201.70633753501377	0.0
tRNA-Val-AAC-1-2	277	3051	201.70633753501377	0.0
tRNA-Val-AAC-1-3	277	3051	201.70633753501377	0.0
tRNA-Val-AAC-1-4	277	3051	201.70633753501377	0.0
tRNA-Val-AAC-1-5	277	3051	201.70633753501377	0.0
tRNA-Val-AAC-4-1	277	3051	201.70633753501377	0.0
tRNA-Val-AAC-3-1	274	3037	200.70633753501377	0.0
tRNA-Gly-CCC-6-1	191	3353	194.33167008430146	0.0
tRNA-Glu-TTC-1-2	101	396	163.0	0.0
tRNA-Glu-TTC-1-1	101	396	163.0	0.0
tRNA-Lys-TTT-3-4	123	798	131.15681818181824	0.0
tRNA-Lys-TTT-3-5	123	798	131.15681818181824	0.0
tRNA-Lys-TTT-3-2	123	798	131.15681818181824	0.0
tRNA-Lys-TTT-3-3	123	798	131.15681818181824	0.0
tRNA-Lys-TTT-3-1	123	798	131.15681818181824	0.0
tRNA-Lys-TTT-5-1	105	758	123.3750000000001	0.0
tRNA-Cys-GCA-6-1	40	276	110.16483516483517	0.0
tRNA-Val-TAC-1-1	65	229	103.33333333333331	0.0
tRNA-Val-TAC-1-2	65	229	103.33333333333331	0.0
tRNA-Val-CAC-3-1	30	122	98.43455882352941	0.0
tRNA-Glu-TTC-10-1	63	458	89.92222222222227	0.0
tRNA-Gly-CCC-2-2	44	149	74.5	0.0
tRNA-Gly-CCC-2-1	44	149	74.5	0.0
tRNA-Ala-CGC-3-1	35	380	55.635964912280706	0.0
tRNA-Gln-CTG-2-1	101	426	52.46445221445226	0.0
tRNA-Ala-TGC-2-1	37	390	49.93596491228071	0.0
tRNA-Ala-CGC-2-1	37	390	49.68596491228071	0.0
tRNA-Ala-TGC-3-2	37	390	49.68596491228071	0.0
tRNA-Ala-TGC-3-1	37	390	49.68596491228071	0.0
tRNA-Ala-CGC-1-1	36	389	49.43596491228071	0.0
tRNA-Gln-CTG-1-4	99	424	48.797785547785594	0.0
tRNA-Gln-CTG-1-3	99	424	48.797785547785594	0.0
tRNA-Gln-CTG-1-5	99	424	48.797785547785594	0.0
tRNA-Gln-CTG-1-1	99	424	48.797785547785594	0.0
tRNA-Gln-CTG-1-2	99	424	48.797785547785594	0.0
tRNA-Ala-AGC-4-1	33	373	48.635964912280706	0.0
tRNA-Cys-GCA-4-1	36	312	47.83730158730158	0.0
tRNA-Cys-GCA-2-3	36	312	47.83730158730158	0.0
tRNA-Cys-GCA-2-4	36	312	47.83730158730158	0.0
tRNA-Cys-GCA-2-1	36	312	47.83730158730158	0.0
tRNA-Cys-GCA-2-2	36	312	47.83730158730158	0.0
tRNA-Gln-CTG-5-1	81	327	46.11630036630041	0.0
tRNA-Ala-TGC-4-1	30	370	45.635964912280706	0.0
tRNA-Cys-GCA-5-1	17	71	45.357142857142854	0.0
tRNA-SeC-TCA-1-1	13	45	45.0	0.0
tRNA-Pro-TGG-2-1	36	108	42.560651629072694	0.0
tRNA-Ala-AGC-1-1	18	135	34.611111111111114	0.0
tRNA-Pro-TGG-3-5	102	454	30.130930266843606	0.0
tRNA-Pro-TGG-3-3	102	454	30.130930266843606	0.0
tRNA-Pro-TGG-3-4	102	454	30.130930266843606	0.0
tRNA-Pro-TGG-3-1	102	454	30.130930266843606	0.0
tRNA-Pro-TGG-3-2	102	454	30.130930266843606	0.0
tRNA-Val-TAC-2-1	25	65	28.666666666666664	0.0
tRNA-Arg-CCG-2-1	13	28	28.0	0.0
tRNA-Arg-CCT-4-1	19	57	26.9	0.0
tRNA-Cys-GCA-chr5-2	24	169	26.53697691197691	0.0
tRNA-Ser-AGA-2-6	35	316	26.256060606060604	0.0
tRNA-Ser-AGA-1-1	35	316	26.256060606060604	0.0
tRNA-Ser-AGA-2-1	35	316	26.256060606060604	0.0
tRNA-Ser-AGA-2-3	35	316	26.256060606060604	0.0
tRNA-Ser-AGA-2-2	35	316	26.256060606060604	0.0
tRNA-Ser-AGA-2-5	35	316	26.256060606060604	0.0
tRNA-Ser-AGA-2-4	35	316	26.256060606060604	0.0
tRNA-Ser-AGA-4-1	35	316	26.256060606060604	0.0
tRNA-Ser-AGA-3-1	35	316	26.256060606060604	0.0
tRNA-Ser-TGA-3-1	35	316	26.256060606060604	0.0
tRNA-Ser-TGA-2-1	35	316	26.256060606060604	0.0
tRNA-Ser-TGA-4-1	34	313	25.98333333333333	0.0
tRNA-Lys-CTT-7-1	52	166	24.786904761904754	0.0
tRNA-Pro-CGG-2-1	97	420	24.779949874686746	0.0
tRNA-Asp-GTC-2-4	71	282	24.321678321678327	0.0
tRNA-Asp-GTC-2-3	71	282	24.321678321678327	0.0
tRNA-Asp-GTC-2-2	71	282	24.321678321678327	0.0
tRNA-Asp-GTC-2-1	71	282	24.321678321678327	0.0
tRNA-Asp-GTC-2-9	71	282	24.321678321678327	0.0
tRNA-Asp-GTC-2-8	71	282	24.321678321678327	0.0
tRNA-Asp-GTC-2-7	71	282	24.321678321678327	0.0
tRNA-Asp-GTC-2-6	71	282	24.321678321678327	0.0
tRNA-Asp-GTC-2-5	71	282	24.321678321678327	0.0
tRNA-Asp-GTC-2-10	71	282	24.321678321678327	0.0
tRNA-Asp-GTC-2-11	71	282	24.321678321678327	0.0
tRNA-Gln-TTG-2-1	37	123	24.121062271062268	0.0
tRNA-Pro-CGG-1-1	97	421	23.897596933510275	0.0
tRNA-Pro-CGG-1-2	97	421	23.897596933510275	0.0
tRNA-Pro-CGG-1-3	97	421	23.897596933510275	0.0
tRNA-Pro-AGG-2-4	98	419	23.119819155732493	0.0
tRNA-Pro-AGG-2-3	98	419	23.119819155732493	0.0
tRNA-Pro-AGG-2-6	98	419	23.119819155732493	0.0
tRNA-Pro-AGG-2-5	98	419	23.119819155732493	0.0
tRNA-Pro-AGG-2-8	98	419	23.119819155732493	0.0
tRNA-Pro-AGG-2-7	98	419	23.119819155732493	0.0
tRNA-Pro-AGG-2-1	98	419	23.119819155732493	0.0
tRNA-Pro-AGG-2-2	98	419	23.119819155732493	0.0
tRNA-Pro-AGG-1-1	97	417	23.002172096908964	0.0
tRNA-Ala-AGC-5-1	37	208	22.95628348259927	0.0
tRNA-Tyr-GTA-chr14-8	21	68	22.66666666666666	0.0
tRNA-Tyr-GTA-chr1-127	21	68	22.66666666666666	0.0
tRNA-Tyr-GTA-chr21-2	21	68	22.66666666666666	0.0
tRNA-Ser-GCT-3-1	25	129	22.53214285714286	0.0
tRNA-Lys-CTT-11-1	49	162	21.644047619047615	0.0
tRNA-Leu-CAA-4-1	18	57	21.182142857142857	0.0
tRNA-Ala-AGC-2-1	37	212	20.95628348259927	0.0
tRNA-Ala-AGC-2-2	37	212	20.95628348259927	0.0
tRNA-Ala-AGC-3-1	37	212	20.95628348259927	0.0
tRNA-Ala-TGC-6-1	23	166	20.89102564102564	0.0
tRNA-Asp-GTC-1-1	14	23	20.23076923076923	0.0
tRNA-Gly-GCC-4-1	41	194	19.967133743449537	0.0
tRNA-Arg-CCT-3-1	16	50	19.9	0.0
tRNA-Asp-ATC-chr6-103	14	119	18.61111111111111	0.0
tRNA-Ala-CGC-4-1	35	203	17.95628348259927	0.0
tRNA-Ala-AGC-7-1	35	203	17.95628348259927	0.0
tRNA-Val-AAC-6-1	27	188	17.747950149265936	0.0
tRNA-Gln-TTG-3-1	37	124	17.62582417582417	0.0
tRNA-Gln-TTG-3-2	37	124	17.62582417582417	0.0
tRNA-Gln-TTG-3-3	37	124	17.62582417582417	0.0
tRNA-Ser-GCT-4-3	23	124	17.53214285714285	0.0
tRNA-Ser-GCT-4-2	23	124	17.53214285714285	0.0
tRNA-Ser-GCT-4-1	23	124	17.53214285714285	0.0
tRNA-Ser-GCT-5-1	23	124	17.53214285714285	0.0
tRNA-Pro-TGG-1-1	10	34	17.474789915966387	0.0
tRNA-Ser-GCT-2-1	22	122	17.132142857142853	0.0
tRNA-Ser-GCT-1-1	22	122	17.132142857142853	0.0
tRNA-Thr-CGT-4-1	9	17	17.0	0.0
tRNA-Val-TAC-3-1	11	27	16.666666666666668	0.0
tRNA-Leu-CAG-1-7	23	142	15.966269841269837	0.0
tRNA-Leu-CAG-1-6	23	142	15.966269841269837	0.0
tRNA-Leu-CAG-1-5	23	142	15.966269841269837	0.0
tRNA-Leu-CAG-1-4	23	142	15.966269841269837	0.0
tRNA-Leu-CAG-1-3	23	142	15.966269841269837	0.0
tRNA-Leu-CAG-1-2	23	142	15.966269841269837	0.0
tRNA-Leu-CAG-1-1	23	142	15.966269841269837	0.0
tRNA-Val-AAC-5-1	47	238	15.583333333333329	0.0
tRNA-Leu-CAG-2-2	24	139	15.537698412698406	0.0
tRNA-Leu-CAG-2-1	24	139	15.537698412698406	0.0
tRNA-Tyr-GTA-1-1	12	38	15.5	0.0
tRNA-Cys-GCA-8-1	35	162	14.925341325341323	0.0
tRNA-Cys-GCA-14-1	35	162	14.925341325341323	0.0
tRNA-Cys-GCA-15-1	35	162	14.925341325341323	0.0
tRNA-Cys-GCA-13-1	35	162	14.925341325341323	0.0
tRNA-Cys-GCA-9-4	35	162	14.925341325341323	0.0
tRNA-Cys-GCA-9-2	35	162	14.925341325341323	0.0
tRNA-Cys-GCA-9-3	35	162	14.925341325341323	0.0
tRNA-Cys-GCA-9-1	35	162	14.925341325341323	0.0
tRNA-Cys-GCA-10-1	35	162	14.925341325341323	0.0
tRNA-Asp-GTC-3-1	50	168	14.916666666666671	0.0
tRNA-Cys-GCA-19-1	34	159	14.818198468198466	0.0
tRNA-Ala-TGC-1-1	26	180	14.456283482599272	0.0
tRNA-Ala-TGC-5-1	25	179	13.956283482599272	0.0
tRNA-Ala-TGC-7-1	25	179	13.956283482599272	0.0
tRNA-Ala-TGC-8-1	23	175	13.511839038154829	0.0
tRNA-Met-CAT-1-1	6	18	13.0	0.0
tRNA-Tyr-GTA-8-1	9	29	12.5	0.0
tRNA-Lys-CTT-6-1	23	53	12.483333333333333	0.0
tRNA-Gly-CCC-3-1	20	40	12.404040404040407	0.0
tRNA-Gln-TTG-1-1	34	108	12.29249084249084	0.0
tRNA-Val-CAC-7-1	23	156	12.22303921568627	0.0
tRNA-Cys-GCA-1-1	16	53	11.557900432900432	0.0
tRNA-Leu-CAA-1-2	14	50	11.182142857142857	0.0
tRNA-Leu-CAA-1-1	14	50	11.182142857142857	0.0
tRNA-Lys-CTT-5-1	14	48	11.088095238095235	0.0
tRNA-Gly-CCC-chr1-16	51	215	11.047835497835498	0.0
tRNA-Gly-CCC-chr1-19	51	215	11.047835497835498	0.0
tRNA-Gln-CTG-6-1	20	124	10.471961371961372	0.0
tRNA-Leu-TAA-1-1	4	10	10.0	0.0
tRNA-Und-NNN-4-1	19	49	9.888888888888884	0.0
tRNA-Gln-CTG-4-2	18	121	9.871961371961373	0.0
tRNA-Gln-CTG-4-1	18	121	9.871961371961373	0.0
tRNA-Gln-CTG-3-1	18	121	9.871961371961373	0.0
tRNA-Gln-CTG-3-2	18	121	9.871961371961373	0.0
tRNA-Leu-AAG-1-3	18	82	9.666666666666668	0.0
tRNA-Leu-AAG-1-1	18	82	9.666666666666668	0.0
tRNA-Leu-AAG-1-2	18	82	9.666666666666668	0.0
tRNA-Leu-TAG-1-1	18	82	9.666666666666668	0.0
tRNA-Leu-AAG-2-1	18	81	9.233333333333334	0.0
tRNA-Leu-AAG-2-3	18	81	9.233333333333334	0.0
tRNA-Leu-AAG-2-2	18	81	9.233333333333334	0.0
tRNA-Leu-AAG-2-4	18	81	9.233333333333334	0.0
tRNA-Gly-TCC-3-1	7	15	8.875	0.0
tRNA-Leu-AAG-3-1	17	79	8.833333333333334	0.0
tRNA-Gly-CCC-4-1	25	75	8.185314685314683	0.0
tRNA-Leu-CAA-3-1	11	44	8.182142857142857	0.0
tRNA-Leu-CAA-2-1	11	44	8.182142857142857	0.0
tRNA-Ala-AGC-6-1	2	8	8.0	0.0
tRNA-Lys-TTT-6-1	16	43	7.616341991341992	0.0
tRNA-Ile-TAT-1-1	5	15	7.583333333333333	0.0
tRNA-Gly-CCC-7-1	11	20	7.5555555555555545	0.0
tRNA-Lys-TTT-4-1	18	42	7.021103896103895	0.0
tRNA-Thr-AGT-3-1	3	7	7.0	0.0
tRNA-Gly-TCC-1-1	5	13	6.875	0.0
tRNA-Arg-TCT-1-1	4	10	6.8	0.0
tRNA-Ile-TAT-2-1	5	14	6.583333333333333	0.0
tRNA-Arg-TCT-3-1	3	18	6.3	0.0
tRNA-Arg-TCT-3-2	3	18	6.3	0.0
tRNA-Gln-TTG-4-1	6	18	6.128205128205129	0.0
tRNA-Glu-CTC-3-1	13	58	6.110101010101009	0.0
tRNA-Cys-ACA-1-1	6	28	6.077380952380952	0.0
tRNA-Tyr-GTA-chr7-2	2	6	6.0	0.0
tRNA-Tyr-GTA-2-1	10	22	5.833333333333334	0.0
tRNA-Arg-TCT-2-1	3	13	5.3	0.0
tRNA-Gln-CTG-7-1	8	69	5.144688644688645	0.0
tRNA-Tyr-GTA-3-1	6	17	5.0	0.0
tRNA-Met-CAT-6-1	3	10	5.0	0.0
tRNA-Phe-GAA-8-1	2	5	5.0	0.0
tRNA-Gln-CTG-chr19-4	7	67	4.978021978021978	0.0
tRNA-Met-CAT-3-2	8	28	4.80952380952381	0.0
tRNA-Met-CAT-3-1	8	28	4.80952380952381	0.0
tRNA-Gly-CCC-5-1	16	62	4.800716827032615	0.0
tRNA-Gly-TCC-2-6	10	30	4.684523809523809	0.0
tRNA-Gly-TCC-2-5	10	30	4.684523809523809	0.0
tRNA-Gly-TCC-2-4	10	30	4.684523809523809	0.0
tRNA-Gly-TCC-2-3	10	30	4.684523809523809	0.0
tRNA-Gly-TCC-2-2	10	30	4.684523809523809	0.0
tRNA-Gly-TCC-2-1	10	30	4.684523809523809	0.0
tRNA-Leu-TAG-2-1	3	7	4.566666666666666	0.0
tRNA-Ala-AGC-11-1	4	7	4.5	0.0
tRNA-Val-TAC-4-1	9	19	4.38970588235294	0.0
tRNA-Met-CAT-5-1	7	23	4.142857142857143	0.0
tRNA-iMet-CAT-2-1	16	39	4.1	0.0
tRNA-iMet-CAT-1-8	16	39	4.1	0.0
tRNA-iMet-CAT-1-7	16	39	4.1	0.0
tRNA-iMet-CAT-1-6	16	39	4.1	0.0
tRNA-iMet-CAT-1-5	16	39	4.1	0.0
tRNA-iMet-CAT-1-4	16	39	4.1	0.0
tRNA-iMet-CAT-1-3	16	39	4.1	0.0
tRNA-iMet-CAT-1-2	16	39	4.1	0.0
tRNA-iMet-CAT-1-1	16	39	4.1	0.0
tRNA-Arg-TCG-1-1	4	4	4.0	0.0
tRNA-Lys-TTT-15-1	1	4	4.0	0.0
tRNA-Arg-CCT-1-1	6	18	3.9000000000000004	0.0
tRNA-Arg-CCT-2-1	6	18	3.9000000000000004	0.0
tRNA-Met-CAT-4-3	7	26	3.8095238095238093	0.0
tRNA-Met-CAT-4-1	7	26	3.8095238095238093	0.0
tRNA-Met-CAT-4-2	7	26	3.8095238095238093	0.0
tRNA-Met-CAT-2-1	7	26	3.8095238095238093	0.0
tRNA-Und-NNN-3-1	7	19	3.6222222222222227	0.0
tRNA-Cys-GCA-3-1	4	14	3.6153846153846154	0.0
tRNA-Cys-GCA-16-1	4	14	3.6153846153846154	0.0
tRNA-Arg-CCT-5-1	5	17	3.4000000000000004	0.0
tRNA-Lys-CTT-10-1	6	11	3.204761904761905	0.0
tRNA-Lys-TTT-13-1	2	7	3.1666666666666665	0.0
tRNA-Arg-ACG-2-3	8	21	3.107142857142857	0.0
tRNA-Arg-ACG-2-2	8	21	3.107142857142857	0.0
tRNA-Arg-ACG-2-4	8	21	3.107142857142857	0.0
tRNA-Arg-ACG-2-1	8	21	3.107142857142857	0.0
tRNA-Lys-TTT-2-1	8	10	3.015151515151515	0.0
tRNA-Lys-TTT-1-1	8	10	3.015151515151515	0.0
tRNA-Thr-AGT-1-1	5	12	3.0	0.0
tRNA-Thr-AGT-1-3	5	12	3.0	0.0
tRNA-Thr-AGT-1-2	5	12	3.0	0.0
tRNA-Thr-AGT-5-1	5	12	3.0	0.0
tRNA-Lys-CTT-chr7-30	8	25	2.977380952380952	0.0
tRNA-Cys-GCA-chr11-21	11	30	2.901098901098901	0.0
tRNA-Arg-ACG-1-3	7	20	2.857142857142857	0.0
tRNA-Arg-ACG-1-1	7	20	2.857142857142857	0.0
tRNA-Arg-ACG-1-2	7	20	2.857142857142857	0.0
tRNA-Val-CAC-6-1	7	23	2.758088235294118	0.0
tRNA-Gly-GCC-6-1	6	15	2.5	0.0
tRNA-Glu-TTC-6-1	9	11	2.466666666666667	0.0
tRNA-Thr-TGT-4-1	3	5	2.3333333333333335	0.0
tRNA-Thr-TGT-5-1	3	5	2.3333333333333335	0.0
tRNA-Arg-TCT-5-1	2	10	2.3	0.0
tRNA-Ile-TAT-2-3	3	9	2.25	0.0
tRNA-Ile-TAT-2-2	3	9	2.25	0.0
tRNA-Cys-GCA-22-1	14	27	2.2440476190476186	0.0
tRNA-Cys-GCA-20-1	14	27	2.2440476190476186	0.0
tRNA-Thr-CGT-6-1	7	21	2.1000000000000005	0.0
tRNA-Phe-GAA-1-6	4	18	2.0571428571428574	0.0
tRNA-Phe-GAA-1-1	4	18	2.0571428571428574	0.0
tRNA-Phe-GAA-1-2	4	18	2.0571428571428574	0.0
tRNA-Phe-GAA-1-3	4	18	2.0571428571428574	0.0
tRNA-Phe-GAA-1-4	4	18	2.0571428571428574	0.0
tRNA-Phe-GAA-1-5	4	18	2.0571428571428574	0.0
tRNA-Phe-GAA-5-1	4	18	2.0571428571428574	0.0
tRNA-Thr-CGT-3-1	1	8	2.0	0.0
tRNA-Thr-AGT-6-1	1	8	2.0	0.0
tRNA-Thr-AGT-2-2	1	8	2.0	0.0
tRNA-Thr-AGT-2-1	1	8	2.0	0.0
tRNA-Tyr-GTA-5-5	7	15	1.9444444444444446	0.0
tRNA-Tyr-GTA-5-4	7	15	1.9444444444444446	0.0
tRNA-Tyr-GTA-5-3	7	15	1.9444444444444446	0.0
tRNA-Tyr-GTA-5-2	7	15	1.9444444444444446	0.0
tRNA-Tyr-GTA-5-1	7	15	1.9444444444444446	0.0
tRNA-Asn-GTT-2-1	7	15	1.738888888888889	0.0
tRNA-Asn-GTT-2-2	7	15	1.738888888888889	0.0
tRNA-Asn-GTT-2-3	7	15	1.738888888888889	0.0
tRNA-Asn-GTT-2-4	7	15	1.738888888888889	0.0
tRNA-Asn-GTT-2-5	7	15	1.738888888888889	0.0
tRNA-Asn-GTT-3-1	7	15	1.738888888888889	0.0
tRNA-Asn-GTT-2-6	7	15	1.738888888888889	0.0
tRNA-Asn-GTT-3-2	7	15	1.738888888888889	0.0
tRNA-Lys-CTT-16-1	5	9	1.7333333333333334	0.0
tRNA-Sup-TTA-1-1	3	5	1.6666666666666665	0.0
tRNA-Glu-TTC-7-1	5	18	1.6545454545454548	0.0
tRNA-Gln-CTG-12-1	2	2	1.5	0.0
tRNA-Lys-CTT-chr15-5	4	8	1.4	0.0
tRNA-Ile-TAT-3-1	2	2	1.3333333333333333	0.0
tRNA-Cys-GCA-17-1	9	21	1.2857142857142856	0.0
tRNA-Phe-GAA-3-1	2	12	1.2000000000000002	0.0
tRNA-Phe-GAA-2-1	2	12	1.2000000000000002	0.0
tRNA-Phe-GAA-6-1	2	12	1.2000000000000002	0.0
tRNA-Tyr-GTA-4-1	3	10	1.1111111111111112	0.0
tRNA-Tyr-GTA-7-1	3	10	1.1111111111111112	0.0
tRNA-Tyr-GTA-6-1	3	10	1.1111111111111112	0.0
tRNA-Tyr-GTA-9-1	3	10	1.1111111111111112	0.0
tRNA-Leu-TAA-3-1	1	1	1.0	0.0
tRNA-Arg-TCG-2-1	1	1	1.0	0.0
tRNA-Leu-TAG-3-1	1	1	1.0	0.0
tRNA-Ile-AAT-7-2	5	12	0.9666666666666667	0.0
tRNA-Ile-AAT-7-1	5	12	0.9666666666666667	0.0
tRNA-Ile-AAT-5-5	5	12	0.9666666666666667	0.0
tRNA-Ile-AAT-5-4	5	12	0.9666666666666667	0.0
tRNA-Ile-AAT-5-3	5	12	0.9666666666666667	0.0
tRNA-Ile-AAT-5-2	5	12	0.9666666666666667	0.0
tRNA-Ile-AAT-5-1	5	12	0.9666666666666667	0.0
tRNA-Ile-AAT-1-1	5	12	0.9666666666666667	0.0
tRNA-Ser-ACT-1-1	5	12	0.9666666666666667	0.0
tRNA-Asn-GTT-5-1	4	8	0.8888888888888888	0.0
tRNA-Pro-AGG-3-1	5	18	0.8764411027568921	0.0
tRNA-Cys-GCA-18-1	5	15	0.8571428571428571	0.0
tRNA-Cys-GCA-12-1	4	12	0.75	0.0
tRNA-Lys-CTT-8-1	2	8	0.7333333333333334	0.0
tRNA-Gln-CTG-8-2	2	4	0.7142857142857143	0.0
tRNA-Gln-CTG-8-1	2	4	0.7142857142857143	0.0
tRNA-Ala-AGC-22-1	1	3	0.5	0.0
tRNA-Ile-AAT-8-1	2	5	0.5	0.0
tRNA-Ala-AGC-8-1	1	3	0.5	0.0
tRNA-Ala-AGC-8-2	1	3	0.5	0.0
tRNA-Ala-AGC-9-1	1	3	0.5	0.0
tRNA-Ala-AGC-9-2	1	3	0.5	0.0
tRNA-Ile-AAT-6-1	3	7	0.4666666666666667	0.0
tRNA-Ile-AAT-2-1	3	7	0.4666666666666667	0.0
tRNA-Ile-AAT-4-1	3	7	0.4666666666666667	0.0
tRNA-Ile-GAT-1-1	3	7	0.4666666666666667	0.0
tRNA-Ile-GAT-1-3	3	7	0.4666666666666667	0.0
tRNA-Ile-GAT-1-2	3	7	0.4666666666666667	0.0
tRNA-Lys-CTT-14-1	2	5	0.43333333333333335	0.0
tRNA-Lys-CTT-12-1	1	4	0.3333333333333333	0.0
tRNA-Lys-TTT-7-1	1	1	0.3333333333333333	0.0
tRNA-Lys-CTT-chr16-1	1	4	0.3333333333333333	0.0
tRNA-Thr-TGT-6-1	1	1	0.3333333333333333	0.0
tRNA-Asp-GTC-5-1	2	4	0.3141025641025641	0.0
tRNA-Ser-CGA-4-1	3	4	0.275	0.0
tRNA-Arg-TCG-3-1	1	1	0.25	0.0
tRNA-Arg-CCG-1-3	1	1	0.25	0.0
tRNA-Arg-CCG-1-2	1	1	0.25	0.0
tRNA-Arg-CCG-1-1	1	1	0.25	0.0
tRNA-Lys-TTT-8-1	2	2	0.18181818181818182	0.0
tRNA-Lys-TTT-14-1	2	2	0.18181818181818182	0.0
tRNA-Glu-TTC-5-1	1	1	0.14285714285714285	0.0
tRNA-Lys-TTT-11-1	1	1	0.14285714285714285	0.0
tRNA-Leu-CAG-chr9-7	1	2	0.125	0.0
tRNA-Leu-CAA-6-1	1	2	0.125	0.0
tRNA-Cys-GCA-21-1	1	3	0.10714285714285714	0.0
tRNA-Cys-GCA-23-1	1	3	0.10714285714285714	0.0
tRNA-Cys-GCA-24-1	1	3	0.10714285714285714	0.0
tRNA-Cys-GCA-7-1	1	3	0.10714285714285714	0.0
tRNA-Cys-GCA-11-1	1	3	0.10714285714285714	0.0
tRNA-Cys-GCA-25-1	1	3	0.10714285714285714	0.0
tRNA-Asn-GTT-1-1	1	1	0.1	0.0
tRNA-Asn-GTT-6-1	1	1	0.1	0.0
