GeneSymbol	uniqueReadCount	totalReadCount	multimapAdjustedReadCount	multimapAdjustedBarcodeCount
MT-ND5	743	2066	1799.8527777777774	0.0
MT-ND4	440	1292	998.1111111111114	0.0
MT-CO1	332	881	539.9666666666665	0.0
MT-TQ	85	519	519.0	0.0
MT-CYB	191	504	487.24999999999994	0.0
MT-RNR2	249	658	477.7095238095238	0.0
MT-CO3	217	606	459.4111111111111	0.0
MT-CO2	180	479	314.08333333333326	0.0
MTND5P11	195	525	282.4083333333333	0.0
MTND4P12	163	497	245.00000000000003	0.0
TBC1D8B	201	788	240.67142857142866	0.0
SLC38A6	162	724	228.89166666666682	0.0
RP11-259O2.3	162	724	228.89166666666682	0.0
hsa-mir-6723.1	207	541	221.80000000000007	0.0
MT-ND1	102	265	220.50000000000003	0.0
MT-TA	61	208	208.0	0.0
MT-ND3	78	212	196.5	0.0
MT-ATP6	105	290	185.0	0.0
MT-RNR1	72	175	175.0	0.0
MT-ND4L	61	174	170.0	0.0
AC010970.2	53	153	153.0	0.0
MT-ND2	89	226	149.46666666666667	0.0
MT-ND6	70	152	138.0	0.0
TMEM132D	6	117	117.0	0.0
RP5-857K21.11	91	240	110.11111111111111	0.0
RP1-140C12.2	8	105	105.0	0.0
RP5-857K21.7	102	270	104.58333333333331	0.0
GGT1	54	184	104.04952265930528	0.0
MTATP6P1	74	199	99.16666666666667	0.0
TP53BP1	27	80	80.0	0.0
MT-TL1	30	74	74.0	0.0
SET	19	69	69.0	0.0
MTND2P28	53	144	67.46666666666667	0.0
KCNQ1OT1	61	178	65.86785714285715	0.0
HSPA8P20	20	64	62.0	0.0
RP11-346D14.1	41	116	60.392857142857146	0.0
RP11-617J18.1	6	60	60.0	0.0
TOR3A	4	59	58.999999999999986	0.0
LINC00174	16	53	53.0	0.0
GGTLC1	23	92	52.888888888888886	0.0
NBPF1	14	50	50.0	0.0
CCR8	6	50	49.99999999999999	0.0
DNAH9	12	46	46.0	0.0
FRS3	9	45	45.0	0.0
RP11-475J5.4	51	129	43.08333333333333	0.0
MT-TP	17	43	43.0	0.0
RBBP7	5	42	42.0	0.0
RP11-475J5.6	31	102	40.111111111111114	0.0
MTND4P24	34	101	38.833333333333336	0.0
MTRNR2L12	54	129	37.50952380952383	0.0
CTD-2328D6.1	11	36	36.0	0.0
MTRNR2L8	55	129	35.94285714285715	0.0
RPAP2	28	52	35.75	0.0
MT-TE	16	35	35.0	0.0
RP11-87E22.2	5	35	35.0	0.0
MTND1P23	30	74	34.666666666666664	0.0
RPA1	10	34	34.00000000000001	0.0
HYLS1	9	33	33.0	0.0
SLC12A9	8	23	30.0	0.0
KIAA1328	24	78	28.89285714285714	0.0
TMEM132A	13	29	28.500000000000004	0.0
CTD-3247F14.2	11	28	28.0	0.0
ESRG	11	38	27.758823529411764	0.0
AP000354.4	40	138	27.587962962962965	0.0
MT-TS1	12	27	27.0	0.0
AL450307.1	11	27	27.0	0.0
LRRC8A	12	27	26.999999999999993	0.0
RP11-320M16.1	30	79	26.41666666666667	0.0
OACYLP	9	26	26.0	0.0
MTND5P10	23	63	25.749999999999996	0.0
RP11-797H7.1	11	34	25.5	0.0
RP11-142G1.3	38	95	25.10833333333333	0.0
ABCA2	6	25	25.0	0.0
HHLA1	14	33	24.11111111111111	0.0
CCDC113	13	24	24.0	0.0
AC006129.4	4	24	24.0	0.0
GPR18	8	24	23.999999999999996	0.0
MIPOL1	31	73	23.851190476190478	0.0
GGT2	53	183	23.780659075224303	0.0
ADAMTSL3	18	60	23.14285714285714	0.0
TBC1D8	10	23	23.0	0.0
RP11-750B16.1	21	68	22.666666666666664	0.0
CDHR3	7	21	22.33333333333333	0.0
AP000662.4	3	35	22.321428571428573	0.0
STARD9	8	22	22.0	0.0
MLXIP	3	22	22.0	0.0
LUZP2	4	22	22.0	0.0
KCNJ2	8	22	22.0	0.0
NCOR1	5	13	22.0	0.0
RP11-37O16.3	9	23	21.833333333333332	0.0
MINK1	7	21	21.0	0.0
MTRNR2L4	17	46	20.116666666666667	0.0
SLC6A19	9	20	20.0	0.0
PALMD	2	20	20.0	0.0
RP11-299J3.6	17	44	19.3	0.0
WDR5B	17	44	19.3	0.0
RP11-475J5.5	25	79	19.233333333333334	0.0
LINC00265	6	24	19.2	0.0
MAP7D1	9	19	19.0	0.0
AC092669.3	6	19	19.0	0.0
THOC5	8	20	18.666666666666668	0.0
NEDD4	39	68	18.492857142857144	0.0
MTRNR2L11	9	41	18.476190476190474	0.0
RP11-474J18.1	23	77	18.4	0.0
MTRNR2L1	20	61	18.25952380952381	0.0
RP11-380M21.2	17	55	18.25	0.0
DNAH10	4	18	18.0	0.0
PKD1L1	8	18	18.0	0.0
RP11-501E14.1	7	18	18.0	0.0
REXO1L1	5	18	18.0	0.0
ZNF233	3	14	17.5	0.0
PANK2	3	17	17.0	0.0
ZNF616	4	17	17.0	0.0
RP11-727A23.10	3	17	17.0	0.0
MUC6	10	17	17.0	0.0
MAPK10	5	12	17.0	0.0
MTRNR2L2	28	70	16.84285714285714	0.0
RP11-545I5.3	39	69	16.779761904761898	0.0
RP11-352E6.2	20	50	16.777777777777775	0.0
AC073236.3	8	18	16.666666666666668	0.0
BLOC1S6	6	14	16.433333333333334	0.0
RP11-510M2.2	2	16	16.0	0.0
CTB-36O1.3	10	31	16.0	0.0
ADAM32	3	16	16.0	0.0
FAM83F	5	16	16.0	0.0
MTRNR2L10	26	55	15.95	0.0
GGT3P	53	183	15.853772716816202	0.0
GGTLC3	53	183	15.853772716816202	0.0
C5orf20	4	31	15.5	0.0
TIFAB	4	31	15.5	0.0
RP11-703G6.1	14	43	15.482142857142858	0.0
LINC00910	6	13	15.25	0.0
TXNL1	4	9	15.000000000000002	0.0
SLC35G1	3	15	15.0	0.0
SPATS2	1	10	15.0	0.0
POLR3D	1	15	15.0	0.0
RP11-382J12.1	10	15	15.0	0.0
RP11-677M14.7	5	15	15.0	0.0
TUBB1	7	15	15.0	0.0
PKD1	6	15	15.0	0.0
NNAT	2	15	15.0	0.0
GGTLC2	35	124	14.937801932367154	0.0
CYP2E1	7	17	14.5	0.0
AC072062.1	10	15	14.5	0.0
SOD2	10	18	14.166666666666668	0.0
RFX2	6	14	14.000000000000005	0.0
TPH2	4	11	14.0	0.0
UTP6	4	10	14.0	0.0
WHAMMP3	4	14	14.0	0.0
CDHR2	12	14	14.0	0.0
TECTB	5	14	14.0	0.0
PSMD8	5	14	14.0	0.0
ANKRD26	3	14	14.0	0.0
MT-TT	4	14	14.0	0.0
AC005062.2	3	15	14.0	0.0
TTC39C	3	14	14.0	0.0
IL1RAPL1	9	14	14.0	0.0
TUBGCP3	2	14	14.0	0.0
FCGR2A	4	14	14.0	0.0
RP11-298D21.1	7	14	14.0	0.0
WDR90	4	15	13.5	0.0
AK1	4	16	13.5	0.0
AC015871.1	3	14	13.5	0.0
TPTEP1	7	20	13.487675070028011	0.0
DNMT3A	3	13	13.000000000000002	0.0
A3GALT2	4	13	13.0	0.0
RP11-640M9.2	4	13	13.0	0.0
TMEM198	2	13	13.0	0.0
RAB32	6	23	13.0	0.0
LPAR5	4	13	13.0	0.0
STX1B	1	13	13.0	0.0
C1orf216	5	13	13.0	0.0
CTD-2311B13.7	4	13	13.0	0.0
BAALC	7	13	13.0	0.0
RP11-9G1.3	1	13	13.0	0.0
DPYD-IT1	2	13	13.0	0.0
RP11-1060J15.4	3	7	13.0	0.0
LINC00620	2	13	13.0	0.0
AL590867.1	38	61	12.803571428571427	0.0
USB1	4	13	12.8	0.0
ALG14	8	13	12.666666666666666	0.0
RP11-60A8.1	7	19	12.666666666666666	0.0
ZNF527	3	11	12.5	0.0
FOXK1	4	13	12.2	0.0
MT-ATP8	10	26	12.166666666666666	0.0
CTCFL	3	12	12.0	0.0
PBRM1	3	12	12.0	0.0
CCDC157	3	12	12.0	0.0
RXRG	5	12	12.0	0.0
ART1	7	12	12.0	0.0
RP11-538D16.2	6	23	12.0	0.0
LBR	5	12	12.0	0.0
SEL1L	3	11	12.0	0.0
FOXP4	2	10	12.0	0.0
UPK1B	4	12	12.0	0.0
MT-TW	4	12	12.0	0.0
TCF4	1	18	12.0	0.0
KLHL18	5	12	12.0	0.0
TTI2	4	12	12.0	0.0
XKR9	4	12	12.0	0.0
YY1AP1	1	12	12.0	0.0
RPS6KB2	2	12	12.0	0.0
TUBGCP4	9	12	12.0	0.0
CTDSPL2	6	12	11.999999999999998	0.0
RP11-10B2.1	18	34	11.816666666666665	0.0
NTAN1	2	8	11.533333333333335	0.0
KPNB1	1	10	11.5	0.0
SFMBT2	5	14	11.033333333333333	0.0
CA1	3	11	11.000000000000002	0.0
STARD8	6	11	11.0	0.0
HMBS	5	11	11.0	0.0
LETM1	3	11	11.0	0.0
RP11-244F12.3	2	11	11.0	0.0
KRT17P1	3	11	11.0	0.0
ODF2	5	11	11.0	0.0
CRB1	5	11	11.0	0.0
NT5DC3	2	10	11.0	0.0
GBF1	3	11	11.0	0.0
HLA-V	2	11	11.0	0.0
RNASEH2A	2	11	11.0	0.0
UCA1	2	11	11.0	0.0
PTPN13	1	11	11.0	0.0
PGM5	2	11	11.0	0.0
CTB-102L5.7	1	11	11.0	0.0
APBA1	5	11	11.0	0.0
DACH2	6	11	11.0	0.0
AVPR1B	5	11	11.0	0.0
GPR112	5	11	11.0	0.0
TEX2	6	11	11.0	0.0
ZNF799	2	11	11.0	0.0
CTB-36O1.7	7	18	10.866666666666667	0.0
OLR1	6	13	10.75	0.0
CTB-175P5.4	3	12	10.666666666666666	0.0
SUGT1	3	11	10.5	0.0
LINC00504	13	17	10.285714285714285	0.0
FAM228B	8	33	10.285714285714285	0.0
MORC4	38	64	10.279761904761905	0.0
MATR3	1	10	10.25	0.0
C15orf57	2	10	10.222222222222221	0.0
MTRNR2L6	18	44	10.142857142857142	0.0
SLAMF6P1	7	10	10.0	0.0
CNTFR-AS1	3	10	10.0	0.0
PROM1	2	7	10.0	0.0
CLPSL1	3	10	10.0	0.0
TMEM104	1	10	10.0	0.0
RP11-403I13.9	3	10	10.0	0.0
RP11-304L19.4	3	10	10.0	0.0
CCNT1	1	10	10.0	0.0
PURB	7	10	10.0	0.0
GJB3	4	10	10.0	0.0
ATXN8OS	1	10	10.0	0.0
CADM1	3	10	10.0	0.0
GRIK5	2	10	10.0	0.0
FAM151B	1	10	10.0	0.0
RP11-709A23.2	2	10	10.0	0.0
CTD-2383I20.1	5	21	10.0	0.0
RYK	5	10	10.0	0.0
RP11-544M22.1	3	10	10.0	0.0
RP11-731C17.2	2	10	10.0	0.0
CYB5R3	5	10	10.0	0.0
ARMC9	2	10	10.0	0.0
RET	1	10	10.0	0.0
NDUFA13	2	10	10.0	0.0
TANGO2	2	10	10.0	0.0
TPCN1	3	9	10.0	0.0
GTF2H2C	3	10	10.0	0.0
NUGGC	5	10	10.0	0.0
KLRD1	4	5	10.0	0.0
TOMM40	2	10	10.0	0.0
COL4A3BP	2	6	10.0	0.0
GPR37	1	10	10.0	0.0
LARS2	4	10	10.0	0.0
NMT1	3	10	10.0	0.0
AC012457.2	2	10	10.0	0.0
BTBD9	1	10	10.0	0.0
IL24	3	10	9.999999999999998	0.0
UMODL1	3	10	9.999999999999998	0.0
TOR1AIP1	4	10	9.785714285714285	0.0
LINC00865	2	11	9.666666666666666	0.0
RP11-542M13.3	3	12	9.5	0.0
PDZRN4	3	7	9.5	0.0
TSIX	2	12	9.5	0.0
PPIP5K2	5	11	9.5	0.0
TMEM245	7	10	9.5	0.0
VMP1	1	9	9.2	0.0
ST5	1	9	9.000000000000002	0.0
STON2	3	9	9.000000000000002	0.0
CTA-221G9.11	1	9	9.0	0.0
C14orf159	2	6	9.0	0.0
RP11-295G24.4	1	9	9.0	0.0
SLAMF7	4	9	9.0	0.0
KDM3B	1	9	9.0	0.0
KMT2B	3	9	9.0	0.0
FER	3	9	9.0	0.0
RP5-855D21.1	1	9	9.0	0.0
KRBOX1	3	9	9.0	0.0
TANC2	5	9	9.0	0.0
RP11-101O6.2	3	9	9.0	0.0
MCC	5	13	9.0	0.0
RAB8B	1	9	9.0	0.0
PCDHA12	6	9	9.0	0.0
LINC00336	4	9	9.0	0.0
TAF15	3	9	9.0	0.0
CNTRL	3	9	9.0	0.0
CTD-2240J17.1	2	9	9.0	0.0
EXD3	1	9	9.0	0.0
MUC3A	6	9	9.0	0.0
HOXB9	2	9	9.0	0.0
APOL6	4	9	9.0	0.0
RP1-76C18.1	2	9	9.0	0.0
HIF1AN	4	9	9.0	0.0
AHRR	2	9	9.0	0.0
MEGF11	2	9	9.0	0.0
PKN1	3	9	9.0	0.0
MYO1A	3	9	9.0	0.0
IGSF21	4	9	9.0	0.0
RPRD2	3	9	9.0	0.0
C10orf118	2	9	9.0	0.0
GGT5	2	9	9.0	0.0
MT-TH	2	9	9.0	0.0
YY1	2	9	9.0	0.0
KIF13B	2	9	9.0	0.0
KCNA2	3	9	9.0	0.0
RASGRF2	1	9	9.0	0.0
RP11-203B9.4	2	21	9.0	0.0
ZDHHC3	3	9	9.0	0.0
DBIL5P	3	9	9.0	0.0
CTD-2340E1.2	3	14	9.0	0.0
RP11-114B7.6	1	9	9.0	0.0
COL5A1	3	9	9.0	0.0
PPP2R2A	2	9	9.0	0.0
RP11-691G17.1	4	9	9.0	0.0
PIGO	4	9	9.0	0.0
BDP1	1	9	9.0	0.0
NR2F2	3	9	9.0	0.0
CYBRD1	2	9	9.0	0.0
ATP5SL	4	9	9.0	0.0
SCOC	4	9	9.0	0.0
SNX11	2	9	9.0	0.0
PAX6	3	7	9.0	0.0
MDS2	3	9	8.666666666666666	0.0
ZNF658	5	9	8.666666666666664	0.0
RP11-15N24.4	2	13	8.5	0.0
CECR6	2	17	8.5	0.0
AC104395.2	4	17	8.5	0.0
TBC1D30	2	8	8.5	0.0
USE1	5	7	8.5	0.0
FARP1	2	7	8.5	0.0
KIF1B	2	8	8.5	0.0
IL12RB1	4	12	8.333333333333334	0.0
ZCCHC11	2	8	8.333333333333334	0.0
MTND5P12	7	19	8.083333333333334	0.0
RNFT2	6	14	8.033333333333333	0.0
LDB3	2	8	8.000000000000002	0.0
STAT2	2	8	8.0	0.0
C14orf119	2	8	8.0	0.0
DPYSL3	3	8	8.0	0.0
CCDC125	4	8	8.0	0.0
STYX	2	8	8.0	0.0
DGKI	3	8	8.0	0.0
LINC00263	3	8	8.0	0.0
UGT2A1	2	8	8.0	0.0
MSANTD4	1	8	8.0	0.0
ZMYND8	3	8	8.0	0.0
MCCC1	3	6	8.0	0.0
MUCL1	4	8	8.0	0.0
RAB26	3	8	8.0	0.0
RP11-65D17.1	3	8	8.0	0.0
GTF3C6	4	8	8.0	0.0
SLC35E4	3	8	8.0	0.0
CLDN7	2	8	8.0	0.0
RP11-82L2.1	3	8	8.0	0.0
MED29	4	8	8.0	0.0
SNN	3	8	8.0	0.0
GABARAPL3	2	8	8.0	0.0
PRDM16	4	8	8.0	0.0
SAMM50	2	8	8.0	0.0
POLE4	3	8	8.0	0.0
POM121L10P	3	8	8.0	0.0
KCTD3	4	8	8.0	0.0
AP005019.4	4	8	8.0	0.0
PTCD3	3	8	8.0	0.0
SEMA6A	3	8	8.0	0.0
TTC28-AS1	2	7	8.0	0.0
SLC45A2	1	8	8.0	0.0
ZNF302	3	8	8.0	0.0
FOXH1	2	8	8.0	0.0
ARL17A	5	9	8.0	0.0
MAATS1	1	8	8.0	0.0
TLR6	2	8	8.0	0.0
TENM3	2	8	8.0	0.0
RP11-54O7.3	3	8	8.0	0.0
RP11-141M1.3	1	8	8.0	0.0
AC074212.5	5	8	8.0	0.0
FAM83G	2	8	8.0	0.0
TMTC4	5	8	8.0	0.0
RP1-79C4.1	2	8	8.0	0.0
NPIPA5	3	12	8.0	0.0
PFN1P8	4	8	8.0	0.0
BEND6	3	8	8.0	0.0
ACSBG1	1	8	8.0	0.0
ANKMY1	1	8	8.0	0.0
RP11-1096D5.1	2	8	8.0	0.0
HCN4	2	8	8.0	0.0
ARHGEF5	3	8	8.0	0.0
PROB1	1	8	8.0	0.0
PGPEP1	1	8	8.0	0.0
TTC21A	2	8	8.0	0.0
SLC16A4	1	8	8.0	0.0
MSRB1	2	8	8.0	0.0
RP11-138H8.7	3	8	8.0	0.0
RHOBTB3	3	8	7.999999999999999	0.0
NFKB2	3	8	7.999999999999999	0.0
DAG1	1	8	7.999999999999999	0.0
DLX6-AS1	3	8	7.999999999999999	0.0
AC007743.1	34	57	7.946428571428575	0.0
MTATP8P1	6	17	7.833333333333333	0.0
AC084018.1	2	7	7.8	0.0
RP11-461G12.2	10	17	7.783333333333333	0.0
SRGAP3	4	11	7.75	0.0
CHEK1	1	6	7.7142857142857135	0.0
SNX29P2	2	7	7.666666666666667	0.0
GMDS-AS1	3	35	7.630952380952381	0.0
RP11-379B18.5	2	6	7.5	0.0
SIX3	3	10	7.5	0.0
CTC-436P18.3	5	8	7.5	0.0
FKRP	1	12	7.454545454545454	0.0
PTCHD1	2	9	7.4	0.0
RP11-516J2.1	3	11	7.333333333333334	0.0
RP11-475J5.8	3	18	7.333333333333334	0.0
NFAT5	2	9	7.263157894736842	0.0
RPS10P7	5	9	7.25	0.0
CICP27	4	9	7.166666666666667	0.0
RAB40C	5	7	7.000000000000003	0.0
ASAP1	3	7	7.000000000000001	0.0
AIF1L	2	7	7.000000000000001	0.0
RP11-968A15.8	1	7	7.0	0.0
RP11-792D21.2	1	7	7.0	0.0
SMC1A	1	7	7.0	0.0
B3GNT4	2	7	7.0	0.0
NASP	2	7	7.0	0.0
FAT2	4	7	7.0	0.0
DNAJC10	3	7	7.0	0.0
DENND1C	3	7	7.0	0.0
MRPL48	2	7	7.0	0.0
PLOD3	2	7	7.0	0.0
TM4SF1-AS1	1	7	7.0	0.0
AC009234.1	7	16	7.0	0.0
CTC-459F4.3	1	7	7.0	0.0
LINC00273	2	7	7.0	0.0
AAAS	1	7	7.0	0.0
WDR91	2	7	7.0	0.0
LRRC16B	6	7	7.0	0.0
EIF4ENIF1	2	7	7.0	0.0
AC092299.8	2	7	7.0	0.0
RPGRIP1	3	7	7.0	0.0
FANCF	1	7	7.0	0.0
EIF1AD	2	7	7.0	0.0
FKBP5	2	7	7.0	0.0
DENND5A	2	7	7.0	0.0
RP5-1172A22.1	3	7	7.0	0.0
RMI1	1	7	7.0	0.0
ST3GAL1P1	2	7	7.0	0.0
MAB21L1	5	7	7.0	0.0
MAB21L3	4	14	7.0	0.0
UBASH3B	1	7	7.0	0.0
GRIN3B	2	7	7.0	0.0
MTND6P4	12	21	7.0	0.0
RP11-222A11.1	4	7	7.0	0.0
SHF	2	7	7.0	0.0
SCAND1	5	7	7.0	0.0
RDH16	1	7	7.0	0.0
DBP	2	7	7.0	0.0
EVA1C	2	7	7.0	0.0
OTOA	2	7	7.0	0.0
GIPR	3	7	7.0	0.0
IQSEC1	2	7	7.0	0.0
CDHR4	4	7	7.0	0.0
RP11-349A22.5	1	6	7.0	0.0
RP11-465I4.3	2	7	7.0	0.0
RP11-146F11.1	4	7	7.0	0.0
WHAMM	1	7	7.0	0.0
DLX6	1	7	7.0	0.0
RPS17P5	1	7	7.0	0.0
LRRC8B	3	7	7.0	0.0
AL359091.2	5	7	7.0	0.0
PTK7	2	7	7.0	0.0
RGL1	1	7	7.0	0.0
FAM188B	2	7	7.0	0.0
TIMM44	2	7	7.0	0.0
CLDN12	1	7	7.0	0.0
RAD54B	1	7	7.0	0.0
MIR1302-2	2	7	7.0	0.0
H2AFX	3	7	7.0	0.0
DNASE1L1	3	7	7.0	0.0
CTB-23I7.1	3	7	7.0	0.0
RP11-418J17.1	1	7	7.0	0.0
LDHAL6CP	3	7	7.0	0.0
AP1G2	3	7	7.0	0.0
JMY	3	7	7.0	0.0
LATS1	3	7	7.0	0.0
UBE3C	2	7	7.0	0.0
HLTF-AS1	1	7	7.0	0.0
ETS1	2	7	7.0	0.0
SFI1	3	6	7.0	0.0
TXNRD3	3	7	7.0	0.0
ZNF550	3	7	7.0	0.0
SLC35E2B	4	7	7.0	0.0
MOB1B	1	7	7.0	0.0
SATB2	5	7	7.0	0.0
BCAS4	1	7	7.0	0.0
GTF2I	2	7	7.0	0.0
B3GALT5	4	7	7.0	0.0
TBL1Y	1	7	7.0	0.0
PLEKHG4B	3	7	7.0	0.0
KRR1	1	7	7.0	0.0
ARHGAP26	2	7	7.0	0.0
LINC00607	1	7	7.0	0.0
MKRN2	3	7	7.0	0.0
RP11-253E3.3	1	7	7.0	0.0
ENAH	1	7	7.0	0.0
RP3-417L20.4	1	7	7.0	0.0
AC079779.7	3	7	7.0	0.0
ZNF773	1	7	7.0	0.0
SEPT3	4	7	6.999999999999999	0.0
TMEM2	1	5	6.999999999999999	0.0
ADD1	2	7	6.999999999999999	0.0
SPECC1	4	7	6.999999999999998	0.0
ACACB	4	7	6.999999999999998	0.0
UMPS	1	9	6.923076923076924	0.0
MTCO1P3	6	22	6.916666666666666	0.0
R3HDM2	5	7	6.8888888888888875	0.0
RP1-78O14.1	6	16	6.8	0.0
ZNF107	6	13	6.542857142857143	0.0
RP11-321L2.2	4	7	6.5	0.0
WDPCP	1	4	6.5	0.0
PPM1K	3	6	6.5	0.0
ZNF836	3	9	6.428571428571428	0.0
ERMAP	2	7	6.4	0.0
GTF2H3	3	8	6.333333333333333	0.0
HNRNPA1P54	5	7	6.333333333333333	0.0
ATP10B	1	5	6.333333333333333	0.0
CLDN14	7	19	6.333333333333333	0.0
RP11-777B9.5	7	19	6.333333333333332	0.0
PTPRQ	8	22	6.142857142857142	0.0
CTA-331P3.1	2	7	6.076923076923077	0.0
RAPGEF4	2	6	6.000000000000002	0.0
CNOT1	2	6	6.000000000000002	0.0
SAFB	2	6	6.000000000000002	0.0
PLA2G4F	4	6	6.000000000000001	0.0
STARD3	2	6	6.0	0.0
LMOD2	4	6	6.0	0.0
NIN	1	6	6.0	0.0
SMCHD1	3	6	6.0	0.0
PDE5A	1	6	6.0	0.0
CECR3	1	6	6.0	0.0
ANGPT2	2	4	6.0	0.0
DPP9	3	6	6.0	0.0
SLC28A1	1	6	6.0	0.0
WDR93	1	9	6.0	0.0
CLK4	1	6	6.0	0.0
RP13-991F5.2	1	6	6.0	0.0
MRVI1	1	5	6.0	0.0
OR51T1	1	6	6.0	0.0
ZDHHC18	2	6	6.0	0.0
STAG3L5P	2	6	6.0	0.0
LHX4	1	6	6.0	0.0
C12orf65	2	6	6.0	0.0
AC015849.16	5	6	6.0	0.0
RP11-47I22.2	3	6	6.0	0.0
ECD	2	6	6.0	0.0
CLDN2	1	6	6.0	0.0
CASP9	1	6	6.0	0.0
RP11-902B17.1	1	6	6.0	0.0
SPRYD4	1	6	6.0	0.0
ARPC4	2	6	6.0	0.0
LINC00310	1	6	6.0	0.0
CTD-2522B17.8	1	6	6.0	0.0
RP11-613D13.5	1	6	6.0	0.0
PDSS2	3	6	6.0	0.0
MED18	1	6	6.0	0.0
KRT17P3	2	6	6.0	0.0
HOXB2	3	6	6.0	0.0
LLGL1	2	6	6.0	0.0
KDSR	1	6	6.0	0.0
APH1B	2	6	6.0	0.0
RP11-667K14.5	2	6	6.0	0.0
RPS18P1	1	6	6.0	0.0
POLE2	2	6	6.0	0.0
DCDC2B	2	6	6.0	0.0
SLC44A4	2	6	6.0	0.0
SHMT2	4	6	6.0	0.0
C6orf25	3	6	6.0	0.0
NCK1	4	6	6.0	0.0
UBA6-AS1	3	6	6.0	0.0
TGFBR2	2	6	6.0	0.0
FLG2	2	10	6.0	0.0
CDK20	3	6	6.0	0.0
POU2F2	2	6	6.0	0.0
MAP3K2	2	6	6.0	0.0
CDK10	2	6	6.0	0.0
DNAJB8-AS1	2	6	6.0	0.0
CLSPN	2	6	6.0	0.0
PLD3	2	6	6.0	0.0
SPRN	2	6	6.0	0.0
ATPAF2	2	6	6.0	0.0
GABBR1	3	6	6.0	0.0
GRIK4	1	6	6.0	0.0
FAM71E1	3	6	6.0	0.0
DUSP4	3	6	6.0	0.0
CTD-2530H12.8	1	6	6.0	0.0
SLC17A7	1	6	6.0	0.0
AC068039.4	5	6	6.0	0.0
RP11-469H8.6	2	6	6.0	0.0
CDKL3	1	6	6.0	0.0
TENM4	3	6	6.0	0.0
GCSAM	2	6	6.0	0.0
EGFLAM-AS4	2	6	6.0	0.0
RP11-588H23.3	1	6	6.0	0.0
PCYOX1L	3	6	6.0	0.0
RP11-188P17.2	1	6	6.0	0.0
PHEX	2	6	6.0	0.0
RP11-500C11.3	3	6	6.0	0.0
LINC00426	3	6	6.0	0.0
RP11-739N20.2	1	6	6.0	0.0
TRAPPC12	3	6	6.0	0.0
NOX5	2	6	6.0	0.0
RP11-417J8.6	1	9	6.0	0.0
FREM2	1	6	6.0	0.0
ZNF587	1	6	6.0	0.0
ZNF581	3	6	6.0	0.0
EPB41L4A	1	6	6.0	0.0
PRSS42	2	6	6.0	0.0
KSR2	3	6	6.0	0.0
RP11-81N13.1	1	6	6.0	0.0
BTBD19	3	6	6.0	0.0
AC012531.25	2	6	6.0	0.0
BCAR4	1	6	6.0	0.0
RESP18	1	6	6.0	0.0
BMP1	2	6	6.0	0.0
HTR6	1	6	6.0	0.0
THEMIS2	2	6	6.0	0.0
DOCK2	2	3	6.0	0.0
VAX1	2	4	6.0	0.0
MXRA8	1	6	6.0	0.0
SELK	2	6	6.0	0.0
GNAS	1	6	6.0	0.0
RDH5	3	6	6.0	0.0
CEP63	1	6	6.0	0.0
EML6	6	6	6.0	0.0
RP11-112N13.1	3	6	6.0	0.0
RP11-480G7.2	4	6	6.0	0.0
YJEFN3	3	6	6.0	0.0
COG3	3	6	6.0	0.0
CTC-471F3.5	1	6	6.0	0.0
snoU13.294	3	6	6.0	0.0
TMEM39A	2	6	6.0	0.0
GPR144	1	6	6.0	0.0
EMX2	3	6	6.0	0.0
WWP2	2	6	6.0	0.0
TMC2	4	6	6.0	0.0
DPCR1	3	6	6.0	0.0
RN7SL227P	2	6	6.0	0.0
HHIPL1	1	6	6.0	0.0
CNST	2	6	6.0	0.0
RP11-867G23.3	2	6	6.0	0.0
FADS3	3	6	5.999999999999999	0.0
JMJD8	1	6	5.999999999999999	0.0
CTD-3088G3.8	1	5	5.999999999999999	0.0
CR1	3	7	5.857142857142857	0.0
GORASP1	3	6	5.7142857142857135	0.0
SFT2D2	6	12	5.666666666666666	0.0
TMEM45A	11	21	5.589285714285714	0.0
C5orf60	3	8	5.5	0.0
RP11-782C8.2	2	14	5.5	0.0
RP11-753A21.1	2	7	5.5	0.0
DOCK6	2	5	5.5	0.0
RP11-846F4.6	2	7	5.5	0.0
DMBT1	1	7	5.444444444444445	0.0
RSBN1L	1	9	5.4	0.0
FNTA	3	8	5.333333333333334	0.0
SLIT1	3	8	5.333333333333333	0.0
ZNF28	5	11	5.25	0.0
TRIM22	2	11	5.2	0.0
ZNF850	2	6	5.166666666666667	0.0
ZSCAN2	2	5	5.1	0.0
ZNF141	1	5	5.0476190476190474	0.0
TFPI	4	11	5.008823529411765	0.0
LA16c-4G1.3	3	5	5.0	0.0
GIGYF1	2	5	5.0	0.0
TPM2	3	5	5.0	0.0
RING1	2	5	5.0	0.0
CPNE3	2	5	5.0	0.0
AC004022.8	2	5	5.0	0.0
TPH1	1	5	5.0	0.0
ARFIP1	1	5	5.0	0.0
HOOK3	1	5	5.0	0.0
TRIM7	1	5	5.0	0.0
KANK2	1	5	5.0	0.0
RP11-295P9.3	3	5	5.0	0.0
RP11-488I20.3	1	5	5.0	0.0
C1orf87	3	5	5.0	0.0
CLN6	1	5	5.0	0.0
RP11-397A16.1	1	5	5.0	0.0
MAGI2	2	5	5.0	0.0
LINC00265-2P	1	10	5.0	0.0
RAB9AP4	1	5	5.0	0.0
ZNF180	3	7	5.0	0.0
MX2	2	5	5.0	0.0
LINC00265-3P	1	10	5.0	0.0
ZNF286A	4	6	5.0	0.0
PEX26	2	5	5.0	0.0
ATP2C1	2	5	5.0	0.0
PNKP	3	5	5.0	0.0
AC002511.1	3	5	5.0	0.0
FKBP8	1	5	5.0	0.0
MBP	1	5	5.0	0.0
ATAT1	1	5	5.0	0.0
FAM219B	3	5	5.0	0.0
LINC00327	2	5	5.0	0.0
SRPR	1	5	5.0	0.0
CDH22	1	5	5.0	0.0
RP11-504P24.8	1	5	5.0	0.0
PCDHGB4	3	5	5.0	0.0
DPY19L4	1	5	5.0	0.0
HOXC8	3	5	5.0	0.0
LANCL2	1	5	5.0	0.0
SLC19A1	1	5	5.0	0.0
AP000679.2	1	5	5.0	0.0
RP11-23N2.4	1	5	5.0	0.0
CCNT2	2	5	5.0	0.0
GUSB	2	5	5.0	0.0
RAPGEF3	4	5	5.0	0.0
FRMD6	3	5	5.0	0.0
CRBN	1	5	5.0	0.0
TAF4	2	5	5.0	0.0
DNM2	2	5	5.0	0.0
TCEB1	1	5	5.0	0.0
TBC1D5	3	5	5.0	0.0
ZNF496	5	6	5.0	0.0
TMEM132C	1	5	5.0	0.0
RPS28P8	1	5	5.0	0.0
RP11-55K13.1	3	9	5.0	0.0
IL2RB	1	5	5.0	0.0
AC005537.2	1	5	5.0	0.0
KCTD7	1	5	5.0	0.0
GABRA6	4	5	5.0	0.0
TRIM68	2	5	5.0	0.0
SP110	2	5	5.0	0.0
OSTCP1	2	5	5.0	0.0
GBP4	1	5	5.0	0.0
Y_RNA.336	1	5	5.0	0.0
KERA	3	5	5.0	0.0
MYO5A	3	5	5.0	0.0
DEAF1	1	5	5.0	0.0
C11orf80	1	5	5.0	0.0
RP11-749H20.3	2	5	5.0	0.0
RNF168	1	5	5.0	0.0
OTUB2	1	5	5.0	0.0
RNF19B	1	5	5.0	0.0
PHF15	1	5	5.0	0.0
PHF14	2	5	5.0	0.0
ZNF33B	1	5	5.0	0.0
ZC3H7B	2	5	5.0	0.0
CYP2C18	3	5	5.0	0.0
DHX32	3	5	5.0	0.0
RP11-80F22.10	1	5	5.0	0.0
RAB39A	1	5	5.0	0.0
ITK	3	4	5.0	0.0
HERC5	1	5	5.0	0.0
MT-TC	2	5	5.0	0.0
SMYD4	2	5	5.0	0.0
PKP4P1	2	5	5.0	0.0
RC3H1-IT1	2	6	5.0	0.0
HOXA-AS3	1	5	5.0	0.0
SH3TC2	2	4	5.0	0.0
IMPAD1	1	5	5.0	0.0
ENOX2	2	5	5.0	0.0
ANKLE1	1	5	5.0	0.0
PHB2	3	5	5.0	0.0
UBE3B	1	5	5.0	0.0
ODF3L1	2	5	5.0	0.0
CYB561A3	1	8	5.0	0.0
DISC1-IT1	2	5	5.0	0.0
AKAP3	3	5	5.0	0.0
DYNLRB2	2	5	5.0	0.0
NRSN2	2	5	5.0	0.0
AC004980.7	2	5	5.0	0.0
MLLT4	1	5	5.0	0.0
DBNL	2	5	5.0	0.0
RP3-399L15.1	2	5	5.0	0.0
CABIN1	1	5	5.0	0.0
CTD-3088G3.6	1	5	5.0	0.0
HIC2	2	5	5.0	0.0
RAET1G	1	5	5.0	0.0
PRCD	4	5	5.0	0.0
ZNF575	1	5	5.0	0.0
IDS	1	5	5.0	0.0
ETFB	2	5	5.0	0.0
IAH1	2	10	5.0	0.0
DPEP1	2	5	5.0	0.0
LDLR	4	5	5.0	0.0
RP11-806L2.2	2	5	5.0	0.0
KIF5C	2	5	5.0	0.0
INA	1	5	5.0	0.0
LRRC37A2	1	5	5.0	0.0
AC093415.2	2	6	5.0	0.0
SUMF1	4	5	5.0	0.0
HIPK2	2	5	5.0	0.0
PIGQ	5	5	5.0	0.0
PAK7	3	5	5.0	0.0
DAP3	1	4	5.0	0.0
WRAP73	1	5	5.0	0.0
RN7SL854P	3	7	5.0	0.0
PAPOLA	2	5	5.0	0.0
BCAT1	3	5	5.0	0.0
HOXA13	2	5	5.0	0.0
IFT172	3	5	5.0	0.0
ESYT1	1	4	5.0	0.0
RP5-867C24.5	1	5	5.0	0.0
DDX18P1	3	5	5.0	0.0
FAM49B	3	5	5.0	0.0
MYSM1	1	5	5.0	0.0
LNP1	4	5	5.0	0.0
DMRT3	1	5	5.0	0.0
PMS2CL	1	5	5.0	0.0
CRYZL1	1	5	5.0	0.0
EMP3	1	5	5.0	0.0
MCMBP	1	5	5.0	0.0
FAM115D	2	5	5.0	0.0
FTX	1	5	5.0	0.0
OR2B3	2	5	5.0	0.0
RP11-473M20.5	3	5	5.0	0.0
DIEXF	2	5	5.0	0.0
E2F7	1	5	5.0	0.0
ATL1	3	5	5.0	0.0
TMEM30B	2	5	5.0	0.0
IGF2	1	5	5.0	0.0
MTND1P26	3	5	5.0	0.0
AF131215.5	1	5	5.0	0.0
ZNF772	3	8	5.0	0.0
TNFRSF1A	3	5	4.999999999999999	0.0
TNC	3	5	4.999999999999999	0.0
NCOR2	2	5	4.999999999999999	0.0
CEACAM19	1	4	4.999999999999999	0.0
FANCD2	3	12	4.857142857142857	0.0
SOX12	6	8	4.844444444444445	0.0
AGO3	3	12	4.833333333333334	0.0
TMEM161B	3	4	4.833333333333333	0.0
C17orf103	3	6	4.8	0.0
PRKAR2A-AS1	5	9	4.8	0.0
CXorf56	3	5	4.75	0.0
TSPAN14	5	10	4.75	0.0
RPL39L	4	14	4.7	0.0
KIAA0930	2	5	4.666666666666667	0.0
PARVA	1	4	4.666666666666667	0.0
ALDOA	1	5	4.642857142857142	0.0
NAIP	1	6	4.5	0.0
RP11-715C4.1	1	9	4.5	0.0
DPF2	1	9	4.5	0.0
NME7	3	9	4.5	0.0
RAB11B-AS1	1	6	4.5	0.0
HECW2	1	9	4.5	0.0
SCLY	1	9	4.5	0.0
HOXC5	2	9	4.5	0.0
ARFRP1	1	9	4.5	0.0
RNF165	2	5	4.5	0.0
ATP8B1	3	9	4.5	0.0
RP3-468B3.2	3	6	4.5	0.0
ZNF521	2	5	4.5	0.0
AC159540.1	3	3	4.5	0.0
RP11-834C11.14	2	9	4.5	0.0
MICU1	2	6	4.485714285714286	0.0
CTD-2135D7.4	3	35	4.464285714285714	0.0
RP11-43F13.3	3	5	4.4	0.0
MTL5	3	7	4.4	0.0
RASGRP2	1	5	4.375	0.0
UGDH-AS1	17	23	4.351190476190475	0.0
MYH11	1	5	4.333333333333334	0.0
SIMC1	2	5	4.285714285714286	0.0
RBP1	2	6	4.285714285714285	0.0
MTRNR2L3	10	15	4.283333333333333	0.0
ADIPOQ	2	5	4.25	0.0
AC093642.3	2	5	4.166666666666666	0.0
RP11-809N8.5	11	17	4.15	0.0
MTND5P8	4	5	4.125	0.0
KCNK6	2	5	4.1	0.0
N4BP1	3	11	4.076923076923077	0.0
TENC1	3	4	4.000000000000001	0.0
DDHD1	1	4	4.0	0.0
CTSB	1	4	4.0	0.0
PLCB1	1	4	4.0	0.0
KIAA2018	1	4	4.0	0.0
PAQR4	3	4	4.0	0.0
CTSA	1	4	4.0	0.0
CASP8AP2	2	3	4.0	0.0
DNAJC11	1	4	4.0	0.0
ZNF37BP	2	2	4.0	0.0
SKA1	3	5	4.0	0.0
AC007246.3	2	4	4.0	0.0
KDM4D	2	4	4.0	0.0
CCDC120	1	4	4.0	0.0
PTAFR	2	4	4.0	0.0
CACNA1S	2	4	4.0	0.0
TIMP3	1	4	4.0	0.0
RBPMS	1	4	4.0	0.0
INSR	1	4	4.0	0.0
KIAA1456	2	4	4.0	0.0
LINC00926	1	4	4.0	0.0
RP11-231P20.2	2	4	4.0	0.0
MAPK1IP1L	2	4	4.0	0.0
CLMN	2	4	4.0	0.0
STX2	1	4	4.0	0.0
ZNF296	1	4	4.0	0.0
C19orf52	1	4	4.0	0.0
CCDC141	1	4	4.0	0.0
SALL3	1	5	4.0	0.0
EIF3J	1	4	4.0	0.0
HN1L	1	4	4.0	0.0
ZBTB42	2	4	4.0	0.0
TCF20	1	4	4.0	0.0
SCEL	1	4	4.0	0.0
GDF6	3	4	4.0	0.0
EXO1	1	4	4.0	0.0
EPN1	2	4	4.0	0.0
CNTLN	2	4	4.0	0.0
ABL1	1	4	4.0	0.0
RP13-254B10.1	3	4	4.0	0.0
PTRH2	2	4	4.0	0.0
STAB1	2	4	4.0	0.0
RNA5SP307	2	4	4.0	0.0
DXO	1	4	4.0	0.0
RP11-130F10.1	1	4	4.0	0.0
FAM131C	1	6	4.0	0.0
RP11-1055B8.7	1	4	4.0	0.0
PROX1	1	4	4.0	0.0
HMCN1	1	4	4.0	0.0
KLHL7-AS1	2	4	4.0	0.0
MUC5B	1	4	4.0	0.0
HOXB7	1	4	4.0	0.0
RPGRIP1L	1	4	4.0	0.0
PKHD1	3	4	4.0	0.0
AP001476.4	2	4	4.0	0.0
HNRNPA1P50	1	4	4.0	0.0
MACROD2	1	4	4.0	0.0
5S_rRNA.6	2	4	4.0	0.0
PMEL	1	4	4.0	0.0
TRPC2	1	4	4.0	0.0
AGGF1	1	4	4.0	0.0
SHD	1	4	4.0	0.0
TOR1A	1	4	4.0	0.0
NUP93	1	4	4.0	0.0
CDK8	2	4	4.0	0.0
IBA57	2	6	4.0	0.0
ASTN2	2	2	4.0	0.0
AL359195.1	3	12	4.0	0.0
ARID1B	3	4	4.0	0.0
RP4-610C12.4	1	4	4.0	0.0
ZNF442	3	4	4.0	0.0
MAST2	1	4	4.0	0.0
RP11-122M14.1	4	8	4.0	0.0
ROGDI	3	4	4.0	0.0
VGLL3	1	4	4.0	0.0
RP4-530I15.9	1	4	4.0	0.0
TMEM63A	3	4	4.0	0.0
RALGAPA2	1	4	4.0	0.0
MFGE8	1	4	4.0	0.0
CXCL5	3	4	4.0	0.0
JPH3	3	4	4.0	0.0
SAP130	3	4	4.0	0.0
SEMA5A	2	4	4.0	0.0
CEBPB	2	4	4.0	0.0
PHLPP1	2	4	4.0	0.0
RPL10P14	3	4	4.0	0.0
USF2	2	4	4.0	0.0
PHYHIPL	3	4	4.0	0.0
VNN1	1	4	4.0	0.0
VPS4A	3	4	4.0	0.0
USP54	1	3	4.0	0.0
PCGF1	2	4	4.0	0.0
CBR3-AS1	1	4	4.0	0.0
ENTPD2	1	4	4.0	0.0
ENTPD5	1	4	4.0	0.0
SCUBE1	3	4	4.0	0.0
ANKRD45	1	4	4.0	0.0
SPSB4	1	4	4.0	0.0
PSG9	1	4	4.0	0.0
RP11-739L10.1	1	4	4.0	0.0
LAMA2	2	4	4.0	0.0
RP11-205M3.3	2	4	4.0	0.0
SUV420H1	2	5	4.0	0.0
MGAT5	2	4	4.0	0.0
RNF213	4	8	4.0	0.0
RP11-340I6.8	2	4	4.0	0.0
TAS2R13	2	4	4.0	0.0
TRNT1	1	4	4.0	0.0
SLC6A17	1	4	4.0	0.0
AP001258.4	1	4	4.0	0.0
ANK3	4	4	4.0	0.0
RP11-214N1.1	2	4	4.0	0.0
RP11-53B2.3	2	4	4.0	0.0
RP11-1012E15.1	1	4	4.0	0.0
CREG2	1	4	4.0	0.0
hsa-mir-6080.1	1	4	4.0	0.0
RASSF8	1	4	4.0	0.0
H3F3A	1	4	4.0	0.0
TIGD1	3	10	4.0	0.0
TTC7A	2	4	4.0	0.0
HSD3BP2	1	4	4.0	0.0
LEPREL1-AS1	1	8	4.0	0.0
AC007126.1	1	4	4.0	0.0
EDDM3A	1	4	4.0	0.0
KREMEN2	3	4	4.0	0.0
MBD4	1	4	4.0	0.0
ASPSCR1	2	8	4.0	0.0
HCG11	1	4	4.0	0.0
RP11-455F5.4	1	4	4.0	0.0
KRT8P14	2	4	4.0	0.0
RAI2	2	4	4.0	0.0
RAI1	1	4	4.0	0.0
NBEAL1	2	4	4.0	0.0
MEIG1	1	4	4.0	0.0
MIR4454	2	4	4.0	0.0
ARGFXP1	1	4	4.0	0.0
CES1P1	1	4	4.0	0.0
MIR4461	2	8	4.0	0.0
NCCRP1	3	4	4.0	0.0
GPT	2	4	4.0	0.0
KRT9	4	4	4.0	0.0
CNTNAP2	1	4	4.0	0.0
TFAP4	1	4	4.0	0.0
BCAS3	1	4	4.0	0.0
GMPS	3	8	4.0	0.0
RP11-3N2.5	1	4	4.0	0.0
LEMD2	3	4	4.0	0.0
ADCY2	1	4	4.0	0.0
DOCK5	1	4	4.0	0.0
DOCK9	2	4	4.0	0.0
CTC-281F24.1	1	4	4.0	0.0
PAXIP1-AS2	1	4	4.0	0.0
RN7SL53P	1	8	4.0	0.0
AC007000.12	2	4	4.0	0.0
GPR63	2	4	4.0	0.0
ARHGEF4	4	4	4.0	0.0
AC008592.5	1	6	4.0	0.0
AGMAT	1	4	4.0	0.0
SLC37A2	2	4	4.0	0.0
RC3H1	3	4	4.0	0.0
PDGFC	1	3	4.0	0.0
DMXL2	2	4	4.0	0.0
BAZ2B	1	4	4.0	0.0
GPR183	2	4	4.0	0.0
MITD1	2	4	4.0	0.0
COX10	1	4	4.0	0.0
RP11-680F20.10	3	4	4.0	0.0
CRMP1	2	4	4.0	0.0
RP11-14I17.3	2	4	4.0	0.0
SFXN2	1	4	4.0	0.0
PIAS1	1	4	4.0	0.0
HARS	2	4	4.0	0.0
SNX14	1	4	4.0	0.0
HDAC6	2	4	4.0	0.0
RP11-273B20.1	2	4	4.0	0.0
VRTN	1	4	4.0	0.0
ANKRD30B	1	4	4.0	0.0
SRGAP3-AS4	2	4	4.0	0.0
PARP4	2	4	4.0	0.0
SCN1B	1	4	4.0	0.0
CUX1	1	3	3.9999999999999996	0.0
FAM86DP	3	6	3.9999999999999996	0.0
DCAF4	1	3	3.9999999999999996	0.0
CHD5	1	4	3.9999999999999996	0.0
IFNAR2	1	4	3.999999999999999	0.0
GAS6	2	4	3.999999999999999	0.0
DHX35	2	4	3.999999999999999	0.0
CD63	3	4	3.9999999999999987	0.0
SNCAIP	1	4	3.9999999999999982	0.0
KRT72	2	5	3.8571428571428568	0.0
LRRC2	2	11	3.8333333333333335	0.0
RP11-475J5.11	7	15	3.833333333333333	0.0
GPR75-ASB3	4	9	3.8	0.0
RP11-711C17.2	1	30	3.75	0.0
RP11-357C3.3	2	5	3.75	0.0
TBC1D32	5	10	3.75	0.0
SPECC1L	1	5	3.75	0.0
CTB-151G24.1	4	7	3.75	0.0
SLC5A7	2	8	3.7	0.0
HDAC10	2	4	3.6923076923076916	0.0
FLCN	3	5	3.6666666666666665	0.0
PRKAR2A	4	4	3.6666666666666665	0.0
MTATP8P2	3	11	3.6666666666666665	0.0
SLC35F6	3	12	3.6428571428571423	0.0
RTN3	4	4	3.636363636363637	0.0
PQLC2	1	3	3.571428571428571	0.0
C14orf182	3	9	3.5	0.0
PDE7B	3	4	3.5	0.0
REPS2	3	4	3.5	0.0
TMEM154	2	4	3.5	0.0
RAB5C	1	7	3.5	0.0
RP11-481J13.1	3	5	3.5	0.0
RP5-1070A16.1	4	4	3.5	0.0
MTND6P3	6	14	3.5	0.0
TOR1AIP2	2	2	3.5	0.0
CLTCL1	1	4	3.5	0.0
DNMBP-AS1	2	6	3.5	0.0
USP48	2	6	3.5	0.0
LACTB	1	7	3.5	0.0
ABCC5	1	7	3.5	0.0
PLGLA	1	7	3.5	0.0
CYB5R4	3	4	3.5	0.0
SMARCE1P2	2	7	3.5	0.0
FAM179A	4	4	3.5	0.0
CTD-2552B11.2	2	7	3.5	0.0
CTD-2314B22.3	2	7	3.5	0.0
OTOP1	1	7	3.5	0.0
PLG	1	7	3.5	0.0
RP11-846F4.9	6	11	3.5	0.0
EIF3J-AS1	1	7	3.5	0.0
DHFR	2	4	3.5	0.0
AL589743.1	2	7	3.5	0.0
LINC00483	2	6	3.4000000000000004	0.0
RP11-39K24.4	4	8	3.4000000000000004	0.0
SYT15	1	10	3.3333333333333335	0.0
SLC19A3	1	5	3.3333333333333335	0.0
SULT1A1	1	10	3.3333333333333335	0.0
ABHD17A	1	5	3.3333333333333335	0.0
GALNS	1	10	3.3333333333333335	0.0
ALG9	1	10	3.3333333333333335	0.0
NANOGP1	2	4	3.2857142857142856	0.0
SCAPER	1	4	3.2857142857142856	0.0
FANCI	1	12	3.2727272727272725	0.0
ZKSCAN7	3	4	3.2727272727272725	0.0
ZSCAN5A	1	4	3.25	0.0
RP11-713P17.4	3	4	3.25	0.0
SIN3A	2	6	3.2	0.0
RP11-263C16.2	2	16	3.2	0.0
GPR55	1	4	3.2	0.0
ATP9B	4	8	3.1999999999999997	0.0
C17orf51	2	5	3.1666666666666665	0.0
AGO1	2	4	3.125	0.0
ZNF793	2	4	3.1	0.0
ZNF682	2	8	3.0857142857142854	0.0
RABL6	1	5	3.0000000000000004	0.0
GREB1L	2	3	3.0000000000000004	0.0
SOGA3	2	3	3.0000000000000004	0.0
ASCC2	2	3	3.0000000000000004	0.0
SLC22A12	2	3	3.0000000000000004	0.0
FKBP10	3	3	3.0000000000000004	0.0
PPP1R12B	1	3	3.0	0.0
SBF2	2	3	3.0	0.0
EVL	2	3	3.0	0.0
EFCAB6	1	3	3.0	0.0
KIAA0753	2	3	3.0	0.0
LURAP1L	1	3	3.0	0.0
GCDH	1	3	3.0	0.0
U2AF2	1	3	3.0	0.0
SLC14A1	1	3	3.0	0.0
R3HDM2P1	2	3	3.0	0.0
LINC00937	1	2	3.0	0.0
EIF1	1	3	3.0	0.0
STK35	1	3	3.0	0.0
KANK3	1	3	3.0	0.0
DGKQ	1	3	3.0	0.0
REXO1	1	3	3.0	0.0
NACA	1	6	3.0	0.0
AC022154.7	1	3	3.0	0.0
LINC00299	1	3	3.0	0.0
RP11-651K21.1	1	3	3.0	0.0
RP11-126O22.1	2	3	3.0	0.0
NLGN1	1	3	3.0	0.0
RP11-297P16.3	1	3	3.0	0.0
GZMH	1	3	3.0	0.0
TCEB3C	2	9	3.0	0.0
C12orf76	1	3	3.0	0.0
COL27A1	1	3	3.0	0.0
COL9A1	2	3	3.0	0.0
SYAP1	2	3	3.0	0.0
TCEB3CL	2	9	3.0	0.0
RP11-318G21.4	1	3	3.0	0.0
EMILIN2	3	3	3.0	0.0
ENGASE	1	3	3.0	0.0
POTEG	1	6	3.0	0.0
POTEM	1	6	3.0	0.0
SLC29A4	1	3	3.0	0.0
RP11-63H19.2	1	6	3.0	0.0
MAPK3	2	3	3.0	0.0
TMPRSS11D	1	3	3.0	0.0
MTPAP	1	3	3.0	0.0
TRHDE-AS1	1	3	3.0	0.0
MED27	1	3	3.0	0.0
TNFRSF19	2	3	3.0	0.0
DIS3L2	1	9	3.0	0.0
HOXB8	2	3	3.0	0.0
SRR	1	3	3.0	0.0
DERL1	3	3	3.0	0.0
RN7SL707P	1	6	3.0	0.0
C8orf17	1	6	3.0	0.0
CTD-2313J23.1	1	6	3.0	0.0
DZANK1	1	3	3.0	0.0
ZYG11B	1	3	3.0	0.0
SERINC1	2	3	3.0	0.0
SRSF11	1	3	3.0	0.0
GAPDHP2	1	3	3.0	0.0
YLPM1	1	3	3.0	0.0
HSPA4L	1	3	3.0	0.0
ZFP3	1	3	3.0	0.0
SHMT1	1	3	3.0	0.0
TBC1D7	2	3	3.0	0.0
ZSWIM6	1	3	3.0	0.0
LEPROTL1	1	3	3.0	0.0
DVL1	2	3	3.0	0.0
SIGLEC18P	2	3	3.0	0.0
BCL2L13	1	2	3.0	0.0
A2M	1	3	3.0	0.0
TNR	1	3	3.0	0.0
EPCAM	1	3	3.0	0.0
PACRG	1	3	3.0	0.0
ITCH	3	3	3.0	0.0
RP11-982M15.8	3	3	3.0	0.0
VWC2	2	3	3.0	0.0
SEMA4C	1	3	3.0	0.0
INS-IGF2	2	3	3.0	0.0
AC018865.8	1	6	3.0	0.0
LAMTOR5	1	3	3.0	0.0
PDE4DIP	2	3	3.0	0.0
RP11-855O10.3	1	3	3.0	0.0
UBR5	1	3	3.0	0.0
ALKBH6	2	3	3.0	0.0
SEC16B	2	3	3.0	0.0
FSIP2	2	3	3.0	0.0
LILRP1	2	3	3.0	0.0
SLC45A4	2	3	3.0	0.0
RPL37A	1	3	3.0	0.0
CTD-2547H18.1	2	3	3.0	0.0
GSX2	2	3	3.0	0.0
FNTB	1	3	3.0	0.0
DNAH17	2	3	3.0	0.0
MARK4	1	3	3.0	0.0
AC109826.1	1	3	3.0	0.0
NDUFB2	1	3	3.0	0.0
RALGAPB	2	3	3.0	0.0
RP11-266A24.1	1	3	3.0	0.0
AC140481.7	1	6	3.0	0.0
NDRG1	1	3	3.0	0.0
RP11-50E11.3	1	3	3.0	0.0
RP11-282C5.1	1	3	3.0	0.0
CDKL1	1	3	3.0	0.0
PGK1	1	3	3.0	0.0
RP11-62H7.2	1	3	3.0	0.0
A4GALT	3	3	3.0	0.0
UGT8	1	3	3.0	0.0
RP11-148B6.2	1	3	3.0	0.0
COL11A2	1	3	3.0	0.0
DZIP1L	3	3	3.0	0.0
SMYD1	3	3	3.0	0.0
ANO7	3	3	3.0	0.0
RTF1	2	3	3.0	0.0
FYTTD1P1	1	3	3.0	0.0
KCNH3	1	3	3.0	0.0
RPS23	1	9	3.0	0.0
DAAM2	3	3	3.0	0.0
LTA4H	2	3	3.0	0.0
FAM174B	3	3	3.0	0.0
ZNF606	1	3	3.0	0.0
GPR1	1	3	3.0	0.0
RP11-94B19.2	2	3	3.0	0.0
IRAK4	1	3	3.0	0.0
AKAP5	2	3	3.0	0.0
ARL16	1	4	3.0	0.0
RP11-73O6.3	1	3	3.0	0.0
PGBD2	2	3	3.0	0.0
RP11-127H5.1	1	3	3.0	0.0
FUT9	1	3	3.0	0.0
FKBP15	3	3	3.0	0.0
BLMH	2	6	3.0	0.0
RP11-556N4.1	1	3	3.0	0.0
AC016723.4	1	3	3.0	0.0
PPARG	2	3	3.0	0.0
CELSR2	1	3	3.0	0.0
SZT2	2	9	3.0	0.0
PEX11B	1	3	3.0	0.0
COL5A3	1	3	3.0	0.0
C7orf61	1	3	3.0	0.0
RP11-307A17.2	1	3	3.0	0.0
AC011431.2	1	3	3.0	0.0
LMO2	1	3	3.0	0.0
HLA-DQB2	1	3	3.0	0.0
EEF1D	2	3	3.0	0.0
ARF4P3	1	3	3.0	0.0
RP11-13N13.5	2	6	3.0	0.0
AHNAK2	1	3	3.0	0.0
KIAA1919	1	9	3.0	0.0
PPP2R5E	2	5	3.0	0.0
ANXA11	1	3	3.0	0.0
ARMC10	2	3	3.0	0.0
RP11-398E10.1	1	3	3.0	0.0
RP11-4K16.2	1	3	3.0	0.0
MAFG	2	3	3.0	0.0
MEST	3	3	3.0	0.0
FAM126B	2	4	3.0	0.0
HBP1	2	3	3.0	0.0
AC016683.6	2	3	3.0	0.0
RP11-467J12.2	3	3	3.0	0.0
B3GALTL	2	3	3.0	0.0
SH2B2	1	3	3.0	0.0
DBIL5P2	1	3	3.0	0.0
CDC42SE2	2	3	3.0	0.0
DOCK1	1	3	3.0	0.0
RP11-804F13.1	3	3	3.0	0.0
LRRC37A11P	2	3	3.0	0.0
C22orf29	1	4	3.0	0.0
GPR82	1	3	3.0	0.0
OR2Q1P	3	3	3.0	0.0
IFIT6P	1	3	3.0	0.0
CTD-2643K12.1	1	3	3.0	0.0
OR10K2	2	3	3.0	0.0
PRODH	1	3	3.0	0.0
DDAH1	3	3	3.0	0.0
RP11-74M13.4	2	3	3.0	0.0
TESC	2	3	3.0	0.0
ZNF814	1	3	3.0	0.0
SCXB	3	6	3.0	0.0
SCXA	3	6	3.0	0.0
ZFP36L1	1	3	3.0	0.0
CPEB1	2	3	3.0	0.0
FTO	1	3	3.0	0.0
OAS2	1	3	3.0	0.0
CEP19	2	4	3.0	0.0
TCEB3CL2	2	9	3.0	0.0
NELL2	3	3	3.0	0.0
LMCD1-AS1	1	2	3.0	0.0
ST8SIA4	2	3	3.0	0.0
COA5	1	3	3.0	0.0
G6PC3	2	3	3.0	0.0
PPP1CA	1	3	3.0	0.0
MPDZ	3	3	2.9999999999999996	0.0
ITGB2	1	3	2.9999999999999996	0.0
NCOA1	2	3	2.9999999999999996	0.0
FOSB	2	3	2.9999999999999996	0.0
CTBP2	2	3	2.9999999999999996	0.0
SLC22A5	1	3	2.9999999999999996	0.0
ESRRG	1	3	2.999999999999999	0.0
MTND1P14	4	9	2.9166666666666665	0.0
SRRM1	3	3	2.9000000000000004	0.0
RP11-475J5.7	4	9	2.8666666666666667	0.0
RP1-102H19.8	2	6	2.8333333333333335	0.0
CTD-2008P7.9	4	6	2.833333333333333	0.0
CALB1	6	16	2.826470588235294	0.0
RP11-661P17.1	2	6	2.8	0.0
MCM8	1	2	2.75	0.0
CCDC144B	3	9	2.75	0.0
LINC00665	2	2	2.733333333333333	0.0
IPO4	1	3	2.6999999999999997	0.0
MTATP6P2	2	8	2.666666666666667	0.0
NTAN1P2	2	8	2.666666666666667	0.0
ERVFRD-1	2	4	2.6666666666666665	0.0
RP11-499E18.1	1	4	2.6666666666666665	0.0
S1PR3	2	6	2.6666666666666665	0.0
RHOC	1	4	2.6666666666666665	0.0
C15orf40	1	8	2.6666666666666665	0.0
RASGRP4	1	3	2.6666666666666665	0.0
ARHGAP19-SLIT1	3	8	2.6666666666666665	0.0
ZNF677	2	6	2.6666666666666665	0.0
TDRD12	1	8	2.6666666666666665	0.0
MDGA1	2	4	2.6666666666666665	0.0
DRGX	1	4	2.6666666666666665	0.0
FRK	3	8	2.6666666666666665	0.0
GFM1	1	8	2.6666666666666665	0.0
FAM195B	2	4	2.6666666666666665	0.0
ANKRD36B	1	4	2.6666666666666665	0.0
NUDT6	3	4	2.625	0.0
ABCC9	6	10	2.6	0.0
CTC-471J1.8	3	9	2.571428571428571	0.0
ABHD12B	2	10	2.5555555555555554	0.0
PCCB	1	5	2.5	0.0
CTC-340A15.2	1	5	2.5	0.0
CCDC127	3	3	2.5	0.0
DDX59	1	5	2.5	0.0
RNA5SP471	1	5	2.5	0.0
UBALD2	1	5	2.5	0.0
RNA5SP425	1	5	2.5	0.0
MPV17L	4	6	2.5	0.0
ARF5	1	5	2.5	0.0
OR4G3P	3	5	2.5	0.0
OR4G4P	3	5	2.5	0.0
RP11-627D16.1	1	5	2.5	0.0
KLHL6-AS1	1	5	2.5	0.0
MROH7	1	5	2.5	0.0
GJC1	2	3	2.5	0.0
CNKSR3	3	3	2.5	0.0
IST1	2	4	2.5	0.0
TLR3	1	5	2.5	0.0
CTD-2553C6.1	1	5	2.5	0.0
AC010336.1	1	5	2.5	0.0
POM121C	1	5	2.5	0.0
TMTC1	2	3	2.5	0.0
GOSR1	2	5	2.5	0.0
LAPTM4B	3	4	2.5	0.0
ECI2	1	5	2.5	0.0
TMEM185A	2	3	2.5	0.0
RP1-86D1.3	1	5	2.5	0.0
SLC37A3	1	2	2.5	0.0
C4orf32	2	6	2.5	0.0
MTND2P21	4	14	2.4666666666666663	0.0
MTND2P9	4	14	2.4666666666666663	0.0
MTND5P17	5	9	2.4444444444444446	0.0
AP006222.2	4	12	2.4000000000000004	0.0
AC093642.5	4	12	2.4000000000000004	0.0
ALOX15	2	4	2.4000000000000004	0.0
GTPBP3	1	4	2.4000000000000004	0.0
AC012593.1	2	6	2.4	0.0
ATL2	2	6	2.4	0.0
SCARNA15	3	3	2.3333333333333335	0.0
RP11-453N18.1	2	7	2.3333333333333335	0.0
RP5-935K16.1	2	3	2.3333333333333335	0.0
CHD2	1	2	2.3333333333333335	0.0
NGLY1	1	2	2.3333333333333335	0.0
MTND1P32	3	7	2.3333333333333335	0.0
MTND1P11	3	7	2.3333333333333335	0.0
CTD-2626G11.2	3	3	2.333333333333333	0.0
LINC00883	2	3	2.333333333333333	0.0
AKAP13	1	2	2.333333333333333	0.0
ATXN3	3	6	2.333333333333333	0.0
OR2H1	2	3	2.333333333333333	0.0
MTND4P13	4	7	2.2777777777777777	0.0
FRMD4B	1	2	2.2666666666666666	0.0
ABI2	3	9	2.25	0.0
AGXT	3	5	2.25	0.0
HHIP	3	5	2.25	0.0
ZNF530	2	3	2.25	0.0
CHRNB4	3	5	2.25	0.0
RP4-607J23.2	3	3	2.25	0.0
RP11-544I20.2	2	5	2.25	0.0
PIANP	1	3	2.25	0.0
SCIMP	3	4	2.2	0.0
SPIN1	1	12	2.1818181818181817	0.0
SATB1	1	3	2.142857142857143	0.0
CARD8	2	2	2.1428571428571423	0.0
AP000476.1	2	8	2.1333333333333333	0.0
LINC01057	2	10	2.111111111111111	0.0
RPH3AL	2	5	2.1	0.0
PKD1L2	3	3	2.1	0.0
LRP2BP	4	7	2.0166666666666666	0.0
TOM1	1	2	2.0000000000000004	0.0
IFT122	1	2	2.0000000000000004	0.0
CCDC74B	1	2	2.0000000000000004	0.0
GKN1	2	2	2.0	0.0
GSG1L	1	2	2.0	0.0
ZPBP2	1	4	2.0	0.0
IFNAR1	1	2	2.0	0.0
CTTN	1	2	2.0	0.0
ATF7IP2	1	6	2.0	0.0
INTS10	1	2	2.0	0.0
RP11-10O17.1	2	2	2.0	0.0
RP4-635G19.1	1	2	2.0	0.0
SAMD9	2	2	2.0	0.0
DRAM2	1	2	2.0	0.0
PLCL1	2	2	2.0	0.0
CDPF1	2	2	2.0	0.0
CTC-260E6.6	1	2	2.0	0.0
RP3-455J7.4	1	2	2.0	0.0
DNAAF1	1	2	2.0	0.0
DENND2A	1	2	2.0	0.0
NAV1	2	2	2.0	0.0
HOOK2	2	2	2.0	0.0
RN7SL158P	1	4	2.0	0.0
DPYSL2	1	2	2.0	0.0
C1QTNF4	1	2	2.0	0.0
RN7SL379P	2	4	2.0	0.0
C1orf186	1	2	2.0	0.0
RP11-444E17.6	1	2	2.0	0.0
CKMT2-AS1	1	2	2.0	0.0
MS4A15	1	2	2.0	0.0
RP11-805L22.2	1	2	2.0	0.0
MYL12B	1	2	2.0	0.0
CTD-2544H17.1	1	2	2.0	0.0
DDX23	2	2	2.0	0.0
VCL	2	2	2.0	0.0
WDR26	1	2	2.0	0.0
RP11-114H7.1	2	2	2.0	0.0
EYS	1	2	2.0	0.0
HAPLN4	1	3	2.0	0.0
SNORD10	2	4	2.0	0.0
RNASET2	1	2	2.0	0.0
AC006499.8	2	2	2.0	0.0
AC097374.2	1	2	2.0	0.0
OR52M1	1	2	2.0	0.0
ZNF217	1	2	2.0	0.0
RASEF	1	2	2.0	0.0
WDR59	1	1	2.0	0.0
C1orf50	1	2	2.0	0.0
WDR78	1	2	2.0	0.0
MEF2BNB	2	4	2.0	0.0
RP11-981G7.1	1	12	2.0	0.0
RP11-398G24.2	1	2	2.0	0.0
CHST1	1	2	2.0	0.0
TMEM97	2	2	2.0	0.0
EIF3F	1	2	2.0	0.0
SEPT8	1	2	2.0	0.0
SEPT1	2	2	2.0	0.0
RGSL1	1	2	2.0	0.0
C12orf50	2	2	2.0	0.0
CSNK2B-LY6G5B-1181	1	3	2.0	0.0
RP11-661A12.14	1	2	2.0	0.0
CALY	2	2	2.0	0.0
CLCN3	1	2	2.0	0.0
AC073409.1	1	2	2.0	0.0
SLC35A3	1	2	2.0	0.0
FKBP4	1	2	2.0	0.0
DENND5B	1	2	2.0	0.0
IKBKG	1	3	2.0	0.0
SPRYD3	2	2	2.0	0.0
RP3-395M20.8	2	2	2.0	0.0
UBXN11	2	2	2.0	0.0
RP11-144G16.1	2	2	2.0	0.0
TFAP2A	1	2	2.0	0.0
RP11-278L15.4	1	2	2.0	0.0
PMS1	1	2	2.0	0.0
AC090587.2	1	2	2.0	0.0
ZSCAN30	3	10	2.0	0.0
RP4-568F9.6	1	2	2.0	0.0
RP11-879F14.2	1	12	2.0	0.0
RP11-283G6.4	1	12	2.0	0.0
CMIP	1	2	2.0	0.0
PROX2	2	2	2.0	0.0
ZNF100	1	2	2.0	0.0
PIK3CG	1	2	2.0	0.0
PIK3C3	1	1	2.0	0.0
TMEM147	1	2	2.0	0.0
RP11-7F17.1	2	2	2.0	0.0
SP6	1	2	2.0	0.0
UQCC1	1	1	2.0	0.0
CR2	2	2	2.0	0.0
LAP3	1	2	2.0	0.0
RP11-65L3.4	1	2	2.0	0.0
HABP2	2	2	2.0	0.0
ZMYM6	1	4	2.0	0.0
RP11-77K12.3	1	2	2.0	0.0
RNF10	1	2	2.0	0.0
SRI	1	2	2.0	0.0
FUT10	1	2	2.0	0.0
NEGR1	2	2	2.0	0.0
MRGPRX3	1	2	2.0	0.0
RPL34-AS1	3	4	2.0	0.0
POLR2D	1	2	2.0	0.0
RP11-288H12.4	2	2	2.0	0.0
CDS1	1	2	2.0	0.0
LGALS7	2	4	2.0	0.0
KRT18P45	2	2	2.0	0.0
COX6B2	2	2	2.0	0.0
RP11-770J1.4	2	2	2.0	0.0
CGN	1	2	2.0	0.0
RP11-484L7.2	1	8	2.0	0.0
AC010731.3	1	2	2.0	0.0
XXbac-BPG299F13.17	2	2	2.0	0.0
ALPK2	1	2	2.0	0.0
AL357673.1	1	2	2.0	0.0
ADPRHL1	1	2	2.0	0.0
DEC1	1	8	2.0	0.0
CCNL1	2	2	2.0	0.0
TRPM4	1	2	2.0	0.0
EFEMP1	1	2	2.0	0.0
NTSR1	1	2	2.0	0.0
ZFP1	1	2	2.0	0.0
AP001596.6	1	2	2.0	0.0
ERLIN1	2	4	2.0	0.0
FMNL1	1	2	2.0	0.0
MYLK-AS1	2	2	2.0	0.0
CTB-1144G6.5	2	2	2.0	0.0
SLC23A1	1	2	2.0	0.0
KCNK12	2	2	2.0	0.0
GOLGA7B	2	2	2.0	0.0
MT-TS2	1	2	2.0	0.0
RP11-5P18.10	1	6	2.0	0.0
PRPF40A	2	2	2.0	0.0
UBA6	1	2	2.0	0.0
RP11-238F2.1	1	2	2.0	0.0
PANK1	1	12	2.0	0.0
PFKM	1	2	2.0	0.0
PFKL	1	2	2.0	0.0
AC093642.4	1	4	2.0	0.0
C11orf49	1	2	2.0	0.0
CFLAR	3	10	2.0	0.0
CTD-3037G24.4	1	2	2.0	0.0
MAP3K11	2	2	2.0	0.0
PIH1D1	1	2	2.0	0.0
SEMA3C	1	2	2.0	0.0
PTEN	1	2	2.0	0.0
C11orf58	2	4	2.0	0.0
RP1-122K4.3	1	2	2.0	0.0
CD38	1	2	2.0	0.0
UBR4	1	2	2.0	0.0
LRRC37A6P	1	3	2.0	0.0
RP11-586D19.2	1	2	2.0	0.0
SSFA2	1	2	2.0	0.0
VPS11	2	6	2.0	0.0
LRRC8C	1	2	2.0	0.0
GABRR2	2	2	2.0	0.0
RP11-583F24.4	1	2	2.0	0.0
SNX18P7	2	2	2.0	0.0
APC2	2	2	2.0	0.0
THOC2	1	2	2.0	0.0
MMP16	1	2	2.0	0.0
ALS2CL	1	2	2.0	0.0
C17orf102	1	2	2.0	0.0
MAP3K6	1	2	2.0	0.0
VPS53	1	1	2.0	0.0
ZNF708	2	3	2.0	0.0
ZNF709	1	2	2.0	0.0
SH3GL1P3	1	2	2.0	0.0
CD274	2	2	2.0	0.0
COL22A1	1	2	2.0	0.0
AC009502.4	1	12	2.0	0.0
TIRAP	1	2	2.0	0.0
KCNV1	1	2	2.0	0.0
SPEG	1	2	2.0	0.0
GULP1	2	2	2.0	0.0
SGCA	2	2	2.0	0.0
AC013402.2	2	2	2.0	0.0
LPGAT1	1	2	2.0	0.0
RP11-98G7.1	1	2	2.0	0.0
LGALS7B	2	4	2.0	0.0
MT-TV	1	2	2.0	0.0
CDC37	2	2	2.0	0.0
NPAP1	2	2	2.0	0.0
RP11-830F9.6	1	2	2.0	0.0
PPP1R9B	1	2	2.0	0.0
FAM26E	2	2	2.0	0.0
NEDD4L	1	2	2.0	0.0
CTD-3007L5.1	1	2	2.0	0.0
BBS5	1	2	2.0	0.0
LDOC1L	1	2	2.0	0.0
SAR1B	1	2	2.0	0.0
UNC50	1	2	2.0	0.0
ANKRD30BL	1	2	2.0	0.0
RASSF5	1	2	2.0	0.0
AC012456.3	1	2	2.0	0.0
RP11-53B2.2	1	2	2.0	0.0
KCNH2	1	2	2.0	0.0
UNC80	1	1	2.0	0.0
TLE3	1	2	2.0	0.0
KCNG3	1	2	2.0	0.0
RASAL2-AS1	1	2	2.0	0.0
ZNF17	1	2	2.0	0.0
GS1-590J6.2	1	2	2.0	0.0
RP11-464D20.6	1	2	2.0	0.0
RP11-509E10.1	2	2	2.0	0.0
PPP1R1C	2	2	2.0	0.0
LSM11	2	3	2.0	0.0
RP1-63G5.7	2	2	2.0	0.0
DBR1	1	2	2.0	0.0
PRR5	1	1	2.0	0.0
RABGAP1L	1	2	2.0	0.0
CTD-2083E4.4	1	2	2.0	0.0
AC025627.4	2	2	2.0	0.0
TEX11	2	2	2.0	0.0
FUT4	2	2	2.0	0.0
PLIN5	1	2	2.0	0.0
POGLUT1	1	2	2.0	0.0
KLF5	2	2	2.0	0.0
RP5-1139I1.1	2	2	2.0	0.0
BDKRB2	1	2	2.0	0.0
GPT2	2	2	2.0	0.0
PEX11A	1	2	2.0	0.0
HP	1	2	2.0	0.0
GABRQ	1	2	2.0	0.0
ZXDA	2	2	2.0	0.0
AC131180.3	1	2	2.0	0.0
ACSM1	1	2	2.0	0.0
ZNF562	1	2	2.0	0.0
ZNF557	2	2	2.0	0.0
PGAP1	1	2	2.0	0.0
RP11-414H23.2	1	2	2.0	0.0
CRTC3	2	2	2.0	0.0
HSPA8P9	1	4	2.0	0.0
HRAS	2	2	2.0	0.0
OR3A2	1	6	2.0	0.0
OR3A1	1	6	2.0	0.0
OR3A3	1	6	2.0	0.0
PTPRB	1	2	2.0	0.0
PIGV	2	2	2.0	0.0
NINJ1	2	4	2.0	0.0
UBIAD1	1	2	2.0	0.0
AP000459.7	1	2	2.0	0.0
MAF1	1	2	2.0	0.0
AC107622.1	1	2	2.0	0.0
FAM46A	1	2	2.0	0.0
SHROOM3	1	2	2.0	0.0
FAM57A	2	2	2.0	0.0
RP11-672L10.1	1	2	2.0	0.0
SLC4A1AP	1	2	2.0	0.0
RP11-713P17.3	2	2	2.0	0.0
CSTF3-AS1	2	2	2.0	0.0
RP11-805I24.1	2	2	2.0	0.0
RP11-94L15.2	1	4	2.0	0.0
VAPB	2	2	2.0	0.0
CNTD2	2	2	2.0	0.0
CCP110	1	2	2.0	0.0
CTD-2303H24.2	2	2	2.0	0.0
ACCS	2	2	2.0	0.0
IPMK	1	2	2.0	0.0
AC068134.5	1	2	2.0	0.0
VSTM4	1	2	2.0	0.0
TMEM212	2	2	2.0	0.0
CAMTA2	1	2	2.0	0.0
MFAP5	1	12	2.0	0.0
RPS6KC1	1	2	2.0	0.0
MARS	1	2	2.0	0.0
KIR3DX1	2	3	2.0	0.0
GPR83	1	2	2.0	0.0
MAP6	1	2	2.0	0.0
RP11-137L10.6	1	2	2.0	0.0
SPHK2	2	2	2.0	0.0
DNM1P46	1	2	2.0	0.0
RP11-680C21.1	2	2	2.0	0.0
LTBP3	2	2	2.0	0.0
LINC00661	1	2	2.0	0.0
RSRC1	1	2	2.0	0.0
FAM221A	1	4	2.0	0.0
LINC00680	1	2	2.0	0.0
ARHGAP19	2	2	2.0	0.0
AEBP1	2	2	2.0	0.0
FIS1	1	2	2.0	0.0
RP1-140K8.5	1	2	2.0	0.0
SLC25A23	1	2	2.0	0.0
PTGIS	1	2	2.0	0.0
PDGFA	1	2	2.0	0.0
AP2A1	2	2	2.0	0.0
COG7	1	2	2.0	0.0
CPEB2	1	2	2.0	0.0
COX11	1	6	2.0	0.0
ZFHX3	1	2	2.0	0.0
TNKS1BP1	1	2	2.0	0.0
GPR152	1	2	2.0	0.0
NEK1	2	2	2.0	0.0
NEK4	1	2	2.0	0.0
TMEM170A	2	2	2.0	0.0
RP11-946L20.4	2	4	2.0	0.0
CCBE1	1	2	2.0	0.0
ADI1	2	2	2.0	0.0
UBE2Q1	2	2	2.0	0.0
SIGLEC11	1	2	2.0	0.0
SH2D4A	1	2	2.0	0.0
COA1	1	8	2.0	0.0
HDAC2	1	2	2.0	0.0
ERCC6L	1	2	2.0	0.0
UNKL	1	2	2.0	0.0
RP11-284J1.1	1	2	2.0	0.0
RP1-283E3.4	1	2	2.0	0.0
CDKN2C	1	1	2.0	0.0
SPATA2L	2	2	2.0	0.0
IL21R-AS1	1	2	2.0	0.0
EIF4A1	2	4	2.0	0.0
RP11-960H2.1	2	2	2.0	0.0
RP11-973N13.2	2	2	2.0	0.0
CACNB3	1	2	2.0	0.0
ZNF792	1	2	2.0	0.0
RP11-1217F2.15	1	4	2.0	0.0
ZNF782	1	2	2.0	0.0
TERF2	1	2	1.9999999999999998	0.0
C1orf112	1	2	1.9999999999999998	0.0
GDI1	2	2	1.9999999999999998	0.0
PLXNB3	1	2	1.9999999999999998	0.0
AL109763.2	3	6	1.9999999999999998	0.0
ADCY7	1	2	1.9999999999999998	0.0
TRAF3	1	2	1.9999999999999998	0.0
DNAH3	1	1	1.9999999999999998	0.0
CEP70	1	2	1.9999999999999998	0.0
BPTF	2	2	1.9999999999999996	0.0
PRPF4B	1	2	1.9999999999999996	0.0
GART	1	2	1.9999999999999996	0.0
TEP1	1	2	1.9999999999999996	0.0
FAM197Y2	5	11	1.9333333333333336	0.0
FAM197Y3	5	11	1.9333333333333336	0.0
FAM197Y6	5	11	1.9333333333333336	0.0
FAM197Y7	5	11	1.9333333333333336	0.0
FAM197Y8	5	11	1.9333333333333336	0.0
CYB5R2	2	6	1.8333333333333335	0.0
ASB8	2	5	1.8333333333333333	0.0
PCBP1-AS1	1	4	1.8	0.0
PPP4R2	1	3	1.8	0.0
CTD-2021A8.2	2	12	1.7999999999999998	0.0
CTD-2021A8.3	2	12	1.7999999999999998	0.0
NDE1	1	2	1.7999999999999998	0.0
SOCS2-AS1	3	4	1.7857142857142856	0.0
MTERFD2	1	2	1.7777777777777781	0.0
BLOC1S3	2	2	1.75	0.0
GRIPAP1	1	4	1.7142857142857142	0.0
RP11-400N13.2	4	12	1.684313725490196	0.0
LINC00678	4	12	1.684313725490196	0.0
SNORA31.4	2	10	1.6666666666666667	0.0
EXO5	1	5	1.6666666666666667	0.0
CEACAM1	1	5	1.6666666666666667	0.0
MTND2P29	3	10	1.6666666666666667	0.0
MTND2P32	3	10	1.6666666666666667	0.0
SNORA31.26	2	10	1.6666666666666667	0.0
SNORA31.13	2	10	1.6666666666666667	0.0
SNORA31.19	2	10	1.6666666666666667	0.0
SNORA31.17	2	10	1.6666666666666667	0.0
SNORA31.14	2	10	1.6666666666666667	0.0
AC003102.3	2	2	1.6666666666666665	0.0
ODF2L	2	2	1.6666666666666665	0.0
PTCD1	2	2	1.6666666666666665	0.0
CIITA	1	2	1.6666666666666665	0.0
MTCH2	1	2	1.6666666666666665	0.0
RAN	2	2	1.6666666666666665	0.0
GABRP	1	2	1.6666666666666665	0.0
ZNF764	2	2	1.6666666666666665	0.0
PLAT	1	5	1.625	0.0
BTN2A2	2	2	1.6	0.0
XIRP2	2	2	1.6	0.0
CBS	2	4	1.6	0.0
ZNF286B	3	4	1.5999999999999999	0.0
RBBP4	3	5	1.5952380952380953	0.0
OPCML-IT1	2	5	1.5833333333333333	0.0
AC012594.1	2	2	1.5789473684210529	0.0
CDH8	2	2	1.5714285714285714	0.0
GSTM4	1	2	1.5555555555555558	0.0
GATS	3	6	1.5555555555555556	0.0
EFTUD1	1	7	1.5555555555555556	0.0
MPP6	1	3	1.5	0.0
LINC00167	2	2	1.5	0.0
RP11-723O4.3	1	3	1.5	0.0
MYH14	1	1	1.5	0.0
NUMB	1	3	1.5	0.0
ZNHIT3	2	2	1.5	0.0
TMLHE-AS1	1	3	1.5	0.0
MOK	2	2	1.5	0.0
RP11-468E2.4	2	2	1.5	0.0
LINC00341	1	3	1.5	0.0
RP11-390F4.3	2	3	1.5	0.0
CRX	1	3	1.5	0.0
AC006273.5	1	3	1.5	0.0
ISCA1	1	3	1.5	0.0
RP11-328J2.1	2	2	1.5	0.0
FAM163A	1	3	1.5	0.0
RP11-57P19.1	2	2	1.5	0.0
DDX6	3	6	1.5	0.0
AC003035.1	1	3	1.5	0.0
FAM154B	1	2	1.5	0.0
ZNF343	1	3	1.5	0.0
TREML2	1	3	1.5	0.0
RP13-228J13.1	1	3	1.5	0.0
MTND5P3	3	3	1.5	0.0
ANKS3	1	1	1.5	0.0
SLC17A5	1	6	1.5	0.0
TLN1	1	3	1.5	0.0
NOTCH4	2	2	1.5	0.0
RP11-507K2.3	1	3	1.5	0.0
FAM105B	2	2	1.5	0.0
LCLAT1	2	9	1.5	0.0
HIST2H2BD	1	3	1.5	0.0
HIST2H2BC	1	3	1.5	0.0
MTBP	1	3	1.5	0.0
SLC31A1	2	2	1.5	0.0
AP000347.2	2	2	1.5	0.0
ZNF595	1	3	1.5	0.0
ANXA13	1	3	1.5	0.0
RAD21-AS1	2	9	1.5	0.0
LINC01088	2	3	1.5	0.0
NOS1	2	3	1.5	0.0
TFIP11	1	3	1.5	0.0
RP5-1000K24.2	3	3	1.5	0.0
CTD-2619J13.8	2	2	1.5	0.0
ENPP7P12	2	3	1.5	0.0
RP11-415D17.3	1	3	1.5	0.0
ENPP7P6	2	3	1.5	0.0
MDM4	2	2	1.5	0.0
TP53I13	2	2	1.5	0.0
FAM225A	2	3	1.5	0.0
FAM225B	2	3	1.5	0.0
SHPRH	2	3	1.5	0.0
LRRC27	2	3	1.4666666666666668	0.0
LYRM7	3	7	1.45	0.0
MTND4P30	2	5	1.4444444444444444	0.0
MTRNR2L7	4	6	1.4333333333333333	0.0
FAF2	2	4	1.4285714285714286	0.0
MYADM	2	2	1.4285714285714284	0.0
TLK2	2	2	1.4	0.0
ACO1	3	7	1.4	0.0
AC011718.2	3	5	1.3421052631578947	0.0
FAM197Y9	4	8	1.3333333333333335	0.0
MAD2L1	2	4	1.3333333333333333	0.0
UBALD1	2	4	1.3333333333333333	0.0
DDOST	2	2	1.3333333333333333	0.0
AC174470.1	2	4	1.3333333333333333	0.0
RP11-77H9.2	2	4	1.3333333333333333	0.0
RP1-90L6.2	1	4	1.3333333333333333	0.0
SERINC3	1	4	1.3333333333333333	0.0
PRRT2	1	2	1.3333333333333333	0.0
PCYT2	1	4	1.3333333333333333	0.0
TRIM63	1	4	1.3333333333333333	0.0
ZNF320	1	2	1.3333333333333333	0.0
RNF135	1	2	1.3333333333333333	0.0
RP11-61L23.2	2	4	1.3333333333333333	0.0
ANKRD36	1	4	1.3333333333333333	0.0
C2orf83	2	2	1.3333333333333333	0.0
UGGT2	1	4	1.3333333333333333	0.0
RP11-822E23.8	2	2	1.3333333333333333	0.0
TUBB3	2	2	1.3333333333333333	0.0
KCNIP3	2	2	1.3333333333333333	0.0
KLF8	1	2	1.3333333333333333	0.0
AC012078.2	2	4	1.3333333333333333	0.0
RP11-390B4.5	2	4	1.3333333333333333	0.0
NFE4	2	4	1.3333333333333333	0.0
FAM74A1	3	8	1.3333333333333333	0.0
FAM74A5	3	8	1.3333333333333333	0.0
FAM74A4	3	8	1.3333333333333333	0.0
FAM74A3	3	8	1.3333333333333333	0.0
FAM74A2	3	8	1.3333333333333333	0.0
FAM74A6	3	8	1.3333333333333333	0.0
SHROOM4	1	2	1.3333333333333333	0.0
RP11-97I14.1	2	3	1.3333333333333333	0.0
TMEM239	2	2	1.3333333333333333	0.0
CEP97	1	2	1.3333333333333333	0.0
NEK2	2	2	1.3333333333333333	0.0
OR2A1-AS1	2	2	1.3333333333333333	0.0
SDK1	3	5	1.3	0.0
POLR1E	1	3	1.2857142857142856	0.0
KLHL8	2	3	1.2857142857142856	0.0
RUFY3	2	2	1.25	0.0
RP11-395L14.13	1	5	1.25	0.0
SPECC1L-ADORA2A	1	5	1.25	0.0
AC016907.3	2	2	1.25	0.0
ACR	1	5	1.25	0.0
PRKD2	2	2	1.25	0.0
OPRM1	2	2	1.25	0.0
VAPA	1	1	1.25	0.0
RP11-398H6.1	4	7	1.25	0.0
AC105053.3	3	12	1.2142857142857142	0.0
AC005789.11	3	12	1.2142857142857142	0.0
RP11-34P13.7	4	12	1.2000000000000002	0.0
LGMN	1	2	1.2000000000000002	0.0
RP5-857K21.15	4	12	1.2000000000000002	0.0
XX-C2158C6.1	4	12	1.2000000000000002	0.0
RP5-857K21.1	4	12	1.2000000000000002	0.0
AC139099.3	4	12	1.2000000000000002	0.0
AC137934.1	4	12	1.2000000000000002	0.0
RP11-384K6.2	1	6	1.2	0.0
RP11-57A19.2	2	6	1.2	0.0
RP11-274B21.3	1	6	1.2	0.0
LINC01001	1	6	1.2	0.0
WFDC1	2	6	1.2	0.0
PLEKHA5	2	3	1.2	0.0
WDR11	1	1	1.1666666666666667	0.0
PDXDC1	2	3	1.1666666666666665	0.0
PRMT8	2	3	1.1666666666666665	0.0
CTD-2368P22.1	1	1	1.1666666666666665	0.0
SPDYE3	1	4	1.1428571428571428	0.0
DCLRE1CP1	1	4	1.1428571428571428	0.0
MLLT6	2	2	1.1428571428571428	0.0
PI4KA	1	3	1.125	0.0
MTND5P23	3	5	1.125	0.0
EVI5	1	4	1.125	0.0
CTC-490G23.2	2	10	1.1111111111111112	0.0
RP11-536I6.2	2	10	1.1111111111111112	0.0
RP11-627H22.8	3	10	1.1111111111111112	0.0
RP11-12N13.4	3	10	1.1111111111111112	0.0
MTCO3P1	3	10	1.1111111111111112	0.0
RP11-63H19.1	3	10	1.1111111111111112	0.0
MTND5P29	3	5	1.1111111111111112	0.0
RP11-100G15.3	3	10	1.1111111111111112	0.0
MTND5P7	3	5	1.1111111111111112	0.0
RP11-561I11.3	2	10	1.1111111111111112	0.0
AC074289.1	2	10	1.1111111111111112	0.0
RP11-15B24.2	3	10	1.1111111111111112	0.0
PRELID2	2	5	1.1111111111111112	0.0
RP11-380P13.2	2	10	1.1111111111111112	0.0
SHC1	1	12	1.0909090909090908	0.0
CTC-286N12.1	2	2	1.0588235294117647	0.0
KB-1183D5.13	2	4	1.0526315789473684	0.0
FAM230B	2	4	1.0526315789473684	0.0
ZNF736	2	8	1.0285714285714285	0.0
THRA	1	1	1.0000000000000002	0.0
MVB12A	1	1	1.0000000000000002	0.0
PLSCR4	1	1	1.0000000000000002	0.0
SSBP3	1	1	1.0000000000000002	0.0
RGS20	1	1	1.0	0.0
C19orf60	1	1	1.0	0.0
PLCD3	1	1	1.0	0.0
PSTPIP1	1	1	1.0	0.0
C10orf76	1	1	1.0	0.0
WBSCR17	1	1	1.0	0.0
ACVR1B	1	1	1.0	0.0
C10orf71	1	1	1.0	0.0
KCTD13	1	1	1.0	0.0
RP11-411B10.8	1	1	1.0	0.0
CASC7	1	1	1.0	0.0
B3GNT2	1	1	1.0	0.0
EFCAB2	1	1	1.0	0.0
B3GNT5	1	1	1.0	0.0
GCLM	1	1	1.0	0.0
PODN	1	1	1.0	0.0
ZFAND6	1	1	1.0	0.0
CHMP2A	1	1	1.0	0.0
PLCE1	1	1	1.0	0.0
STK4	1	1	1.0	0.0
ORC4	1	1	1.0	0.0
CBX5	1	1	1.0	0.0
RP11-958F21.1	1	1	1.0	0.0
AATK	1	1	1.0	0.0
AP000318.2	1	1	1.0	0.0
CTB-178M22.1	1	1	1.0	0.0
LINC00969	1	1	1.0	0.0
AP003471.1	1	1	1.0	0.0
EPSTI1	1	1	1.0	0.0
NARF	1	1	1.0	0.0
RP1-77H15.1	1	1	1.0	0.0
GTPBP10	1	1	1.0	0.0
RP5-1011O1.3	1	1	1.0	0.0
AIRE	1	1	1.0	0.0
RP5-1136G13.2	1	2	1.0	0.0
FAXC	1	2	1.0	0.0
RP11-678G15.1	1	1	1.0	0.0
ASZ1	1	1	1.0	0.0
ELN	1	2	1.0	0.0
VSIG4	1	1	1.0	0.0
GCC2	1	1	1.0	0.0
DHRS7B	1	1	1.0	0.0
NAV3	1	2	1.0	0.0
NKX2-6	1	1	1.0	0.0
POLI	1	1	1.0	0.0
SFSWAP	1	1	1.0	0.0
ZNRF1	1	1	1.0	0.0
EPT1	1	1	1.0	0.0
RP11-145O15.3	1	1	1.0	0.0
LYPD1	1	1	1.0	0.0
AL157871.1	1	1	1.0	0.0
MORN1	1	1	1.0	0.0
TERF1	1	1	1.0	0.0
RP11-92A5.2	1	1	1.0	0.0
NUSAP1	1	2	1.0	0.0
FEV	1	1	1.0	0.0
RP11-415L24.1	1	2	1.0	0.0
RP11-747D18.1	1	2	1.0	0.0
CACNA1A	1	1	1.0	0.0
CACNA1C	1	1	1.0	0.0
CARS2	1	1	1.0	0.0
TNFSF10	1	1	1.0	0.0
DHRS4-AS1	1	1	1.0	0.0
PLGRKT	1	1	1.0	0.0
MTHFSD	1	1	1.0	0.0
DDX43	1	2	1.0	0.0
STK11	1	1	1.0	0.0
ARPP21	1	1	1.0	0.0
INTU	1	3	1.0	0.0
RP11-297D21.2	1	1	1.0	0.0
LINC00939	1	1	1.0	0.0
ASPH	1	1	1.0	0.0
ASPA	1	1	1.0	0.0
RP11-453A12.1	1	1	1.0	0.0
CBFB	1	1	1.0	0.0
PDE3B	1	2	1.0	0.0
C1orf122	1	1	1.0	0.0
WDR27	1	1	1.0	0.0
MPHOSPH9	1	1	1.0	0.0
DGKH	1	2	1.0	0.0
TRIP12	1	1	1.0	0.0
PCSK5	1	1	1.0	0.0
RASA3	1	1	1.0	0.0
PDE1A	1	1	1.0	0.0
PLA2G12A	1	1	1.0	0.0
EZR	1	1	1.0	0.0
NUMA1	1	1	1.0	0.0
PHYHD1	1	1	1.0	0.0
CLN8	1	1	1.0	0.0
RUVBL1	1	4	1.0	0.0
CLN3	1	1	1.0	0.0
WDR34	1	1	1.0	0.0
DPP6	1	1	1.0	0.0
P4HA3	1	1	1.0	0.0
CTC-444N24.11	1	1	1.0	0.0
NAP1L5	1	1	1.0	0.0
LINC00277	1	1	1.0	0.0
WDR52	1	1	1.0	0.0
ZNF225	1	1	1.0	0.0
ZNF227	1	1	1.0	0.0
SORCS3	1	1	1.0	0.0
SORCS2	1	1	1.0	0.0
NAGK	1	1	1.0	0.0
OR5AL2P	1	1	1.0	0.0
C1orf63	1	1	1.0	0.0
RP11-331O9.3	1	1	1.0	0.0
RP11-210K20.4	1	1	1.0	0.0
WDR74	1	1	1.0	0.0
DR1	1	1	1.0	0.0
RP5-1069C8.2	1	1	1.0	0.0
VWF	1	1	1.0	0.0
MON2	1	1	1.0	0.0
MPZ	1	1	1.0	0.0
KIAA0825	1	1	1.0	0.0
XIAP	1	1	1.0	0.0
TMEM88B	1	1	1.0	0.0
AP000654.4	1	1	1.0	0.0
DMRTA2	1	1	1.0	0.0
HECW1	1	1	1.0	0.0
THNSL2	1	1	1.0	0.0
ITGA5	1	1	1.0	0.0
FCAR	1	1	1.0	0.0
ITGA6	1	1	1.0	0.0
SALL4	1	1	1.0	0.0
TMEM192	1	1	1.0	0.0
HEG1	1	1	1.0	0.0
RP1-261D10.2	1	1	1.0	0.0
RP11-574M7.1	1	1	1.0	0.0
NBR1	1	1	1.0	0.0
CTD-2001C12.1	1	1	1.0	0.0
SPA17	1	1	1.0	0.0
SMCR5	1	1	1.0	0.0
AL022237.3	1	1	1.0	0.0
ILDR2	1	1	1.0	0.0
CRYGN	1	1	1.0	0.0
AMBRA1	1	1	1.0	0.0
PLA2G16	1	1	1.0	0.0
SPHKAP	1	1	1.0	0.0
ZBTB16	1	1	1.0	0.0
AC023590.1	1	1	1.0	0.0
LINC00861	1	1	1.0	0.0
DACT3	1	2	1.0	0.0
ZDHHC14	1	1	1.0	0.0
GRM4	1	1	1.0	0.0
ZDHHC15	1	1	1.0	0.0
GOLGA2	1	2	1.0	0.0
FANCA	1	1	1.0	0.0
RP11-52M17.1	1	1	1.0	0.0
SEH1L	1	1	1.0	0.0
TTLL7	1	1	1.0	0.0
TTLL6	1	1	1.0	0.0
TTLL5	1	1	1.0	0.0
ARSB	1	1	1.0	0.0
RP11-746P2.3	1	1	1.0	0.0
GRK4	1	1	1.0	0.0
LINC00882	1	1	1.0	0.0
HNRNPA1	1	1	1.0	0.0
RHBDF2	1	1	1.0	0.0
TCF24	1	1	1.0	0.0
NRARP	1	2	1.0	0.0
RP11-334J6.6	1	1	1.0	0.0
RIMS3	1	1	1.0	0.0
RAB18	1	1	1.0	0.0
OR4D5	1	1	1.0	0.0
RP11-316P17.2	1	1	1.0	0.0
TMEM19	1	1	1.0	0.0
RP11-803B1.8	1	2	1.0	0.0
C17orf58	1	1	1.0	0.0
MAK	1	1	1.0	0.0
GPSM2	1	1	1.0	0.0
LPP-AS2	1	1	1.0	0.0
XXyac-YX155B6.5	1	1	1.0	0.0
AC011747.3	1	1	1.0	0.0
EGLN1	1	1	1.0	0.0
TMEM194A	1	1	1.0	0.0
SLC35E3	1	1	1.0	0.0
SLC43A2	1	2	1.0	0.0
RNA5SP393	1	1	1.0	0.0
C17orf62	1	1	1.0	0.0
RP11-397E7.1	1	1	1.0	0.0
SPRYD7	1	1	1.0	0.0
RP5-1107A17.4	1	1	1.0	0.0
RP4-604K5.3	1	1	1.0	0.0
AC007193.6	1	1	1.0	0.0
OIP5-AS1	1	1	1.0	0.0
ARNT	1	1	1.0	0.0
HMX3	1	1	1.0	0.0
SLFN12L	1	1	1.0	0.0
CCDC9	2	2	1.0	0.0
RELA	1	1	1.0	0.0
RP11-1281K21.6	1	1	1.0	0.0
DNAJC1	1	1	1.0	0.0
IMP4	1	1	1.0	0.0
UBXN2A	1	1	1.0	0.0
CNDP2	1	1	1.0	0.0
SLC13A5	1	1	1.0	0.0
LINC00317	1	1	1.0	0.0
CMC2	1	1	1.0	0.0
OGFR	1	1	1.0	0.0
CDH18	1	1	1.0	0.0
ZNF157	1	1	1.0	0.0
RP11-428P16.2	1	1	1.0	0.0
AC016738.4	1	1	1.0	0.0
RP11-705O24.4	1	1	1.0	0.0
RP1-212P9.2	1	1	1.0	0.0
TAF10	1	1	1.0	0.0
CEACAM8	1	1	1.0	0.0
TCOF1	1	1	1.0	0.0
FAM214A	1	1	1.0	0.0
FAM131A	1	1	1.0	0.0
AC009120.5	1	1	1.0	0.0
LYL1	1	1	1.0	0.0
RP4-680D5.2	1	1	1.0	0.0
FAM132B	1	1	1.0	0.0
STAG3L2	1	1	1.0	0.0
CDH23	1	1	1.0	0.0
AC005152.3	1	1	1.0	0.0
C5orf56	1	1	1.0	0.0
LIPG	1	1	1.0	0.0
RP11-781P6.1	1	1	1.0	0.0
AD000090.2	1	1	1.0	0.0
N4BP3	2	2	1.0	0.0
AP000783.1	1	1	1.0	0.0
RP11-216N14.7	1	1	1.0	0.0
SOX18	1	1	1.0	0.0
C8orf56	1	1	1.0	0.0
LSR	1	1	1.0	0.0
DPY19L3	1	1	1.0	0.0
RP11-314D7.2	1	2	1.0	0.0
OR4G1P	2	3	1.0	0.0
MYLK	1	1	1.0	0.0
GPATCH2	1	1	1.0	0.0
C14orf166B	1	1	1.0	0.0
OR4G2P	2	3	1.0	0.0
RP11-48F14.1	1	1	1.0	0.0
RP11-753D20.4	1	1	1.0	0.0
RNF26	1	1	1.0	0.0
RP11-439E19.10	1	2	1.0	0.0
SRRM2-AS1	1	1	1.0	0.0
MRGPRX2	1	1	1.0	0.0
RP11-446F3.2	1	1	1.0	0.0
EXTL3-AS1	1	1	1.0	0.0
RP5-973M2.2	1	1	1.0	0.0
RP11-276H19.4	1	1	1.0	0.0
NPFFR1	1	1	1.0	0.0
AGO2	1	1	1.0	0.0
ADAM15	1	1	1.0	0.0
ADAM19	1	1	1.0	0.0
ADAM1A	1	1	1.0	0.0
CDS2	1	1	1.0	0.0
FAM96A	1	1	1.0	0.0
MRP63	1	1	1.0	0.0
RPL7AP4	1	1	1.0	0.0
PMF1	1	1	1.0	0.0
UAP1	1	1	1.0	0.0
SUPT7L	1	1	1.0	0.0
CEP170	1	1	1.0	0.0
RP4-569D19.5	1	1	1.0	0.0
ASB13	1	1	1.0	0.0
OR52K3P	1	1	1.0	0.0
AGPS	1	1	1.0	0.0
RP11-519G16.5	1	2	1.0	0.0
CDX2	1	1	1.0	0.0
RP4-753D4.2	1	1	1.0	0.0
KATNBL1	1	4	1.0	0.0
SEPT7P2	1	1	1.0	0.0
LEP	1	1	1.0	0.0
MAN1C1	1	1	1.0	0.0
TAB1	1	1	1.0	0.0
FLT4	1	1	1.0	0.0
AC016735.2	1	1	1.0	0.0
INPP5B	1	1	1.0	0.0
PRDM11	1	1	1.0	0.0
PRC1-AS1	1	1	1.0	0.0
SHISA2	1	1	1.0	0.0
CALCOCO2	1	1	1.0	0.0
RP5-1039K5.16	1	1	1.0	0.0
AC010148.1	1	3	1.0	0.0
AC009236.1	1	4	1.0	0.0
CDK6	1	1	1.0	0.0
ESR1	1	1	1.0	0.0
RHOQ	1	1	1.0	0.0
RP5-1115A15.1	1	1	1.0	0.0
WIPI2	1	1	1.0	0.0
RP11-66B24.4	1	1	1.0	0.0
EPB41	1	1	1.0	0.0
CCNG1	1	1	1.0	0.0
RP11-1250I15.3	1	1	1.0	0.0
HES7	1	1	1.0	0.0
SLC34A1	1	1	1.0	0.0
ZNF445	1	1	1.0	0.0
IGHMBP2	1	1	1.0	0.0
ZNF451	1	1	1.0	0.0
MPPED2	1	1	1.0	0.0
TCEB3	1	1	1.0	0.0
LINC00029	1	1	1.0	0.0
WIPF2	1	1	1.0	0.0
COL6A3	1	1	1.0	0.0
KB-1471A8.1	1	1	1.0	0.0
NKD1	1	1	1.0	0.0
NSD1	1	1	1.0	0.0
VMO1	1	1	1.0	0.0
GUCY1A2	1	1	1.0	0.0
AF064858.6	1	1	1.0	0.0
CRCP	1	1	1.0	0.0
TMEM110-MUSTN1	1	1	1.0	0.0
ZNF488	1	1	1.0	0.0
CTD-2201E18.5	1	1	1.0	0.0
RPS8	1	1	1.0	0.0
RP11-212D3.4	1	1	1.0	0.0
RP11-443B7.1	1	1	1.0	0.0
KIAA1671	1	1	1.0	0.0
CTB-176F20.3	1	1	1.0	0.0
GRAMD4P4	1	1	1.0	0.0
IBTK	1	2	1.0	0.0
RP11-462L8.1	1	1	1.0	0.0
OR6N1	1	1	1.0	0.0
ERCC3	1	1	1.0	0.0
AC105020.1	1	1	1.0	0.0
C6orf132	1	1	1.0	0.0
CTD-2126E3.1	1	2	1.0	0.0
C11orf24	1	1	1.0	0.0
OR4A19P	1	1	1.0	0.0
NRIP1	1	1	1.0	0.0
MRPS5	1	1	1.0	0.0
CDK13	1	1	1.0	0.0
RP11-375O18.2	1	1	1.0	0.0
FUBP3	1	1	1.0	0.0
RFX1	1	1	1.0	0.0
URM1	1	1	1.0	0.0
KLB	1	1	1.0	0.0
GABRA1	1	1	1.0	0.0
RN7SKP208	1	1	1.0	0.0
ANKIB1	1	1	1.0	0.0
TRO	1	1	1.0	0.0
SPC25	1	1	1.0	0.0
KLHDC10	1	1	1.0	0.0
ADCY10P1	1	1	1.0	0.0
RP11-296E7.1	1	1	1.0	0.0
GBP3	1	1	1.0	0.0
AL671972.1	1	1	1.0	0.0
IGSF3	1	1	1.0	0.0
KIAA1715	1	1	1.0	0.0
FOXN3	1	1	1.0	0.0
TRIM41	1	1	1.0	0.0
ZNF663P	1	1	1.0	0.0
GABRB2	1	1	1.0	0.0
ATP6V0A4	1	2	1.0	0.0
RP11-57H12.3	1	1	1.0	0.0
GRIA1	1	1	1.0	0.0
RP11-1079K10.3	1	1	1.0	0.0
ZWILCH	1	1	1.0	0.0
AL163952.1	2	4	1.0	0.0
UROS	1	1	1.0	0.0
SERP1	1	1	1.0	0.0
SPZ1	1	1	1.0	0.0
MAP3K15	1	1	1.0	0.0
ARRDC1	1	1	1.0	0.0
CD164	1	1	1.0	0.0
METTL2B	1	1	1.0	0.0
TMSB15B	1	1	1.0	0.0
RP11-98C1.1	1	1	1.0	0.0
CHAF1B	1	1	1.0	0.0
RP11-462G2.2	1	1	1.0	0.0
HOPX	1	1	1.0	0.0
MAFG-AS1	1	1	1.0	0.0
RP11-551G24.2	1	1	1.0	0.0
DMTF1	1	2	1.0	0.0
IKZF2	1	1	1.0	0.0
BHMT2	1	1	1.0	0.0
QRSL1	1	1	1.0	0.0
AC093716.1	1	1	1.0	0.0
TXNDC8	1	1	1.0	0.0
AC073128.10	1	1	1.0	0.0
UBR7	1	1	1.0	0.0
RAD9A	1	1	1.0	0.0
RP3-523K23.2	1	1	1.0	0.0
DNAJB14	1	1	1.0	0.0
SAMD14	1	1	1.0	0.0
ARID2	1	1	1.0	0.0
CD109	1	1	1.0	0.0
AC007131.1	2	2	1.0	0.0
GRWD1	1	1	1.0	0.0
THADA	1	1	1.0	0.0
COL6A4P1	1	1	1.0	0.0
RP11-245M24.1	1	1	1.0	0.0
RNF157	1	1	1.0	0.0
TRAF3IP1	1	1	1.0	0.0
MYO1C	1	1	1.0	0.0
CERS3	1	2	1.0	0.0
RP1-102E24.6	1	1	1.0	0.0
BMPR2	1	1	1.0	0.0
ADORA2A	1	1	1.0	0.0
RP5-945F2.2	1	1	1.0	0.0
SAMD4A	1	1	1.0	0.0
LRRC58	1	1	1.0	0.0
RP5-1042I8.7	1	1	1.0	0.0
FOXE3	1	2	1.0	0.0
LRP8	1	1	1.0	0.0
USP49	1	1	1.0	0.0
USP46	1	1	1.0	0.0
PHF12	1	1	1.0	0.0
RP11-709B3.2	1	1	1.0	0.0
TRIM27	1	1	1.0	0.0
CTC-523E23.6	1	1	1.0	0.0
CWC25	1	2	1.0	0.0
FOXD4	1	2	1.0	0.0
USP35	1	2	1.0	0.0
COL7A1	1	1	1.0	0.0
PI4KAP2	1	3	1.0	0.0
LRRC32	1	1	1.0	0.0
TAPT1-AS1	1	1	1.0	0.0
KLHDC4	1	1	1.0	0.0
SLC22A8	1	1	1.0	0.0
ZNF345	1	4	1.0	0.0
ZNF346	1	1	1.0	0.0
RNF185	1	1	1.0	0.0
Z95704.5	1	1	1.0	0.0
TMEM120B	1	1	1.0	0.0
ZC3H13	1	1	1.0	0.0
TMEM120A	1	1	1.0	0.0
CTD-3131K8.3	1	1	1.0	0.0
HSD17B11	1	1	1.0	0.0
BSN	1	1	1.0	0.0
EFCAB14	1	1	1.0	0.0
ARC	1	1	1.0	0.0
RP11-274B21.9	1	1	1.0	0.0
ZNF391	1	2	1.0	0.0
AL589739.1	1	1	1.0	0.0
PTBP2	1	1	1.0	0.0
DHX37	1	1	1.0	0.0
WTAP	1	1	1.0	0.0
ATP8A1	1	1	1.0	0.0
CYB5D2	1	1	1.0	0.0
CYP4F3	1	1	1.0	0.0
SETD6	1	1	1.0	0.0
MICALCL	1	1	1.0	0.0
WNT2B	1	1	1.0	0.0
DNM1L	1	2	1.0	0.0
RP11-353N14.5	1	1	1.0	0.0
RP11-15H20.5	1	1	1.0	0.0
C1QBP	1	1	1.0	0.0
MCM5	1	1	1.0	0.0
KCNQ2	1	1	1.0	0.0
KLK10	1	1	1.0	0.0
GALNTL6	1	1	1.0	0.0
URB1	1	1	1.0	0.0
HPSE	1	1	1.0	0.0
ZNF84	1	1	1.0	0.0
RP11-492I2.1	1	1	1.0	0.0
RP11-357H14.17	1	1	1.0	0.0
PSMC6	1	1	1.0	0.0
CNOT6L	1	1	1.0	0.0
ELK3	1	1	1.0	0.0
MCL1	1	1	1.0	0.0
AC007327.6	1	1	1.0	0.0
TLR7	1	1	1.0	0.0
RN7SL552P	1	1	1.0	0.0
TLR2	1	1	1.0	0.0
TENM1	1	1	1.0	0.0
ANKRD42	1	1	1.0	0.0
TBX2	1	1	1.0	0.0
DFNA5	1	1	1.0	0.0
RBM25	1	1	1.0	0.0
ANKRD39	1	1	1.0	0.0
HERC2	1	4	1.0	0.0
IP6K1	1	1	1.0	0.0
SSTR5-AS1	1	1	1.0	0.0
LAMA4	1	1	1.0	0.0
CDC27	1	1	1.0	0.0
MT-TK	1	1	1.0	0.0
TMCC3	1	1	1.0	0.0
LPPR5	1	1	1.0	0.0
XXYLT1	1	1	1.0	0.0
TMUB1	1	1	1.0	0.0
RNF216	1	1	1.0	0.0
SMPD3	1	1	1.0	0.0
GGA2	1	1	1.0	0.0
RP4-723E3.1	1	1	1.0	0.0
AMDHD2	1	1	1.0	0.0
DMGDH	1	1	1.0	0.0
REL	2	2	1.0	0.0
IGF1R	1	1	1.0	0.0
SIGLEC9	1	1	1.0	0.0
CHFR	1	1	1.0	0.0
CDK2AP1	1	1	1.0	0.0
DLG2	1	1	1.0	0.0
NDUFS4	1	1	1.0	0.0
NDUFS7	1	1	1.0	0.0
Y_RNA.298	1	1	1.0	0.0
FOSL2	1	1	1.0	0.0
ARMC7	1	1	1.0	0.0
AC007390.5	1	1	1.0	0.0
HDDC3	1	1	1.0	0.0
RHD	1	1	1.0	0.0
RP11-166D19.1	1	1	1.0	0.0
AC092162.1	1	1	1.0	0.0
CACNA2D1	1	1	1.0	0.0
SH3TC1	1	1	1.0	0.0
TTBK2	1	1	1.0	0.0
PKD1P6	1	1	1.0	0.0
FLAD1	1	2	1.0	0.0
TNFAIP8	1	1	1.0	0.0
HSPB6	1	1	1.0	0.0
MTA3	1	1	1.0	0.0
RBL2	1	1	1.0	0.0
FLVCR1	1	1	1.0	0.0
CPA1	1	1	1.0	0.0
RBM3	1	1	1.0	0.0
MARCH1	1	1	1.0	0.0
RASSF3	1	1	1.0	0.0
ZNF662	1	1	1.0	0.0
NID2	1	1	1.0	0.0
SWAP70	1	1	1.0	0.0
PLEKHG2	1	1	1.0	0.0
HIST1H2AE	1	1	1.0	0.0
CAND1	1	1	1.0	0.0
RN7SL774P	1	1	1.0	0.0
TTC37	1	1	1.0	0.0
MICAL3	1	1	1.0	0.0
ZP2	2	3	1.0	0.0
XRCC6P4	1	1	1.0	0.0
AC090627.1	1	1	1.0	0.0
TTC22	1	3	1.0	0.0
CTD-2619J13.14	1	1	1.0	0.0
ZNF628	1	1	1.0	0.0
LY6G5B	1	3	1.0	0.0
ZNF623	1	1	1.0	0.0
MYO15B	1	1	1.0	0.0
ARAP1-AS2	1	1	1.0	0.0
RPS10	1	1	1.0	0.0
ZNF43	1	1	1.0	0.0
TLK1	1	1	1.0	0.0
TNRC6C-AS1	1	2	1.0	0.0
RP11-373L24.1	2	2	1.0	0.0
KIAA0319L	1	1	1.0	0.0
SH3BP2	1	1	1.0	0.0
SIRT5	1	1	1.0	0.0
ZNF609	1	1	1.0	0.0
TEX264	1	1	1.0	0.0
RP11-142O6.1	1	1	1.0	0.0
KLHL17	1	1	1.0	0.0
CTA-204B4.2	1	1	1.0	0.0
RP11-1338A24.1	1	1	1.0	0.0
SLC5A2	1	1	1.0	0.0
NYNRIN	1	1	1.0	0.0
PUF60	1	1	1.0	0.0
CARS-AS1	1	1	1.0	0.0
TCL6	1	1	1.0	0.0
PLXND1	1	1	1.0	0.0
LMTK2	1	1	1.0	0.0
PRR3	1	1	1.0	0.0
PRR7	1	1	1.0	0.0
ZC3H4	1	1	1.0	0.0
NRSN1	1	1	1.0	0.0
CLIP3	1	1	1.0	0.0
MRPS18B	1	1	1.0	0.0
SNTN	1	1	1.0	0.0
AC025627.7	1	5	1.0	0.0
TBC1D3P2	1	1	1.0	0.0
COLCA1	1	1	1.0	0.0
SETX	1	1	1.0	0.0
GUCD1	1	1	1.0	0.0
PLXNA4	1	1	1.0	0.0
TBC1D3P5	1	1	1.0	0.0
KREMEN1	1	1	1.0	0.0
SOD1	1	1	1.0	0.0
RP11-363E7.3	1	1	1.0	0.0
ETV1	1	1	1.0	0.0
MLLT1	1	1	1.0	0.0
ETV2	1	1	1.0	0.0
ATG13	1	8	1.0	0.0
TG	1	1	1.0	0.0
RIN3	1	1	1.0	0.0
REV3L	1	1	1.0	0.0
RAB11FIP1	1	1	1.0	0.0
PLA2G6	1	1	1.0	0.0
LINC00485	1	1	1.0	0.0
RP11-159H3.2	1	1	1.0	0.0
EFHC1	1	1	1.0	0.0
RAB11FIP4	1	1	1.0	0.0
LRRC37BP1	1	3	1.0	0.0
PHKB	1	1	1.0	0.0
BEGAIN	1	1	1.0	0.0
RP11-159D12.10	1	1	1.0	0.0
TEX41	1	1	1.0	0.0
RP11-161M6.2	1	1	1.0	0.0
EPHB2	1	2	1.0	0.0
NPTN	1	1	1.0	0.0
PRDM7	1	1	1.0	0.0
TMEM150B	1	1	1.0	0.0
CTC-366B18.4	1	1	1.0	0.0
VANGL2	1	1	1.0	0.0
RP11-39K24.7	1	1	1.0	0.0
HCG22	1	1	1.0	0.0
ID4	1	1	1.0	0.0
ICK	1	1	1.0	0.0
RNA5SP67	1	1	1.0	0.0
RP11-577N1.2	1	1	1.0	0.0
RP11-702L6.4	1	1	1.0	0.0
PRSS1	1	1	1.0	0.0
TSPEAR	1	1	1.0	0.0
HAUS5	1	1	1.0	0.0
KIF22	1	1	1.0	0.0
GRID2IP	1	1	1.0	0.0
HIST1H4A	1	1	1.0	0.0
PPIL2	1	1	1.0	0.0
RP11-326E7.1	1	1	1.0	0.0
RP11-849H4.4	1	1	1.0	0.0
SNORD104	1	1	1.0	0.0
TXLNA	1	1	1.0	0.0
MRVI1-AS1	1	1	1.0	0.0
LMO4	1	1	1.0	0.0
ZNF583	1	1	1.0	0.0
ZNF584	1	1	1.0	0.0
JHDM1D-AS1	1	1	1.0	0.0
RMDN2	1	1	1.0	0.0
ZNF568	1	1	1.0	0.0
ZNF565	1	1	1.0	0.0
ETFA	1	1	1.0	0.0
HDGFRP2	1	1	1.0	0.0
ZNF554	1	2	1.0	0.0
VCAN	1	1	1.0	0.0
CLIC5	1	1	1.0	0.0
DECR2	1	1	1.0	0.0
ZNF541	1	1	1.0	0.0
PRSS35	1	1	1.0	0.0
QKI	1	1	1.0	0.0
ELF3	1	3	1.0	0.0
FGF5	1	1	1.0	0.0
PLCXD2	1	2	1.0	0.0
RP13-726E6.2	1	1	1.0	0.0
PPRC1	1	1	1.0	0.0
VDAC1	1	1	1.0	0.0
SERPINI1	1	1	1.0	0.0
SEPT14	1	1	1.0	0.0
VWA5B1	1	1	1.0	0.0
DKFZP434E1119	1	1	1.0	0.0
PLEKHM1P	1	1	1.0	0.0
SSTR1	1	1	1.0	0.0
AP006216.5	1	1	1.0	0.0
SSTR5	1	1	1.0	0.0
SSTR4	1	1	1.0	0.0
NCAPD2	1	1	1.0	0.0
ZNF506	1	1	1.0	0.0
CTA-390C10.10	1	1	1.0	0.0
PATZ1	1	1	1.0	0.0
RUNDC1	1	1	1.0	0.0
PPP2R5C	1	1	1.0	0.0
LDHC	1	1	1.0	0.0
SPTAN1	1	1	1.0	0.0
FAM60BP	1	1	1.0	0.0
CENPV	1	1	1.0	0.0
CENPP	1	1	1.0	0.0
SH3GLB1	1	1	1.0	0.0
HIPK3	1	1	1.0	0.0
PIGN	1	1	1.0	0.0
ECT2	1	1	1.0	0.0
HMGB3P11	1	1	1.0	0.0
DAW1	1	1	1.0	0.0
ACYP2	1	1	1.0	0.0
GSN	1	1	1.0	0.0
IDH1-AS1	1	1	1.0	0.0
AC010761.8	1	1	1.0	0.0
AC128709.1	2	5	1.0	0.0
EPS15L1	1	1	1.0	0.0
PARD6G	1	1	1.0	0.0
TPM3P2	1	1	1.0	0.0
HRASLS2	1	1	1.0	0.0
GML	1	1	1.0	0.0
SLC30A8	1	1	1.0	0.0
IQCG	1	1	1.0	0.0
CARTPT	1	1	1.0	0.0
SLITRK4	1	1	1.0	0.0
LINC01059	1	2	1.0	0.0
LINC01071	1	1	1.0	0.0
CCDC85B	1	2	1.0	0.0
XKR4	1	1	1.0	0.0
MEFV	1	1	1.0	0.0
FAM46C	1	1	1.0	0.0
MTUS2-AS1	1	1	1.0	0.0
MTND1P6	2	4	1.0	0.0
MTND1P9	2	4	1.0	0.0
FOXD4L1	1	2	1.0	0.0
TRAP1	1	1	1.0	0.0
BOLA3-AS1	1	1	1.0	0.0
NR2F1	1	1	1.0	0.0
MRPS17P1	1	1	1.0	0.0
RNA5SP258	1	1	1.0	0.0
TRAF3IP2-AS1	1	3	1.0	0.0
AC138430.4	1	3	1.0	0.0
DCLRE1C	1	3	1.0	0.0
RP11-686O6.1	1	1	1.0	0.0
GNAO1	1	1	1.0	0.0
RP11-395P17.3	1	1	1.0	0.0
RP11-430C1.1	1	1	1.0	0.0
STK32C	1	1	1.0	0.0
RP11-556E13.1	1	1	1.0	0.0
ATP6V1F	1	1	1.0	0.0
RP11-38O23.4	1	1	1.0	0.0
AC011298.2	1	1	1.0	0.0
CTC-467M3.2	1	1	1.0	0.0
RP11-963H4.3	1	1	1.0	0.0
VSTM5	1	1	1.0	0.0
B4GALT7	1	1	1.0	0.0
RP11-314B1.2	1	1	1.0	0.0
JUND	1	1	1.0	0.0
TROVE2	1	3	1.0	0.0
NKAIN1	1	1	1.0	0.0
LRIG1	1	1	1.0	0.0
KBTBD12	1	1	1.0	0.0
RP11-1080G15.1	1	1	1.0	0.0
CD99P1	1	1	1.0	0.0
OGFRL1	1	1	1.0	0.0
OR10S1	1	1	1.0	0.0
LONRF2	1	1	1.0	0.0
CTD-2587H24.10	1	1	1.0	0.0
RP11-480I12.4	1	1	1.0	0.0
LINC00700	1	1	1.0	0.0
RP11-480I12.7	1	1	1.0	0.0
MXRA5	1	1	1.0	0.0
SLC4A9	1	1	1.0	0.0
FFAR2	1	1	1.0	0.0
GANAB	1	2	1.0	0.0
DNM1P35	1	1	1.0	0.0
GLB1L3	1	1	1.0	0.0
KIAA1217	1	1	1.0	0.0
RP11-624L4.1	1	1	1.0	0.0
SLMAP	1	1	1.0	0.0
POMGNT1	1	1	1.0	0.0
LSM14B	1	1	1.0	0.0
LIMA1	1	1	1.0	0.0
ENPP7P10	1	1	1.0	0.0
HMGB3P20	1	1	1.0	0.0
NPLOC4	1	1	1.0	0.0
PRRC2C	1	1	1.0	0.0
PRRC2B	1	1	1.0	0.0
VENTX	1	1	1.0	0.0
RP11-333I13.1	1	1	1.0	0.0
YIF1B	1	1	1.0	0.0
NAA11	1	1	1.0	0.0
TVP23B	1	1	1.0	0.0
FAM221B	1	1	1.0	0.0
GFI1	1	1	1.0	0.0
LINC00648	1	1	1.0	0.0
DNAH2	1	1	1.0	0.0
DNAH1	1	1	1.0	0.0
AC010745.1	1	1	1.0	0.0
MZT2A	1	4	1.0	0.0
ARHGAP29	1	1	1.0	0.0
RALBP1	1	1	1.0	0.0
NLRP4	1	1	1.0	0.0
PCBP2	1	1	1.0	0.0
RP3-368A4.6	1	1	1.0	0.0
ARHGAP22	1	1	1.0	0.0
LARP1	1	1	1.0	0.0
LINC00667	1	1	1.0	0.0
KIAA0226	1	1	1.0	0.0
PLEKHA6	1	1	1.0	0.0
PPIE	1	1	1.0	0.0
PLEKHA3	1	1	1.0	0.0
SREBF2	1	1	1.0	0.0
NTPCR	1	1	1.0	0.0
YIPF6	1	1	1.0	0.0
OR4G11P	2	3	1.0	0.0
AC005831.1	1	1	1.0	0.0
OPHN1	2	2	1.0	0.0
RP11-1348G14.4	1	1	1.0	0.0
LSAMP	1	1	1.0	0.0
FA2H	1	1	1.0	0.0
GNL1	1	1	1.0	0.0
SLC25A26	1	1	1.0	0.0
WNT3	1	1	1.0	0.0
TAPBP	1	1	1.0	0.0
SLX4IP	1	1	1.0	0.0
CEP78	1	1	1.0	0.0
MMP9	1	1	1.0	0.0
NHLH2	1	1	1.0	0.0
BLVRB	1	1	1.0	0.0
IFFO1	1	1	1.0	0.0
DLGAP1-AS3	1	1	1.0	0.0
MCF2L	2	2	1.0	0.0
MYBPC1	1	1	1.0	0.0
TMEM39B	1	1	1.0	0.0
AFG3L2	1	1	1.0	0.0
RP4-724E16.2	1	1	1.0	0.0
RP11-333E13.4	1	2	1.0	0.0
RBP5	1	1	1.0	0.0
TGFB1I1	1	1	1.0	0.0
TMEM170B	1	1	1.0	0.0
ACAP1	1	1	1.0	0.0
ACAP3	1	1	1.0	0.0
DHDH	1	1	1.0	0.0
ANAPC4	1	1	1.0	0.0
PELI2	1	1	1.0	0.0
ABCB10	1	1	1.0	0.0
RP5-1092A3.4	1	1	1.0	0.0
WDSUB1	1	1	1.0	0.0
RPEP2	1	1	1.0	0.0
SNX22	1	1	1.0	0.0
FIGN	1	1	1.0	0.0
MAPRE1	1	1	1.0	0.0
ZFPM1	1	1	1.0	0.0
NRG1-IT2	1	1	1.0	0.0
RP11-296I10.6	1	1	1.0	0.0
NRDE2	1	1	1.0	0.0
RP11-552F3.9	1	1	1.0	0.0
GAN	1	1	1.0	0.0
PAX1	1	1	1.0	0.0
ATL3	1	1	1.0	0.0
PDZD9	1	1	1.0	0.0
RP1-283E3.8	1	1	1.0	0.0
RP11-720L2.3	1	1	1.0	0.0
AP001046.5	1	1	1.0	0.0
RP11-285G1.14	1	1	1.0	0.0
MANBA	1	1	1.0	0.0
BRMS1L	1	1	1.0	0.0
MTMR4	1	1	1.0	0.0
MTMR6	1	1	1.0	0.0
CCT6B	1	1	1.0	0.0
SLC3A1	1	1	1.0	0.0
ARHGEF18	1	1	1.0	0.0
ANP32A	1	1	1.0	0.0
UBE2G2	1	1	1.0	0.0
POP7	1	1	1.0	0.0
AC068286.1	1	1	1.0	0.0
MIR663A	1	1	1.0	0.0
DUSP19	1	1	1.0	0.0
FAM19A4	1	1	1.0	0.0
RP13-616I3.1	2	5	1.0	0.0
ORAI1	1	1	1.0	0.0
ZNF785	1	1	1.0	0.0
ACAA2	1	1	1.0	0.0
RP11-347P5.1	1	1	1.0	0.0
PAQR3	1	1	0.9999999999999999	0.0
GFRA2	1	1	0.9999999999999999	0.0
MFSD9	1	1	0.9999999999999999	0.0
MAGI1	1	1	0.9999999999999999	0.0
AFAP1	1	1	0.9999999999999999	0.0
ATP2A2	1	1	0.9999999999999999	0.0
TPRA1	1	1	0.9999999999999999	0.0
ZNF415	1	1	0.9999999999999999	0.0
MPPED1	1	1	0.9999999999999999	0.0
ERCC1	1	1	0.9999999999999999	0.0
SPPL2B	1	1	0.9999999999999999	0.0
FAM86JP	3	6	0.9999999999999999	0.0
SOX6	1	1	0.9999999999999999	0.0
SYNE1	1	1	0.9999999999999999	0.0
ZNF638	1	1	0.9999999999999999	0.0
FAM86A	3	6	0.9999999999999999	0.0
KIF21A	1	1	0.9999999999999999	0.0
MFAP3L	1	1	0.9999999999999999	0.0
PHF21A	1	1	0.9999999999999999	0.0
CAMKK2	1	1	0.9999999999999999	0.0
TMEM259	1	1	0.9999999999999999	0.0
VRK2	1	1	0.9999999999999999	0.0
WNK2	1	1	0.9999999999999999	0.0
PASK	1	1	0.9999999999999999	0.0
CHRDL2	1	1	0.9999999999999998	0.0
TULP3	1	1	0.9999999999999998	0.0
UFD1L	1	1	0.9999999999999998	0.0
ZBTB20	1	1	0.9999999999999998	0.0
SLC43A3	1	1	0.9999999999999998	0.0
ZNF423	1	1	0.9999999999999998	0.0
PLD1	1	1	0.9999999999999998	0.0
DCUN1D4	1	1	0.9999999999999998	0.0
GAS8	1	1	0.9999999999999998	0.0
MAP3K4	1	1	0.9999999999999998	0.0
PSG4	1	1	0.9999999999999998	0.0
ANO1	1	1	0.9999999999999998	0.0
SPTBN4	1	1	0.9999999999999998	0.0
PRSS16	1	1	0.9999999999999997	0.0
RP11-356J5.12	2	4	0.95	0.0
PAM	1	1	0.9230769230769229	0.0
SNHG14	2	5	0.9166666666666666	0.0
SERPINA1	1	2	0.8888888888888888	0.0
MSTO1	1	1	0.8823529411764707	0.0
FLNB	1	1	0.875	0.0
PI4KAP1	1	3	0.875	0.0
VDAC2	1	1	0.8666666666666666	0.0
NCR2	1	3	0.8571428571428571	0.0
NHP2	1	1	0.857142857142857	0.0
AC104438.1	1	5	0.8333333333333334	0.0
ZNF665	1	5	0.8333333333333334	0.0
RAD1	1	5	0.8333333333333334	0.0
ARID4B	1	1	0.8333333333333333	0.0
ERI2	1	1	0.8333333333333333	0.0
APAF1	1	2	0.8333333333333333	0.0
ZNF611	1	1	0.8333333333333333	0.0
FAM178B	1	1	0.8333333333333333	0.0
NR2F1-AS1	1	1	0.8333333333333333	0.0
N4BP2L1	1	4	0.8	0.0
C1orf106	1	4	0.8	0.0
AC015849.19	1	4	0.8	0.0
RN7SL534P	1	4	0.8	0.0
RP3-405J10.3	1	4	0.8	0.0
RPL21P122	1	4	0.8	0.0
DDB1	1	1	0.8	0.0
WDR4	1	1	0.8	0.0
RP11-486O13.2	1	4	0.8	0.0
RBM7	1	4	0.8	0.0
MTND2P8	1	4	0.8	0.0
HTN1	1	4	0.8	0.0
ITIH4	1	1	0.7999999999999999	0.0
UCK1	1	1	0.7777777777777779	0.0
MRPL10	1	3	0.75	0.0
VPS13B	3	3	0.75	0.0
SPEF1	1	1	0.75	0.0
KIAA1598	1	1	0.75	0.0
RP11-1280N14.3	1	6	0.75	0.0
GUF1	1	1	0.75	0.0
MIR3180-1	2	3	0.75	0.0
MIR3180-2	2	3	0.75	0.0
MIR3180-3	2	3	0.75	0.0
MIR3180-4	2	3	0.75	0.0
CCND3	1	1	0.75	0.0
RP11-115J16.1	2	3	0.75	0.0
PNMA2	1	3	0.75	0.0
CCSER2	1	1	0.75	0.0
RP11-655G22.1	1	1	0.75	0.0
PRG2	1	1	0.75	0.0
AC012370.3	1	1	0.75	0.0
RP1-86D1.2	1	3	0.75	0.0
RP11-1319K7.1	1	6	0.75	0.0
DAZ2	1	2	0.7407407407407407	0.0
RP11-1277A3.2	2	5	0.7142857142857142	0.0
EMR2	1	1	0.7142857142857142	0.0
OC90	2	10	0.7	0.0
RP11-261C10.3	2	3	0.6923076923076923	0.0
AC073071.1	5	9	0.6754901960784314	0.0
FAM230A	3	5	0.6710526315789473	0.0
PRICKLE2	1	1	0.6666666666666666	0.0
ORC2	2	2	0.6666666666666666	0.0
RP11-216L13.19	1	2	0.6666666666666666	0.0
GFRA3	1	1	0.6666666666666666	0.0
RP11-483G21.3	1	2	0.6666666666666666	0.0
LY75	1	1	0.6666666666666666	0.0
CTC-254B4.1	1	2	0.6666666666666666	0.0
RP11-359J14.2	1	2	0.6666666666666666	0.0
CTC-210G5.1	2	4	0.6666666666666666	0.0
CTB-50L17.14	1	4	0.6666666666666666	0.0
POLR3A	1	2	0.6666666666666666	0.0
TMOD2	1	1	0.6666666666666666	0.0
NCOA6	1	1	0.6666666666666666	0.0
EPAS1	1	1	0.6666666666666666	0.0
CXorf23	1	1	0.6666666666666666	0.0
AC007405.4	1	2	0.6666666666666666	0.0
IL1R1	1	1	0.6666666666666666	0.0
SULT1B1	1	2	0.6666666666666666	0.0
AC069368.3	1	1	0.6666666666666666	0.0
GGT6	1	1	0.6666666666666666	0.0
MYO15A	1	2	0.6666666666666666	0.0
HADHA	1	1	0.6666666666666666	0.0
PHC1	1	1	0.6666666666666666	0.0
PPP2R3B	1	1	0.6666666666666666	0.0
CNN1	1	2	0.6666666666666666	0.0
PINK1-AS	2	2	0.6666666666666666	0.0
ANAPC16	1	2	0.6666666666666666	0.0
COPS5	1	2	0.6666666666666666	0.0
COQ2	1	2	0.6666666666666666	0.0
RP11-462G12.1	1	2	0.6666666666666666	0.0
RP11-596D21.1	1	2	0.6666666666666666	0.0
SLC25A16	1	2	0.6666666666666666	0.0
SFXN5	1	2	0.6666666666666666	0.0
AC005588.2	1	2	0.6666666666666666	0.0
ABHD3	1	1	0.6666666666666666	0.0
ZNF783	1	2	0.6666666666666666	0.0
AC092415.1	1	1	0.6666666666666666	0.0
FAM157B	3	4	0.6615384615384616	0.0
RP11-274B21.1	4	5	0.6307692307692307	0.0
TPK1	1	1	0.625	0.0
DNMT3B	1	1	0.6000000000000001	0.0
SSH1	1	1	0.6000000000000001	0.0
LRRC57	1	1	0.6000000000000001	0.0
NUTM2F	3	3	0.6000000000000001	0.0
NUTM2B	3	3	0.6000000000000001	0.0
AC138035.2	1	6	0.6	0.0
RP4-669L17.8	1	6	0.6	0.0
RP11-34P13.15	1	6	0.6	0.0
AL627309.1	1	6	0.6	0.0
RP4-669L17.10	1	6	0.6	0.0
RP11-206L10.1	1	6	0.6	0.0
DAZ4	1	2	0.5925925925925926	0.0
POLE	2	3	0.5833333333333333	0.0
CTD-2561J22.5	2	2	0.5833333333333333	0.0
FRG2	1	2	0.5714285714285714	0.0
SH3BGRL	1	1	0.5714285714285714	0.0
FAM98C	1	2	0.5714285714285714	0.0
SPDYE1	1	4	0.5714285714285714	0.0
AC004878.5	1	4	0.5714285714285714	0.0
MYADML	2	2	0.5714285714285714	0.0
SPDYE9P	1	4	0.5714285714285714	0.0
RP11-107F6.3	1	2	0.5714285714285714	0.0
AC006014.10	1	4	0.5714285714285714	0.0
FRG2C	1	2	0.5714285714285714	0.0
AC004166.6	1	4	0.5714285714285714	0.0
ZNF841	1	1	0.5714285714285714	0.0
RP11-429J17.2	2	5	0.5555555555555556	0.0
SPAG9	2	5	0.5555555555555556	0.0
RN7SL693P	2	5	0.5555555555555556	0.0
INO80C	2	5	0.5476190476190476	0.0
ZNF852	1	2	0.5454545454545454	0.0
RP11-452G18.2	3	5	0.5438596491228069	0.0
RPS2P55	3	5	0.5438596491228069	0.0
RPS2P46	3	5	0.5438596491228069	0.0
RPS2P4	3	5	0.5438596491228069	0.0
AC022210.2	3	5	0.5438596491228069	0.0
RP5-886K2.1	2	2	0.5333333333333333	0.0
ZNF91	2	8	0.5142857142857142	0.0
ZNF680	2	8	0.5142857142857142	0.0
ZNF626	2	8	0.5142857142857142	0.0
ZNF66	2	8	0.5142857142857142	0.0
RP13-395E19.4	1	1	0.5	0.0
RP11-1109M24.5	1	1	0.5	0.0
SAMD5	1	1	0.5	0.0
RP11-481J2.1	1	1	0.5	0.0
GIGYF2	1	1	0.5	0.0
CHTOP	1	1	0.5	0.0
LYPD5	1	1	0.5	0.0
TSC22D2	1	1	0.5	0.0
RP11-96K19.4	1	1	0.5	0.0
MBNL1	1	1	0.5	0.0
AKR1C1	1	1	0.5	0.0
C1orf159	1	1	0.5	0.0
AKR1C2	1	1	0.5	0.0
TMEM185AP1	2	3	0.5	0.0
SLC7A9	1	1	0.5	0.0
SSR2	1	1	0.5	0.0
KCTD20	1	1	0.5	0.0
SSPO	1	1	0.5	0.0
AC105253.1	1	1	0.5	0.0
RP11-390E23.3	1	1	0.5	0.0
RP11-171A24.3	1	1	0.5	0.0
CCDC30	1	1	0.5	0.0
BMS1P1	1	1	0.5	0.0
BMS1P5	1	1	0.5	0.0
GNRHR2	1	1	0.5	0.0
RP11-117O7.2	1	1	0.5	0.0
BHLHE40-AS1	1	1	0.5	0.0
RP11-47I22.4	1	1	0.5	0.0
RP11-47I22.3	1	1	0.5	0.0
RP11-69I8.2	1	1	0.5	0.0
XPNPEP3	1	1	0.5	0.0
MAN2A2	1	1	0.5	0.0
AC011385.1	1	2	0.5	0.0
TMEM255B	1	4	0.5	0.0
CASP1	1	1	0.5	0.0
RP11-91K8.4	1	1	0.5	0.0
RP11-506N2.1	2	2	0.5	0.0
DNAJA3	1	1	0.5	0.0
RP11-452C8.1	1	1	0.5	0.0
IL17RC	1	1	0.5	0.0
SPNS1	1	1	0.5	0.0
ZNF124	1	1	0.5	0.0
RP11-448A19.1	1	1	0.5	0.0
LIPH	1	1	0.5	0.0
RP11-143J12.3	1	2	0.5	0.0
RN7SL811P	1	1	0.5	0.0
PRAMEF6	1	1	0.5	0.0
KALRN	1	1	0.5	0.0
RP11-261B23.2	1	1	0.5	0.0
BAMBI	1	1	0.5	0.0
SQSTM1	1	1	0.5	0.0
ATP6V1C2	1	1	0.5	0.0
MTND5P26	1	1	0.5	0.0
RP11-439E19.9	1	1	0.5	0.0
NDST1	1	1	0.5	0.0
RP11-66B24.7	1	1	0.5	0.0
ADH1C	1	1	0.5	0.0
SYTL4	1	1	0.5	0.0
CST4	1	1	0.5	0.0
CST2	1	1	0.5	0.0
THG1L	1	1	0.5	0.0
RP11-3B12.1	1	1	0.5	0.0
CD59	1	4	0.5	0.0
PRAM1	1	1	0.5	0.0
DNAJB13	1	1	0.5	0.0
OR4A14P	1	1	0.5	0.0
BAD	1	1	0.5	0.0
CD9	1	1	0.5	0.0
UBAP2	1	1	0.5	0.0
RP11-806H10.4	1	1	0.5	0.0
ZNF329	1	1	0.5	0.0
RN7SL345P	1	1	0.5	0.0
LRRC63	1	1	0.5	0.0
RP11-24J23.2	1	1	0.5	0.0
OR5V1	1	1	0.5	0.0
ZNF335	1	1	0.5	0.0
BRD7	1	1	0.5	0.0
SHOX	1	1	0.5	0.0
LINC00514	1	2	0.5	0.0
RP11-353N14.4	1	1	0.5	0.0
ZNF716	1	1	0.5	0.0
SYNRG	1	1	0.5	0.0
RP11-680G24.5	1	1	0.5	0.0
AC009403.2	1	1	0.5	0.0
KIAA1875	1	1	0.5	0.0
RN7SL333P	1	1	0.5	0.0
RBM28	1	1	0.5	0.0
CLDN15	1	2	0.5	0.0
PSEN1	1	1	0.5	0.0
HERC4	1	1	0.5	0.0
HERC6	1	1	0.5	0.0
ICA1L	1	1	0.5	0.0
SMPD4	1	1	0.5	0.0
RTCA	1	1	0.5	0.0
RASL10A	1	1	0.5	0.0
AC005017.2	1	1	0.5	0.0
OAZ1	1	1	0.5	0.0
HSD3B7	1	2	0.5	0.0
MAGI2-AS3	1	1	0.5	0.0
RP11-18I14.10	1	2	0.5	0.0
ZNF16	1	1	0.5	0.0
RP11-576D8.4	1	1	0.5	0.0
ERBB3	1	1	0.5	0.0
RP11-267C16.1	1	1	0.5	0.0
CCDC144A	1	1	0.5	0.0
PRKDC	1	1	0.5	0.0
OCLN	1	1	0.5	0.0
LINC00476	1	1	0.5	0.0
RP11-475J5.10	1	1	0.5	0.0
CATSPER2	1	1	0.5	0.0
PROSER2-AS1	1	1	0.5	0.0
AL139147.1	1	1	0.5	0.0
RP3-449O17.1	1	1	0.5	0.0
PFN1P9	1	1	0.5	0.0
USP9YP4	1	1	0.5	0.0
USP9YP3	1	1	0.5	0.0
PFN1P1	1	1	0.5	0.0
KLLN	1	1	0.5	0.0
PRC1	1	1	0.5	0.0
RN7SL421P	1	1	0.5	0.0
RP11-756P10.2	1	1	0.5	0.0
RP4-753D10.5	1	1	0.5	0.0
RP11-573D15.8	1	1	0.5	0.0
RP11-525K10.3	1	1	0.5	0.0
AMPD3	1	1	0.5	0.0
SCARF2	1	1	0.5	0.0
LINC01029	1	4	0.5	0.0
OR11A1	1	1	0.5	0.0
CTB-25B13.12	1	1	0.5	0.0
RP11-358N4.3	1	1	0.5	0.0
RP11-529A4.12	1	1	0.5	0.0
AC097382.5	1	1	0.5	0.0
HSD11B1L	1	2	0.5	0.0
RP11-417J1.3	1	1	0.5	0.0
RP11-342A23.1	1	2	0.5	0.0
TMPRSS4	1	2	0.5	0.0
AC053503.6	1	1	0.5	0.0
UEVLD	1	1	0.5	0.0
GNB5	1	2	0.5	0.0
OPA3	1	1	0.5	0.0
CEP57	1	1	0.5	0.0
EML1	1	1	0.5	0.0
LINC00674	1	1	0.5	0.0
MRPS24	1	1	0.5	0.0
ZNF844	1	1	0.5	0.0
ZNF813	1	1	0.5	0.0
RP11-846F4.1	1	1	0.5	0.0
RP11-480C16.1	1	1	0.5	0.0
RP3-433F14.4	1	1	0.5	0.0
RP4-655J12.4	1	1	0.5	0.0
TM2D3	1	1	0.5	0.0
GPR141	1	1	0.5	0.0
RP11-457M11.6	1	1	0.5	0.0
C4orf29	1	4	0.5	0.0
RP11-753H16.5	1	1	0.5	0.0
CCHCR1	1	1	0.5	0.0
E2F5	1	1	0.5	0.0
NUDCD3	1	1	0.5	0.0
MTND1P20	1	1	0.5	0.0
TAOK1	1	1	0.5	0.0
TPT1-AS1	1	1	0.4999999999999999	0.0
COQ4	2	4	0.4642857142857143	0.0
AQP12A	1	2	0.4444444444444444	0.0
MTND4P4	1	4	0.4444444444444444	0.0
CORO1A	1	2	0.4444444444444444	0.0
MTND4P14	1	4	0.4444444444444444	0.0
MTND4P10	1	4	0.4444444444444444	0.0
MTND4P26	1	4	0.4444444444444444	0.0
MTND4P22	1	4	0.4444444444444444	0.0
FAM157C	3	4	0.4307692307692308	0.0
FAM157A	3	4	0.4307692307692308	0.0
RP11-34P13.13	3	4	0.4307692307692308	0.0
RP11-206L10.2	3	4	0.4307692307692308	0.0
MRPL39	1	1	0.42857142857142855	0.0
NUDT1	1	3	0.42857142857142855	0.0
NUP43	1	3	0.42857142857142855	0.0
SEMA3D	1	3	0.42857142857142855	0.0
MAGT1	1	2	0.4	0.0
ZBTB8B	1	2	0.4	0.0
CCDC38	1	2	0.4	0.0
ZMYM5	1	1	0.4	0.0
SPN	1	1	0.4	0.0
FOXO3	1	1	0.4	0.0
METTL14	1	2	0.4	0.0
TMED4	1	1	0.4	0.0
TSG101	1	2	0.4	0.0
PDAP1	1	2	0.4	0.0
SEPT11	1	1	0.4	0.0
CNR2	1	1	0.4	0.0
NUTM2G	3	3	0.4	0.0
NUTM2E	3	3	0.4	0.0
NUTM2D	3	3	0.4	0.0
NUTM2A	3	3	0.4	0.0
PNMA6A	1	1	0.4	0.0
BTN2A3P	2	2	0.4	0.0
HKR1	1	2	0.39285714285714285	0.0
CDC42SE1	1	1	0.375	0.0
DAZ3	1	2	0.37037037037037035	0.0
RTN3P1	4	4	0.36363636363636365	0.0
ALDOAP1	1	5	0.35714285714285715	0.0
RP11-189B4.6	1	1	0.3571428571428571	0.0
RPL35A	1	1	0.34285714285714286	0.0
XXbac-B33L19.3	3	5	0.3355263157894737	0.0
AC008132.1	3	5	0.3355263157894737	0.0
RP11-14D22.2	1	1	0.3333333333333333	0.0
RP11-277P12.10	1	1	0.3333333333333333	0.0
PLOD1	1	1	0.3333333333333333	0.0
SEC31A	1	1	0.3333333333333333	0.0
OR2H5P	2	3	0.3333333333333333	0.0
C14orf79	1	1	0.3333333333333333	0.0
S100PBP	1	1	0.3333333333333333	0.0
MEF2C-AS1	1	1	0.3333333333333333	0.0
RP11-248D7.2	1	1	0.3333333333333333	0.0
NAP1L1	1	2	0.3333333333333333	0.0
RP11-395B7.7	1	1	0.3333333333333333	0.0
TMEM186	1	1	0.3333333333333333	0.0
TMEM59	1	1	0.3333333333333333	0.0
RP11-359M6.1	1	1	0.3333333333333333	0.0
GABPB2	1	1	0.3333333333333333	0.0
C12orf42	1	2	0.3333333333333333	0.0
LINC-ROR	2	4	0.3333333333333333	0.0
SCD5	1	1	0.3333333333333333	0.0
RSPH10B2	1	1	0.3333333333333333	0.0
PVT1	1	1	0.3333333333333333	0.0
DFFA	1	1	0.3333333333333333	0.0
MED13	1	1	0.3333333333333333	0.0
ZNF571-AS1	1	3	0.3333333333333333	0.0
RSPH10B	1	1	0.3333333333333333	0.0
RP11-26L20.3	1	2	0.3333333333333333	0.0
PRKRIR	1	1	0.3333333333333333	0.0
MTND5P13	1	1	0.3333333333333333	0.0
CICP13	2	3	0.3333333333333333	0.0
RP11-67H24.2	1	1	0.3333333333333333	0.0
CICP26	2	3	0.3333333333333333	0.0
HERC2P4	1	1	0.3333333333333333	0.0
RP11-335E6.2	1	1	0.3333333333333333	0.0
SPAG7	1	1	0.3333333333333333	0.0
WSB1	1	1	0.3333333333333333	0.0
FGFR2	1	1	0.3333333333333333	0.0
SMIM14	1	1	0.3333333333333333	0.0
PHC1P1	1	1	0.3333333333333333	0.0
MKI67IPP4	1	1	0.3333333333333333	0.0
CD37	1	1	0.3333333333333333	0.0
MLANA	1	1	0.3333333333333333	0.0
OTUD3	1	1	0.3333333333333333	0.0
IL36B	1	1	0.3333333333333333	0.0
DHX30	1	2	0.3333333333333333	0.0
RP11-353N14.2	1	1	0.3333333333333333	0.0
PSME3	1	1	0.3333333333333333	0.0
RP11-19N8.4	1	1	0.3333333333333333	0.0
RASL11B	1	1	0.3333333333333333	0.0
PLEKHO2	1	1	0.3333333333333333	0.0
ATP6AP1	1	1	0.3333333333333333	0.0
KCNE4	1	1	0.3333333333333333	0.0
AC138951.1	1	1	0.3333333333333333	0.0
RAMP2-AS1	1	2	0.3333333333333333	0.0
TMEM41B	1	1	0.3333333333333333	0.0
CTD-2354A18.1	1	1	0.3333333333333333	0.0
RP11-450I1.4	1	1	0.3333333333333333	0.0
ANKLE2	1	2	0.3333333333333333	0.0
GPRC5A	1	1	0.3333333333333333	0.0
RIN1	1	1	0.3333333333333333	0.0
RP11-231D20.2	1	1	0.3333333333333333	0.0
ABCB9	1	1	0.3333333333333333	0.0
POLR2J3	1	1	0.3333333333333333	0.0
ZNF563	1	1	0.3333333333333333	0.0
FBXL19-AS1	1	1	0.3333333333333333	0.0
SOX2-OT	1	1	0.3333333333333333	0.0
CTC-558O2.1	1	1	0.3333333333333333	0.0
PYGB	1	1	0.3333333333333333	0.0
RP11-313J2.1	1	1	0.3333333333333333	0.0
RP11-405F3.2	1	2	0.3333333333333333	0.0
KRTAP4-16P	1	1	0.3333333333333333	0.0
RPL38	1	1	0.3333333333333333	0.0
CICP2	2	3	0.3333333333333333	0.0
CICP1	2	3	0.3333333333333333	0.0
KIAA1257	1	1	0.3333333333333333	0.0
RP13-221M14.6	1	1	0.3333333333333333	0.0
MDM2	1	1	0.3333333333333333	0.0
AREL1	1	1	0.3333333333333333	0.0
RP11-305L7.1	1	1	0.3333333333333333	0.0
OR2H2	2	3	0.3333333333333333	0.0
LY75-CD302	1	1	0.3333333333333333	0.0
STK17B	1	1	0.3333333333333333	0.0
PAWR	1	1	0.3333333333333333	0.0
NMT2	1	1	0.3333333333333333	0.0
ATP5J2-PTCD1	1	1	0.3333333333333333	0.0
CBWD5	1	1	0.3333333333333333	0.0
CBWD6	1	1	0.3333333333333333	0.0
CBWD3	1	1	0.3333333333333333	0.0
MTND5P19	2	2	0.325	0.0
MAPK12	2	4	0.3076923076923077	0.0
AC024937.4	1	3	0.3	0.0
AC024937.6	1	3	0.3	0.0
RP11-468E2.2	1	3	0.3	0.0
RP11-141C7.3	1	3	0.3	0.0
RP11-496H1.1	1	3	0.3	0.0
DAZ1	1	2	0.2962962962962963	0.0
NANOGP8	1	1	0.2857142857142857	0.0
HOGA1	1	1	0.2857142857142857	0.0
IRX2	1	1	0.2857142857142857	0.0
FRG2B	1	2	0.2857142857142857	0.0
NANOG	1	1	0.2857142857142857	0.0
SLC24A1	1	1	0.2857142857142857	0.0
ABCA4	1	1	0.2857142857142857	0.0
U3.82	1	2	0.2857142857142857	0.0
KLHL2	1	2	0.2857142857142857	0.0
MFSD4	1	1	0.2727272727272727	0.0
RP5-1106E3.1	3	5	0.27192982456140347	0.0
RPS2P44	3	5	0.27192982456140347	0.0
RPS2P48	3	5	0.27192982456140347	0.0
RP11-377K22.2	3	5	0.27192982456140347	0.0
RP5-882O7.1	3	5	0.27192982456140347	0.0
RPS2P1	3	5	0.27192982456140347	0.0
RP5-867C24.1	3	5	0.27192982456140347	0.0
RP3-337H4.6	3	5	0.27192982456140347	0.0
PPIAP29	1	1	0.25	0.0
MRPL35	1	1	0.25	0.0
AC099799.1	1	1	0.25	0.0
STX8	1	1	0.25	0.0
ZNF274	1	1	0.25	0.0
RP11-156E6.1	1	2	0.25	0.0
CAV2	1	4	0.25	0.0
SCAI	1	1	0.25	0.0
EXT1	1	1	0.25	0.0
FLJ45079	1	1	0.25	0.0
GALC	1	1	0.25	0.0
PRAMEF5	1	1	0.25	0.0
AC007386.2	1	1	0.25	0.0
KRT18P66	1	1	0.25	0.0
ARID1A	1	1	0.25	0.0
KRT18P5	1	1	0.25	0.0
RP11-196G11.2	1	1	0.25	0.0
AC005779.2	1	1	0.25	0.0
SYCP3	1	1	0.25	0.0
TLDC1	1	1	0.25	0.0
CD276	1	1	0.25	0.0
RP11-351K23.3	1	1	0.25	0.0
AL590726.1	1	1	0.25	0.0
PSD4	1	1	0.25	0.0
TLE2	1	1	0.25	0.0
AC007731.1	1	1	0.25	0.0
MTND1P3	1	1	0.25	0.0
ANGPTL4	1	1	0.25	0.0
RP11-56L13.7	1	1	0.25	0.0
BMPR1A	1	1	0.25	0.0
RP11-1437A8.3	1	1	0.25	0.0
AP000620.1	1	1	0.25	0.0
YIPF4	1	1	0.25	0.0
MRPS17	1	1	0.25	0.0
TFCP2L1	1	1	0.25	0.0
SSC5D	1	1	0.25	0.0
RP11-586K12.8	1	1	0.25	0.0
MTND1P18	1	1	0.25	0.0
MTND1P27	1	1	0.25	0.0
RP11-110L15.1	1	1	0.25	0.0
RPS26	2	2	0.24	0.0
RP11-925D8.5	2	2	0.2361111111111111	0.0
BET1L	2	3	0.23076923076923078	0.0
RP11-384K6.6	2	3	0.23076923076923078	0.0
RP11-504P24.2	2	3	0.23076923076923078	0.0
UCK2	1	1	0.2222222222222222	0.0
AQP12B	1	2	0.2222222222222222	0.0
PAPD5	1	2	0.2222222222222222	0.0
ZNF776	1	3	0.21428571428571427	0.0
AC008079.9	2	4	0.21052631578947367	0.0
HAVCR2	1	1	0.2	0.0
RP11-254F7.2	1	1	0.2	0.0
UTP20	1	1	0.2	0.0
AARD	1	1	0.2	0.0
RP11-233E12.2	1	1	0.2	0.0
CCDC90B	1	1	0.2	0.0
NUTM2HP	3	3	0.2	0.0
RP11-665E10.5	1	1	0.2	0.0
CINP	1	1	0.2	0.0
MTND5P14	1	1	0.2	0.0
MTND5P27	1	1	0.2	0.0
ACTC1	1	1	0.2	0.0
BCL2L14	1	1	0.2	0.0
GKAP1	1	1	0.2	0.0
ATR	1	1	0.2	0.0
MPLKIP	1	1	0.2	0.0
AP1G1	1	1	0.2	0.0
RP11-265D19.7	1	1	0.2	0.0
RP11-335K5.2	1	1	0.2	0.0
POU2AF1	1	1	0.2	0.0
RP11-109M19.4	1	1	0.2	0.0
TLK2P1	2	2	0.2	0.0
PNMA6D	1	1	0.2	0.0
PNMA6C	1	1	0.2	0.0
PNMA6B	1	1	0.2	0.0
OTX2-AS1	1	1	0.2	0.0
OAS3	1	1	0.2	0.0
FNIP1	1	1	0.18181818181818182	0.0
ANO6	1	1	0.18181818181818182	0.0
RP11-944L7.5	1	2	0.18181818181818182	0.0
LEPRE1	1	1	0.16666666666666666	0.0
DNHD1	1	1	0.16666666666666666	0.0
NAE1	1	1	0.16666666666666666	0.0
RP5-1029F21.4	1	2	0.16666666666666666	0.0
XPNPEP1	1	1	0.16666666666666666	0.0
DNAJB6	1	1	0.16666666666666666	0.0
CALM1	1	1	0.16666666666666666	0.0
TJP2	1	1	0.16666666666666666	0.0
CICP14	1	2	0.16666666666666666	0.0
CICP16	1	1	0.16666666666666666	0.0
CICP17	1	2	0.16666666666666666	0.0
CICP19	1	2	0.16666666666666666	0.0
RHBDL2	1	1	0.16666666666666666	0.0
SHANK2	1	1	0.16666666666666666	0.0
RP11-456I15.2	1	1	0.16666666666666666	0.0
C10orf32-ASMT	1	1	0.16666666666666666	0.0
ATP6V0A2	1	1	0.16666666666666666	0.0
AS3MT	1	1	0.16666666666666666	0.0
ZNF658B	1	1	0.16666666666666666	0.0
RP11-58H15.1	1	1	0.16666666666666666	0.0
PPP1R37	1	1	0.16666666666666666	0.0
CTD-2173L22.4	1	1	0.16666666666666666	0.0
G6PC	1	1	0.16666666666666666	0.0
ZNF586	1	1	0.16666666666666666	0.0
FOXRED1	1	1	0.16666666666666666	0.0
NEUROG1	1	1	0.16666666666666666	0.0
CICP9	1	1	0.16666666666666666	0.0
CICP7	1	2	0.16666666666666666	0.0
CICP5	1	2	0.16666666666666666	0.0
CICP6	1	2	0.16666666666666666	0.0
CICP3	1	2	0.16666666666666666	0.0
GNG7	1	1	0.16666666666666666	0.0
CEP89	1	1	0.16666666666666666	0.0
PARP2	1	1	0.16666666666666666	0.0
AC004057.1	2	2	0.16	0.0
RPS26P8	2	2	0.16	0.0
RPS26P3	2	2	0.16	0.0
RPS26P6	2	2	0.16	0.0
RPS26P47	2	2	0.16	0.0
RPS26P31	2	2	0.16	0.0
RP11-394A14.2	1	1	0.14285714285714285	0.0
NCR1	1	1	0.14285714285714285	0.0
XXbac-BPG181B23.4	1	1	0.14285714285714285	0.0
TMOD3	1	1	0.14285714285714285	0.0
RP11-277E18.2	1	1	0.14285714285714285	0.0
RP11-731J8.2	1	1	0.14285714285714285	0.0
RP11-456D7.1	1	1	0.14285714285714285	0.0
GPC1	1	1	0.14285714285714285	0.0
CTB-78F1.1	1	1	0.14285714285714285	0.0
RNF216P1	1	1	0.14285714285714285	0.0
NHP2P1	1	1	0.14285714285714285	0.0
AL359771.1	1	1	0.14285714285714285	0.0
VWA3B	1	1	0.14285714285714285	0.0
SLC15A1	1	1	0.14285714285714285	0.0
NUDT19	1	1	0.14285714285714285	0.0
EIF2AK4	1	1	0.14285714285714285	0.0
RPLP1	1	1	0.14285714285714285	0.0
AC007318.5	1	1	0.13333333333333333	0.0
MFSD1	1	1	0.125	0.0
RFT1	1	1	0.125	0.0
SPATA31E3P	1	1	0.125	0.0
MTND5P24	1	1	0.125	0.0
SPATA31E2P	1	1	0.125	0.0
CTD-2320B12.1	1	1	0.125	0.0
MSTO2P	1	1	0.11764705882352941	0.0
CASS4	1	1	0.1111111111111111	0.0
RP5-1173P7.1	1	1	0.1111111111111111	0.0
RP11-123K3.4	1	1	0.1111111111111111	0.0
RP11-521C20.1	1	1	0.1111111111111111	0.0
MTND5P6	1	1	0.1111111111111111	0.0
MTND5P9	1	1	0.1111111111111111	0.0
CTB-43E15.3	1	1	0.1111111111111111	0.0
RP11-359K18.4	1	1	0.1111111111111111	0.0
BTBD7	1	1	0.1111111111111111	0.0
RP11-306I1.1	1	2	0.10526315789473684	0.0
FAM216A	1	1	0.1	0.0
MYPN	1	1	0.1	0.0
RP5-966M1.6	1	1	0.1	0.0
RP11-255B23.1	1	1	0.1	0.0
CADPS	1	1	0.1	0.0
ZNF724P	1	1	0.1	0.0
IZUMO1	1	1	0.1	0.0
ZNF614	1	1	0.1	0.0
IPO9-AS1	1	1	0.1	0.0
CNN2	1	1	0.1	0.0
TTC39A	1	1	0.1	0.0
RCL1	1	1	0.1	0.0
DNAJC27-AS1	1	1	0.09090909090909091	0.0
SNIP1	1	1	0.09090909090909091	0.0
DNMT1	1	1	0.09090909090909091	0.0
DRG2	1	1	0.09090909090909091	0.0
DUX4L6	1	1	0.08823529411764705	0.0
DUX4L5	1	1	0.08823529411764705	0.0
DUX4L4	1	1	0.08823529411764705	0.0
DUX4L3	1	1	0.08823529411764705	0.0
DUX4L2	1	1	0.08823529411764705	0.0
DUX4L7	1	1	0.08823529411764705	0.0
DUX4	1	1	0.08823529411764705	0.0
RP11-713H12.1	2	2	0.08	0.0
AC068522.4	2	2	0.08	0.0
AC073072.7	2	2	0.08	0.0
CTB-55B8.1	2	2	0.08	0.0
RP11-330L19.1	2	2	0.08	0.0
RP11-393I23.2	2	2	0.08	0.0
RPS26P11	2	2	0.08	0.0
RPS26P56	2	2	0.08	0.0
AC008065.1	2	2	0.08	0.0
GS1-184P14.2	2	2	0.08	0.0
NPAP1P2	1	1	0.07142857142857142	0.0
NPAP1P3	1	1	0.07142857142857142	0.0
RP11-564C4.4	1	1	0.07142857142857142	0.0
DUX4L8	1	1	0.058823529411764705	0.0
CTD-2142D14.1	1	1	0.058823529411764705	0.0
RP11-297M9.1	1	1	0.058823529411764705	0.0
DUX4L15	1	1	0.058823529411764705	0.0
DUX4L13	1	1	0.058823529411764705	0.0
DUX4L11	1	1	0.058823529411764705	0.0
C1orf172	1	1	0.05263157894736842	0.0
PHLDB1	1	1	0.05263157894736842	0.0
THSD4	1	1	0.05263157894736842	0.0
AC010153.3	1	1	0.047619047619047616	0.0
AC006366.3	1	1	0.047619047619047616	0.0
ZNF209P	1	1	0.047619047619047616	0.0
AC011718.1	1	1	0.047619047619047616	0.0
ZNF736P5Y	1	1	0.047619047619047616	0.0
RP11-321E8.5	1	1	0.047619047619047616	0.0
DUX4L9	1	1	0.029411764705882353	0.0
RP11-413E6.7	1	1	0.029411764705882353	0.0
DUX4L14	1	1	0.029411764705882353	0.0
DUX4L12	1	1	0.029411764705882353	0.0
DUX4L10	1	1	0.029411764705882353	0.0
