ReferenceID	uniqueReadCount	totalReadCount	multimapAdjustedReadCount	multimapAdjustedBarcodeCount
tRNA-Gly-GCC-1-5	4832	152097	24560.60480641401	0.0
tRNA-Gly-GCC-1-3	4832	152097	24560.60480641401	0.0
tRNA-Gly-GCC-1-4	4832	152097	24560.60480641401	0.0
tRNA-Gly-GCC-1-1	4832	152097	24560.60480641401	0.0
tRNA-Gly-GCC-1-2	4832	152097	24560.60480641401	0.0
tRNA-Gly-CCC-1-2	4103	125769	16209.312051946592	0.0
tRNA-Gly-CCC-1-1	4103	125769	16209.312051946592	0.0
tRNA-Gly-GCC-2-1	5370	167723	16122.257950492682	0.0
tRNA-Gly-GCC-2-5	5370	167723	16122.257950492682	0.0
tRNA-Gly-GCC-2-4	5370	167723	16122.257950492682	0.0
tRNA-Gly-GCC-2-3	5370	167723	16122.257950492682	0.0
tRNA-Gly-GCC-2-2	5370	167723	16122.257950492682	0.0
tRNA-Gly-GCC-2-6	5370	167723	16122.257950492682	0.0
tRNA-Gly-GCC-3-1	5314	167634	16111.240134974872	0.0
tRNA-Gly-GCC-5-1	4681	154572	15152.928562775003	0.0
tRNA-Glu-CTC-1-7	3238	69049	8569.589194139204	0.0
tRNA-Glu-CTC-1-6	3238	69049	8569.589194139204	0.0
tRNA-Glu-CTC-1-5	3238	69049	8569.589194139204	0.0
tRNA-Glu-CTC-1-4	3238	69049	8569.589194139204	0.0
tRNA-Glu-CTC-1-3	3238	69049	8569.589194139204	0.0
tRNA-Glu-CTC-1-2	3238	69049	8569.589194139204	0.0
tRNA-Glu-CTC-1-1	3238	69049	8569.589194139204	0.0
tRNA-Glu-CTC-2-1	2946	67442	8391.668414918424	0.0
tRNA-Lys-CTT-2-1	2990	51641	8253.11557323396	0.0
tRNA-Lys-CTT-2-3	2990	51641	8253.11557323396	0.0
tRNA-Lys-CTT-2-2	2990	51641	8253.11557323396	0.0
tRNA-Lys-CTT-2-5	2990	51641	8253.11557323396	0.0
tRNA-Lys-CTT-2-4	2990	51641	8253.11557323396	0.0
tRNA-His-GTG-1-4	2705	51647	5701.333333333508	0.0
tRNA-His-GTG-1-5	2705	51647	5701.333333333508	0.0
tRNA-His-GTG-1-2	2705	51647	5701.333333333508	0.0
tRNA-His-GTG-1-3	2705	51647	5701.333333333508	0.0
tRNA-His-GTG-1-1	2705	51647	5701.333333333508	0.0
tRNA-His-GTG-1-9	2705	51647	5701.333333333508	0.0
tRNA-His-GTG-1-8	2705	51647	5701.333333333508	0.0
tRNA-His-GTG-1-7	2705	51647	5701.333333333508	0.0
tRNA-His-GTG-1-6	2705	51647	5701.333333333508	0.0
tRNA-Lys-CTT-3-1	1684	33763	5142.958220864139	0.0
tRNA-Lys-TTT-3-4	2654	32407	4893.00498798586	0.0
tRNA-Lys-TTT-3-5	2654	32407	4893.00498798586	0.0
tRNA-Lys-TTT-3-2	2654	32407	4893.00498798586	0.0
tRNA-Lys-TTT-3-3	2654	32407	4893.00498798586	0.0
tRNA-Lys-TTT-3-1	2654	32407	4893.00498798586	0.0
tRNA-Glu-TTC-2-2	1087	10611	4798.0	0.0
tRNA-Glu-TTC-2-1	1087	10611	4798.0	0.0
tRNA-Lys-TTT-5-1	2352	31200	4768.889475720357	0.0
tRNA-Val-CAC-2-1	748	4608	3787.925333386939	0.0
tRNA-Lys-CTT-1-1	1628	17818	3787.4820081063053	0.0
tRNA-Lys-CTT-1-2	1628	17818	3787.4820081063053	0.0
tRNA-Lys-CTT-4-1	1583	17592	3781.5402692895686	0.0
tRNA-Val-AAC-2-1	516	3443	3045.1011708664582	0.0
tRNA-Gly-CCC-6-1	1452	24796	2759.0563338900647	0.0
tRNA-Val-CAC-8-1	1435	24442	2363.7744660545986	0.0
tRNA-Val-TAC-1-1	659	5014	2202.238911381017	0.0
tRNA-Val-TAC-1-2	659	5014	2202.238911381017	0.0
tRNA-Lys-TTT-4-1	1366	13443	1895.8335710857655	0.0
tRNA-Glu-TTC-9-1	1249	22207	1766.9287431500404	0.0
tRNA-Arg-CCT-1-1	352	7369	1665.7000000000055	0.0
tRNA-Arg-CCT-2-1	352	7369	1665.7000000000055	0.0
tRNA-Arg-CCT-4-1	444	7190	1584.7000000000055	0.0
tRNA-Arg-CCT-3-1	430	7175	1570.366666666672	0.0
tRNA-Arg-CCT-5-1	271	6722	1344.5333333333388	0.0
tRNA-Gly-CCC-2-2	541	2646	1323.0	0.0
tRNA-Gly-CCC-2-1	541	2646	1323.0	0.0
tRNA-Glu-TTC-4-1	1040	7263	1290.3034798534795	0.0
tRNA-Glu-TTC-4-2	1040	7263	1290.3034798534795	0.0
tRNA-Glu-TTC-1-2	671	3570	1277.5	0.0
tRNA-Glu-TTC-1-1	671	3570	1277.5	0.0
tRNA-Gln-CTG-5-1	727	5295	1219.2116776197595	0.0
tRNA-Leu-CAA-1-2	280	2985	1208.463095238095	0.0
tRNA-Lys-CTT-7-1	1055	8485	1185.0163892480036	0.0
tRNA-Leu-CAA-1-1	255	2943	1166.963095238095	0.0
tRNA-Lys-CTT-11-1	1018	8432	1153.0095710661867	0.0
tRNA-Val-TAC-2-1	417	2232	1122.443589743589	0.0
tRNA-Glu-TTC-3-1	731	5612	1117.7489343989364	0.0
tRNA-Val-CAC-1-5	1346	15743	1107.276745665759	0.0
tRNA-Val-CAC-1-4	1346	15743	1107.276745665759	0.0
tRNA-Val-CAC-1-6	1346	15743	1107.276745665759	0.0
tRNA-Val-CAC-1-1	1346	15743	1107.276745665759	0.0
tRNA-Val-CAC-1-3	1346	15743	1107.276745665759	0.0
tRNA-Val-CAC-1-2	1346	15743	1107.276745665759	0.0
tRNA-Val-CAC-4-1	1312	15681	1102.6183207573342	0.0
tRNA-Glu-TTC-8-1	679	5528	1090.6201465201484	0.0
tRNA-Val-CAC-5-1	1224	15362	1076.6311330267638	0.0
tRNA-Val-AAC-3-1	1037	14037	1047.0778668484984	0.0
tRNA-Gln-TTG-2-1	665	4515	1006.9916056166103	0.0
tRNA-Lys-TTT-6-1	885	7820	960.7571344505174	0.0
tRNA-Val-AAC-1-1	1071	14130	913.3255191145355	0.0
tRNA-Val-AAC-1-2	1071	14130	913.3255191145355	0.0
tRNA-Val-AAC-1-3	1071	14130	913.3255191145355	0.0
tRNA-Val-AAC-1-4	1071	14130	913.3255191145355	0.0
tRNA-Val-AAC-1-5	1071	14130	913.3255191145355	0.0
tRNA-Val-AAC-4-1	1016	13933	901.3238985945327	0.0
tRNA-Gln-TTG-1-1	655	4321	824.1996142746194	0.0
tRNA-Leu-CAA-4-1	271	1634	823.4630952380951	0.0
tRNA-Lys-CTT-6-1	638	3395	784.7859015984026	0.0
tRNA-Gln-CTG-2-1	960	6117	773.8972587053483	0.0
tRNA-Ala-TGC-3-2	195	4052	755.3085922247689	0.0
tRNA-Ala-TGC-3-1	195	4052	755.3085922247689	0.0
tRNA-Ala-CGC-2-1	184	4031	752.3760525422292	0.0
tRNA-Ala-TGC-2-1	187	4023	749.1419255581022	0.0
tRNA-Ala-CGC-1-1	178	4004	747.5427192088958	0.0
tRNA-Met-CAT-3-2	365	5054	734.2420634920627	0.0
tRNA-Met-CAT-3-1	365	5054	734.2420634920627	0.0
tRNA-Gln-CTG-1-4	983	6217	723.0972587053484	0.0
tRNA-Gln-CTG-1-3	983	6217	723.0972587053484	0.0
tRNA-Gln-CTG-1-5	983	6217	723.0972587053484	0.0
tRNA-Gln-CTG-1-1	983	6217	723.0972587053484	0.0
tRNA-Gln-CTG-1-2	983	6217	723.0972587053484	0.0
tRNA-Met-CAT-4-3	338	5018	716.325396825396	0.0
tRNA-Met-CAT-4-1	338	5018	716.325396825396	0.0
tRNA-Met-CAT-4-2	338	5018	716.325396825396	0.0
tRNA-Met-CAT-2-1	338	5018	716.325396825396	0.0
tRNA-Glu-TTC-10-1	480	3728	713.0624542124546	0.0
tRNA-Met-CAT-5-1	324	4986	711.0753968253961	0.0
tRNA-Pro-AGG-1-1	897	6706	661.2320802004995	0.0
tRNA-Ala-AGC-1-1	102	750	649.3088235294116	0.0
tRNA-Gln-TTG-3-1	607	3648	603.3829476079476	0.0
tRNA-Gln-TTG-3-2	607	3648	603.3829476079476	0.0
tRNA-Gln-TTG-3-3	607	3648	603.3829476079476	0.0
tRNA-Met-CAT-1-1	225	1168	595.6111111111109	0.0
tRNA-Met-CAT-6-1	213	1153	578.0277777777775	0.0
tRNA-Tyr-GTA-chr1-127	455	1684	556.5666666666679	0.0
tRNA-Tyr-GTA-chr21-2	455	1684	556.5666666666679	0.0
tRNA-Tyr-GTA-chr14-8	444	1671	550.5666666666676	0.0
tRNA-Gly-TCC-1-1	372	1879	544.001984126984	0.0
tRNA-Val-CAC-3-1	266	977	542.9430504737786	0.0
tRNA-Leu-TAA-1-1	174	615	522.7928571428572	0.0
tRNA-Ala-TGC-4-1	183	1322	486.16335412953055	0.0
tRNA-Gly-CCC-chr1-16	312	5000	464.4666774809222	0.0
tRNA-Gly-CCC-chr1-19	312	5000	464.4666774809222	0.0
tRNA-His-GTG-2-1	471	3473	458.0000000000013	0.0
tRNA-Gly-TCC-3-1	349	1784	448.501984126984	0.0
tRNA-Gln-TTG-4-1	227	1442	447.7602564102566	0.0
tRNA-Pro-CGG-2-1	910	6502	443.2688805346681	0.0
tRNA-Pro-TGG-3-5	1028	7080	438.25430242272233	0.0
tRNA-Pro-TGG-3-3	1028	7080	438.25430242272233	0.0
tRNA-Pro-TGG-3-4	1028	7080	438.25430242272233	0.0
tRNA-Pro-TGG-3-1	1028	7080	438.25430242272233	0.0
tRNA-Pro-TGG-3-2	1028	7080	438.25430242272233	0.0
tRNA-Pro-CGG-1-1	965	6813	417.6519214703412	0.0
tRNA-Pro-CGG-1-2	965	6813	417.6519214703412	0.0
tRNA-Pro-CGG-1-3	965	6813	417.6519214703412	0.0
tRNA-Gly-CCC-5-1	209	3992	403.68522705999806	0.0
tRNA-Thr-CGT-4-1	69	404	395.5	0.0
tRNA-Thr-TGT-4-1	247	1441	394.5833333333335	0.0
tRNA-Pro-TGG-2-1	473	2139	393.9182957393475	0.0
tRNA-Thr-TGT-5-1	232	1401	392.0833333333335	0.0
tRNA-Gly-CCC-4-1	208	2877	376.5508819460478	0.0
tRNA-Pro-AGG-2-4	923	6652	364.57136591478616	0.0
tRNA-Pro-AGG-2-3	923	6652	364.57136591478616	0.0
tRNA-Pro-AGG-2-6	923	6652	364.57136591478616	0.0
tRNA-Pro-AGG-2-5	923	6652	364.57136591478616	0.0
tRNA-Pro-AGG-2-8	923	6652	364.57136591478616	0.0
tRNA-Pro-AGG-2-7	923	6652	364.57136591478616	0.0
tRNA-Pro-AGG-2-1	923	6652	364.57136591478616	0.0
tRNA-Pro-AGG-2-2	923	6652	364.57136591478616	0.0
tRNA-Leu-TAG-3-1	150	407	335.97272727272724	0.0
tRNA-Val-TAC-3-1	153	508	334.8315789473685	0.0
tRNA-Gly-CCC-3-1	141	2251	322.700327529704	0.0
tRNA-Thr-TGT-2-1	146	1207	311.58333333333337	0.0
tRNA-Pro-TGG-1-1	264	1096	303.5879281537177	0.0
tRNA-Thr-TGT-3-1	130	1188	302.25	0.0
tRNA-Lys-TTT-2-1	356	1847	294.2331918081916	0.0
tRNA-Lys-TTT-1-1	356	1846	293.7331918081916	0.0
tRNA-Gly-TCC-2-6	445	2130	286.4603174603174	0.0
tRNA-Gly-TCC-2-5	445	2130	286.4603174603174	0.0
tRNA-Gly-TCC-2-4	445	2130	286.4603174603174	0.0
tRNA-Gly-TCC-2-3	445	2130	286.4603174603174	0.0
tRNA-Gly-TCC-2-2	445	2130	286.4603174603174	0.0
tRNA-Gly-TCC-2-1	445	2130	286.4603174603174	0.0
tRNA-iMet-CAT-1-8	332	2621	283.94166666666626	0.0
tRNA-iMet-CAT-1-7	332	2621	283.94166666666626	0.0
tRNA-iMet-CAT-1-6	332	2621	283.94166666666626	0.0
tRNA-iMet-CAT-1-5	332	2621	283.94166666666626	0.0
tRNA-iMet-CAT-1-4	332	2621	283.94166666666626	0.0
tRNA-iMet-CAT-1-3	332	2621	283.94166666666626	0.0
tRNA-iMet-CAT-1-2	332	2621	283.94166666666626	0.0
tRNA-iMet-CAT-1-1	332	2621	283.94166666666626	0.0
tRNA-Ala-TGC-6-1	114	834	281.89038461538445	0.0
tRNA-Val-AAC-5-1	289	4114	268.3431329549364	0.0
tRNA-Cys-GCA-6-1	253	1015	266.55005574246945	0.0
tRNA-iMet-CAT-2-1	316	2451	263.56666666666655	0.0
tRNA-Ala-AGC-2-1	177	1110	234.58194942312613	0.0
tRNA-Ala-AGC-2-2	177	1110	234.58194942312613	0.0
tRNA-Lys-TTT-7-1	112	516	227.14841269841273	0.0
tRNA-Ala-AGC-3-1	165	1093	227.08194942312613	0.0
tRNA-Gly-GCC-4-1	253	1780	221.27041445396733	0.0
tRNA-Val-CAC-7-1	113	2444	201.77581191168656	0.0
tRNA-Ala-TGC-1-1	136	893	199.45821204938864	0.0
tRNA-Arg-TCT-2-1	214	540	196.66666666666663	0.0
tRNA-Leu-CAG-2-2	216	1635	195.69642857142887	0.0
tRNA-Leu-CAG-2-1	216	1635	195.69642857142887	0.0
tRNA-Leu-CAA-2-1	185	1005	191.96309523809512	0.0
tRNA-Asp-GTC-1-1	133	304	183.407326007326	0.0
tRNA-Ala-CGC-3-1	97	946	181.5080298786181	0.0
tRNA-Tyr-GTA-1-1	131	372	177.18842823842826	0.0
tRNA-Asp-GTC-2-4	577	2055	176.03436563436622	0.0
tRNA-Asp-GTC-2-3	577	2055	176.03436563436622	0.0
tRNA-Asp-GTC-2-2	577	2055	176.03436563436622	0.0
tRNA-Asp-GTC-2-1	577	2055	176.03436563436622	0.0
tRNA-Asp-GTC-2-9	577	2055	176.03436563436622	0.0
tRNA-Asp-GTC-2-8	577	2055	176.03436563436622	0.0
tRNA-Asp-GTC-2-7	577	2055	176.03436563436622	0.0
tRNA-Asp-GTC-2-6	577	2055	176.03436563436622	0.0
tRNA-Asp-GTC-2-5	577	2055	176.03436563436622	0.0
tRNA-Asp-GTC-2-10	577	2055	176.03436563436622	0.0
tRNA-Asp-GTC-2-11	577	2055	176.03436563436622	0.0
tRNA-Arg-TCT-3-1	227	534	175.16666666666657	0.0
tRNA-Arg-TCT-1-1	161	393	175.0	0.0
tRNA-Gln-CTG-6-1	278	1808	173.88547604356438	0.0
tRNA-Leu-CAA-3-1	180	983	172.4630952380951	0.0
tRNA-Thr-TGT-1-1	137	537	166.5435897435897	0.0
tRNA-Ser-GCT-3-1	238	694	163.39874686716777	0.0
tRNA-Arg-CCG-2-1	109	169	162.99999999999997	0.0
tRNA-Thr-AGT-3-1	142	535	161.87136752136757	0.0
tRNA-Ile-TAT-2-1	65	440	158.63333333333335	0.0
tRNA-Leu-CAG-1-7	199	1297	147.05357142857173	0.0
tRNA-Leu-CAG-1-6	199	1297	147.05357142857173	0.0
tRNA-Leu-CAG-1-5	199	1297	147.05357142857173	0.0
tRNA-Leu-CAG-1-4	199	1297	147.05357142857173	0.0
tRNA-Leu-CAG-1-3	199	1297	147.05357142857173	0.0
tRNA-Leu-CAG-1-2	199	1297	147.05357142857173	0.0
tRNA-Leu-CAG-1-1	199	1297	147.05357142857173	0.0
tRNA-Arg-TCT-3-2	220	512	141.16666666666677	0.0
tRNA-Lys-CTT-5-1	220	737	140.16158008658024	0.0
tRNA-Cys-GCA-4-1	248	1049	139.6449164373303	0.0
tRNA-Ala-AGC-4-1	115	629	139.4808144469909	0.0
tRNA-Gln-CTG-4-2	237	1730	136.01113649422484	0.0
tRNA-Gln-CTG-4-1	237	1730	136.01113649422484	0.0
tRNA-Cys-GCA-2-3	251	1018	133.94161418402803	0.0
tRNA-Cys-GCA-2-4	251	1018	133.94161418402803	0.0
tRNA-Cys-GCA-2-1	251	1018	133.94161418402803	0.0
tRNA-Cys-GCA-2-2	251	1018	133.94161418402803	0.0
tRNA-Gln-CTG-3-1	227	1721	132.8305809386693	0.0
tRNA-Gln-CTG-3-2	227	1721	132.8305809386693	0.0
tRNA-Ile-TAT-1-1	46	391	127.63333333333335	0.0
tRNA-Arg-ACG-2-3	143	869	127.50000000000007	0.0
tRNA-Arg-ACG-2-2	143	869	127.50000000000007	0.0
tRNA-Arg-ACG-2-4	143	869	127.50000000000007	0.0
tRNA-Arg-ACG-2-1	143	869	127.50000000000007	0.0
tRNA-Arg-ACG-1-3	135	855	125.58333333333341	0.0
tRNA-Arg-ACG-1-1	135	855	125.58333333333341	0.0
tRNA-Arg-ACG-1-2	135	855	125.58333333333341	0.0
tRNA-Lys-TTT-8-1	238	1272	125.18513986013987	0.0
tRNA-Ile-TAT-3-1	35	374	122.13333333333334	0.0
tRNA-Asn-GTT-2-1	298	1232	121.01120453147303	0.0
tRNA-Asn-GTT-2-2	298	1232	121.01120453147303	0.0
tRNA-Asn-GTT-2-3	298	1232	121.01120453147303	0.0
tRNA-Asn-GTT-2-4	298	1232	121.01120453147303	0.0
tRNA-Asn-GTT-2-5	298	1232	121.01120453147303	0.0
tRNA-Asn-GTT-2-6	298	1232	121.01120453147303	0.0
tRNA-Asn-GTT-1-1	268	1195	117.98342675369521	0.0
tRNA-Tyr-GTA-5-1	160	575	116.54755522255526	0.0
tRNA-Cys-GCA-5-1	115	263	113.57511809841426	0.0
tRNA-Tyr-GTA-2-1	161	546	111.5931901431902	0.0
tRNA-Cys-GCA-chr5-2	176	808	111.35861255602646	0.0
tRNA-Asn-GTT-6-1	202	1109	110.77366767219696	0.0
tRNA-Ser-GCT-5-1	238	671	109.47731829573922	0.0
tRNA-Asn-GTT-3-1	214	1094	108.94256655180554	0.0
tRNA-Asn-GTT-3-2	214	1094	108.94256655180554	0.0
tRNA-Gln-CTG-7-1	115	1418	107.16763000071822	0.0
tRNA-Tyr-GTA-5-5	150	566	107.04755522255526	0.0
tRNA-Tyr-GTA-5-4	151	566	106.54755522255526	0.0
tRNA-Gln-CTG-chr19-4	101	1395	104.43930277239103	0.0
tRNA-Ser-GCT-4-3	257	700	103.68446115288215	0.0
tRNA-Ser-GCT-4-2	257	700	103.68446115288215	0.0
tRNA-Ser-GCT-4-1	257	700	103.68446115288215	0.0
tRNA-Lys-CTT-chr15-5	131	411	99.38333333333335	0.0
tRNA-Thr-CGT-1-1	142	520	98.57692307692311	0.0
tRNA-Thr-TGT-6-1	119	257	98.49999999999996	0.0
tRNA-Lys-TTT-14-1	162	1029	97.5485902985904	0.0
tRNA-Gly-TCC-4-1	115	368	96.18055555555561	0.0
tRNA-Leu-TAG-1-1	170	395	95.63383838383844	0.0
tRNA-Thr-CGT-3-1	119	409	94.83525641025639	0.0
tRNA-Ser-GCT-2-1	225	606	94.20112781954879	0.0
tRNA-Ala-AGC-6-1	51	105	93.57142857142856	0.0
tRNA-Arg-TCT-5-1	165	418	91.00000000000001	0.0
tRNA-Thr-CGT-6-1	33	873	90.89999999999996	0.0
tRNA-Tyr-GTA-8-1	82	246	89.68842823842824	0.0
tRNA-Ser-GCT-1-1	222	596	84.2011278195488	0.0
tRNA-Tyr-GTA-5-2	135	541	83.3808885558886	0.0
tRNA-Cys-GCA-1-1	177	642	82.54565736307124	0.0
tRNA-Tyr-GTA-5-3	134	540	81.54755522255527	0.0
tRNA-Asp-GTC-5-1	191	714	80.2626373626373	0.0
tRNA-Leu-TAG-2-1	132	236	79.58701298701298	0.0
tRNA-Thr-AGT-1-1	173	529	72.62970085470086	0.0
tRNA-Thr-AGT-1-3	173	529	72.62970085470086	0.0
tRNA-Thr-AGT-1-2	173	529	72.62970085470086	0.0
tRNA-Thr-CGT-2-1	35	81	72.5	0.0
tRNA-Ser-TGA-2-1	135	597	72.42017543859657	0.0
tRNA-Leu-TAA-3-1	69	162	72.12619047619049	0.0
tRNA-Gly-CCC-7-1	82	196	70.72222222222226	0.0
tRNA-Lys-TTT-9-1	24	81	67.77100677100675	0.0
tRNA-Ser-AGA-1-1	147	616	66.94795321637434	0.0
tRNA-Leu-AAG-2-1	203	549	66.19256854256862	0.0
tRNA-Leu-AAG-2-3	203	549	66.19256854256862	0.0
tRNA-Leu-AAG-2-2	203	549	66.19256854256862	0.0
tRNA-Leu-AAG-2-4	203	549	66.19256854256862	0.0
tRNA-SeC-TCA-1-1	35	72	66.0	0.0
tRNA-Val-CAC-6-1	192	712	65.56583906289796	0.0
tRNA-Trp-CCA-2-1	41	72	65.33333333333333	0.0
tRNA-Lys-CTT-chr7-30	164	496	65.0742174492175	0.0
tRNA-Ser-TGA-4-1	108	496	64.95653907496016	0.0
tRNA-Arg-CCG-1-3	114	238	63.654365079365085	0.0
tRNA-Arg-CCG-1-2	114	238	63.654365079365085	0.0
tRNA-Arg-CCG-1-1	114	238	63.654365079365085	0.0
tRNA-Ile-AAT-8-1	126	595	62.94435425685427	0.0
tRNA-Tyr-GTA-3-1	90	204	61.68842823842826	0.0
tRNA-Leu-AAG-3-1	191	507	60.94256854256863	0.0
tRNA-Lys-CTT-16-1	85	290	59.32424242424242	0.0
tRNA-Ser-AGA-3-1	121	571	58.65855927698036	0.0
tRNA-Glu-TTC-6-1	74	306	58.021428571428565	0.0
tRNA-Leu-AAG-1-3	171	472	56.944949494949576	0.0
tRNA-Leu-AAG-1-1	171	472	56.944949494949576	0.0
tRNA-Leu-AAG-1-2	171	472	56.944949494949576	0.0
tRNA-Ile-AAT-2-1	158	654	56.107810245310276	0.0
tRNA-Trp-CCA-4-1	57	192	54.100000000000016	0.0
tRNA-Ser-AGA-4-1	100	493	54.05101010101017	0.0
tRNA-Lys-TTT-11-1	103	396	53.82244144744149	0.0
tRNA-Ile-AAT-5-5	162	660	53.23003246753247	0.0
tRNA-Ile-AAT-5-4	162	660	53.23003246753247	0.0
tRNA-Ile-AAT-5-3	162	660	53.23003246753247	0.0
tRNA-Ile-AAT-5-2	162	660	53.23003246753247	0.0
tRNA-Ile-AAT-5-1	162	660	53.23003246753247	0.0
tRNA-Und-NNN-3-1	71	306	52.624358974358984	0.0
tRNA-Ile-AAT-4-1	141	623	52.20477994227995	0.0
tRNA-Asp-GTC-3-1	215	548	51.788278388278485	0.0
tRNA-Ile-AAT-3-1	123	586	51.10959595959597	0.0
tRNA-Ala-TGC-5-1	114	453	50.37964062081716	0.0
tRNA-Lys-CTT-10-1	126	306	50.122828641946334	0.0
tRNA-Ala-CGC-4-1	123	447	49.843854185030686	0.0
tRNA-Ser-AGA-2-6	139	561	49.698025366446494	0.0
tRNA-Ser-AGA-2-1	139	561	49.698025366446494	0.0
tRNA-Ser-AGA-2-3	139	561	49.698025366446494	0.0
tRNA-Ser-AGA-2-2	139	561	49.698025366446494	0.0
tRNA-Ser-AGA-2-5	139	561	49.698025366446494	0.0
tRNA-Ser-AGA-2-4	139	561	49.698025366446494	0.0
tRNA-Ala-AGC-5-1	132	463	49.681949423125936	0.0
tRNA-Ile-AAT-7-2	122	604	47.66102092352092	0.0
tRNA-Ile-AAT-7-1	122	604	47.66102092352092	0.0
tRNA-Ser-TGA-3-1	119	525	47.50358092200206	0.0
tRNA-Ala-TGC-7-1	110	449	46.37964062081716	0.0
tRNA-Lys-TTT-15-1	18	78	45.91666666666667	0.0
tRNA-Ala-AGC-7-1	130	458	45.68194942312594	0.0
tRNA-Trp-CCA-1-1	41	165	45.53333333333333	0.0
tRNA-Val-AAC-6-1	84	374	44.14208014208017	0.0
tRNA-Ser-ACT-1-1	72	114	43.61628787878789	0.0
tRNA-Cys-GCA-9-4	208	530	43.251232262028445	0.0
tRNA-Cys-GCA-9-2	208	530	43.251232262028445	0.0
tRNA-Cys-GCA-9-3	208	530	43.251232262028445	0.0
tRNA-Cys-GCA-9-1	208	530	43.251232262028445	0.0
tRNA-Ala-AGC-11-1	44	76	41.80555555555555	0.0
tRNA-Tyr-GTA-4-1	72	207	41.68088855588856	0.0
tRNA-Cys-ACA-1-1	61	233	41.298214285714295	0.0
tRNA-Cys-GCA-10-1	205	505	41.16789892869512	0.0
tRNA-Thr-AGT-5-1	102	332	40.12970085470087	0.0
tRNA-Trp-CCA-3-2	54	191	40.03333333333334	0.0
tRNA-Trp-CCA-3-1	54	191	40.03333333333334	0.0
tRNA-Trp-CCA-3-3	54	191	40.03333333333334	0.0
tRNA-Thr-AGT-2-2	97	322	39.62970085470088	0.0
tRNA-Thr-AGT-2-1	97	322	39.62970085470088	0.0
tRNA-Arg-TCG-3-1	95	174	39.43769841269841	0.0
tRNA-Ser-TGA-1-1	37	52	39.158008658008654	0.0
tRNA-Phe-GAA-1-6	182	309	38.70277777777785	0.0
tRNA-Phe-GAA-1-1	182	309	38.70277777777785	0.0
tRNA-Phe-GAA-1-2	182	309	38.70277777777785	0.0
tRNA-Phe-GAA-1-3	182	309	38.70277777777785	0.0
tRNA-Phe-GAA-1-4	182	309	38.70277777777785	0.0
tRNA-Phe-GAA-1-5	182	309	38.70277777777785	0.0
tRNA-Tyr-GTA-6-1	70	206	38.60945998445999	0.0
tRNA-Phe-GAA-3-1	112	180	38.46666666666671	0.0
tRNA-Cys-GCA-8-1	212	495	37.373687584483804	0.0
nmt-tRNA-Val-TAC-1-1	9	37	37.0	0.0
tRNA-Thr-AGT-6-1	89	312	35.87970085470088	0.0
tRNA-Phe-GAA-2-1	143	248	34.32182539682543	0.0
tRNA-Cys-GCA-17-1	168	392	33.47766693846311	0.0
tRNA-Leu-TAA-2-1	50	124	33.45952380952381	0.0
tRNA-Ile-TAT-2-2	43	80	32.3	0.0
tRNA-Cys-GCA-13-1	178	393	32.13961610041228	0.0
tRNA-Leu-TAA-4-1	47	120	31.066666666666666	0.0
tRNA-Cys-GCA-14-1	165	393	30.662439203235373	0.0
tRNA-Arg-TCG-1-1	51	75	30.20555555555556	0.0
tRNA-Cys-GCA-15-1	168	401	30.027564818360993	0.0
tRNA-Cys-GCA-19-1	158	391	29.586325852984093	0.0
tRNA-Ser-GCT-6-1	133	218	29.563032581453623	0.0
tRNA-Leu-AAG-4-1	64	129	28.958730158730145	0.0
tRNA-Cys-GCA-7-1	84	269	28.92256656498036	0.0
tRNA-Ile-GAT-1-1	40	338	28.677976190476194	0.0
tRNA-Ile-GAT-1-3	40	338	28.677976190476194	0.0
tRNA-Ile-GAT-1-2	40	338	28.677976190476194	0.0
tRNA-Ala-TGC-8-1	71	358	28.642080142080133	0.0
tRNA-Thr-AGT-4-1	74	267	27.004700854700843	0.0
tRNA-Ile-AAT-1-1	113	281	26.882882395382385	0.0
tRNA-Ser-CGA-4-1	19	36	26.226190476190474	0.0
tRNA-Glu-CTC-3-1	45	136	25.796969696969693	0.0
tRNA-Thr-CGT-chr1-118	56	176	25.50000000000001	0.0
tRNA-Ala-AGC-8-1	40	67	24.80555555555556	0.0
tRNA-Ala-AGC-8-2	40	67	24.80555555555556	0.0
tRNA-Cys-GCA-22-1	135	290	23.088528299324448	0.0
tRNA-Cys-GCA-20-1	135	290	23.088528299324448	0.0
tRNA-Tyr-GTA-7-1	52	167	22.654914529914528	0.0
tRNA-Lys-CTT-8-1	60	175	22.603968253968254	0.0
tRNA-Cys-GCA-18-1	86	230	21.713148123944276	0.0
tRNA-Sup-TTA-1-1	43	90	20.288131313131306	0.0
tRNA-Cys-GCA-chr11-21	122	273	19.625587166383315	0.0
tRNA-Arg-TCG-5-1	45	74	18.404365079365082	0.0
tRNA-Ile-TAT-2-3	37	66	18.299999999999994	0.0
tRNA-Arg-TCG-2-1	45	71	17.404365079365082	0.0
tRNA-Phe-GAA-5-1	95	151	16.869841269841267	0.0
tRNA-Val-TAC-4-1	40	144	16.417483660130713	0.0
tRNA-Asn-GTT-4-1	105	146	16.097004842273382	0.0
tRNA-Lys-CTT-14-1	47	152	15.343939393939397	0.0
tRNA-Gly-GCC-6-1	23	48	15.164285714285716	0.0
tRNA-Lys-CTT-chr16-1	56	165	14.809090909090912	0.0
tRNA-Arg-TCG-4-1	43	70	14.404365079365082	0.0
tRNA-Cys-GCA-3-1	47	129	14.29456284456284	0.0
tRNA-Ala-AGC-15-1	14	41	14.138888888888888	0.0
tRNA-Asp-ATC-chr6-103	23	85	13.31547619047619	0.0
tRNA-Asn-GTT-7-1	37	57	12.977159605100779	0.0
tRNA-Ile-AAT-6-1	56	99	12.937463924963923	0.0
tRNA-Phe-GAA-6-1	77	123	12.797222222222208	0.0
tRNA-Lys-CTT-12-1	49	151	12.538888888888888	0.0
tRNA-Lys-CTT-9-1	16	35	12.25	0.0
tRNA-Lys-TTT-13-1	14	41	11.884692513368984	0.0
tRNA-Asn-GTT-8-1	20	33	11.875776397515528	0.0
tRNA-Phe-GAA-10-1	12	26	11.870670995670997	0.0
tRNA-Tyr-GTA-chr9-10	28	53	11.4	0.0
tRNA-Pro-AGG-3-1	45	234	11.194611528822051	0.0
tRNA-Asn-GTT-10-1	19	32	10.875776397515528	0.0
tRNA-Cys-GCA-21-1	56	112	10.508347450761239	0.0
tRNA-Cys-GCA-23-1	56	112	10.508347450761239	0.0
tRNA-Tyr-GTA-chr10-3	27	52	10.4	0.0
tRNA-Cys-GCA-11-1	60	133	10.025344342758132	0.0
tRNA-Phe-GAA-4-1	26	57	10.016666666666664	0.0
tRNA-Ser-CGA-3-1	8	11	9.833333333333334	0.0
tRNA-Glu-TTC-5-1	4	10	9.125	0.0
tRNA-Cys-GCA-25-1	44	100	9.068319088319088	0.0
tRNA-Glu-CTC-5-1	8	12	8.722222222222221	0.0
tRNA-Asn-GTT-9-2	73	123	8.709067779336317	0.0
tRNA-Asn-GTT-9-1	73	123	8.709067779336317	0.0
tRNA-Asn-GTT-5-1	88	110	8.125734446002982	0.0
tRNA-Leu-AAG-6-1	6	9	8.1	0.0
tRNA-Und-NNN-4-1	24	55	7.888888888888885	0.0
tRNA-Ser-CGA-1-1	21	29	7.475180375180375	0.0
tRNA-Glu-TTC-7-1	17	46	7.3969696969696965	0.0
tRNA-Asp-GTC-4-1	32	89	7.1637362637362605	0.0
tRNA-Cys-GCA-24-1	44	99	7.152801846939779	0.0
tRNA-Thr-CGT-5-1	5	7	7.0	0.0
tRNA-SeC-TCA-2-1	12	13	7.0	0.0
tRNA-Met-CAT-7-1	5	7	7.0	0.0
tRNA-Ser-CGA-2-1	13	21	6.241341991341991	0.0
tRNA-Gln-CTG-12-1	14	21	6.1464438339438345	0.0
tRNA-Lys-TTT-10-1	15	56	5.878205128205128	0.0
tRNA-Cys-GCA-16-1	19	58	5.66941391941392	0.0
tRNA-Glu-TTC-11-1	8	13	5.125	0.0
tRNA-Ala-AGC-20-1	4	10	5.0	0.0
tRNA-Trp-CCA-5-1	11	18	4.933333333333334	0.0
tRNA-Arg-TCG-6-1	15	29	4.555555555555556	0.0
tRNA-Gln-CTG-8-2	11	12	4.519140989729224	0.0
tRNA-Gln-CTG-8-1	11	12	4.519140989729224	0.0
tRNA-Phe-GAA-8-1	6	7	4.311111111111111	0.0
tRNA-Lys-TTT-chr3-2	6	6	4.174242424242424	0.0
tRNA-Leu-CAG-chr9-3	10	13	4.078113553113553	0.0
nmt-tRNA-Gln-TTG-9-1	5	6	4.0	0.0
tRNA-Ala-AGC-19-1	4	4	4.0	0.0
tRNA-Cys-GCA-12-1	25	50	3.8682403465364925	0.0
tRNA-Tyr-GTA-9-1	11	13	3.863247863247864	0.0
tRNA-Leu-CAA-6-1	11	11	3.591666666666667	0.0
tRNA-Asn-GTT-12-1	11	17	3.3757763975155286	0.0
tRNA-Ala-CGC-5-1	9	11	3.3484848484848486	0.0
nmt-tRNA-Leu-TAA-1-1	3	3	3.0	0.0
tRNA-Val-TAC-chr2-6	2	3	3.0	0.0
tRNA-Arg-TCT-4-1	3	4	3.0	0.0
tRNA-Val-CAC-11-1	6	6	3.0	0.0
tRNA-Val-CAC-11-2	6	6	3.0	0.0
tRNA-Asn-GTT-16-1	32	48	2.7242824666098326	0.0
tRNA-Asn-GTT-16-2	32	48	2.7242824666098326	0.0
tRNA-Asn-GTT-16-3	32	48	2.7242824666098326	0.0
tRNA-Asn-GTT-16-4	32	48	2.7242824666098326	0.0
tRNA-Asn-GTT-16-5	32	48	2.7242824666098326	0.0
tRNA-Gln-CTG-9-1	5	29	2.3625000000000003	0.0
tRNA-Ser-AGA-5-1	5	28	2.356060606060606	0.0
tRNA-Leu-AAG-5-1	3	11	2.25	0.0
tRNA-Ile-AAT-9-1	10	13	2.0683982683982682	0.0
nmt-tRNA-Gln-TTG-7-1	3	4	2.0	0.0
tRNA-Phe-GAA-11-1	1	2	2.0	0.0
tRNA-Ser-AGA-chr11-8	2	2	2.0	0.0
tRNA-Tyr-GTA-chr7-6	6	7	1.8333333333333333	0.0
tRNA-Tyr-GTA-chr7-1	6	7	1.8333333333333333	0.0
tRNA-Val-CAC-10-1	5	7	1.7666666666666666	0.0
tRNA-Asn-GTT-13-1	19	23	1.5269931049342813	0.0
tRNA-Asn-GTT-18-1	19	23	1.5269931049342813	0.0
tRNA-Leu-CAA-5-1	2	2	1.5	0.0
tRNA-Ala-AGC-9-1	7	8	1.3333333333333333	0.0
tRNA-Ala-AGC-9-2	7	8	1.3333333333333333	0.0
tRNA-Asn-GTT-21-1	16	20	1.3042366946778712	0.0
tRNA-Asn-GTT-15-1	12	16	1.2661456190867955	0.0
tRNA-Lys-CTT-13-1	5	5	1.1777777777777776	0.0
tRNA-Ile-GAT-chrX-5	3	4	1.1428571428571428	0.0
tRNA-Ile-GAT-chrX-7	3	4	1.1428571428571428	0.0
tRNA-Cys-GCA-chrX-3	1	1	1.0	0.0
tRNA-Leu-TAA-5-1	1	1	1.0	0.0
tRNA-Undet-NNN-chr2-20	4	4	1.0	0.0
tRNA-Asp-GTC-6-1	1	1	1.0	0.0
tRNA-Val-CAC-9-1	1	1	1.0	0.0
tRNA-Undet-NNN-chr2-8	4	4	1.0	0.0
nmt-tRNA-Tyr-GTA-chr4-1	2	3	0.8333333333333333	0.0
tRNA-Val-TAC-chr17-24	2	2	0.7	0.0
tRNA-Ala-AGC-22-1	4	4	0.6666666666666666	0.0
tRNA-Asn-GTT-17-1	2	2	0.5833333333333334	0.0
tRNA-Asn-ATT-1-2	7	12	0.5543478260869565	0.0
tRNA-Asn-ATT-1-1	7	12	0.5543478260869565	0.0
tRNA-Leu-CAG-chr9-7	8	8	0.525	0.0
tRNA-Thr-AGT-7-1	3	3	0.5102564102564102	0.0
tRNA-SeC-TCA-3-1	2	4	0.5	0.0
tRNA-Leu-CAA-chr14-11	1	1	0.5	0.0
tRNA-Tyr-GTA-chr2-12	1	2	0.5	0.0
tRNA-Tyr-GTA-chr9-4	2	2	0.5	0.0
tRNA-Sup-CTA-chr5-1	1	1	0.5	0.0
tRNA-Gln-CTG-10-1	3	3	0.44771241830065356	0.0
tRNA-Ile-AAT-10-1	4	4	0.33658008658008653	0.0
tRNA-Ala-AGC-12-3	1	2	0.2222222222222222	0.0
tRNA-Ala-AGC-12-1	1	2	0.2222222222222222	0.0
tRNA-Ala-AGC-12-2	1	2	0.2222222222222222	0.0
tRNA-Ala-AGC-14-1	1	2	0.2222222222222222	0.0
tRNA-Ala-AGC-16-1	1	2	0.2222222222222222	0.0
tRNA-Tyr-GTA-11-1	2	2	0.2111111111111111	0.0
tRNA-Asn-GTT-11-2	2	2	0.15384615384615385	0.0
tRNA-Asn-GTT-11-1	2	2	0.15384615384615385	0.0
tRNA-Asn-GTT-14-1	2	2	0.15384615384615385	0.0
tRNA-Gln-TTG-6-1	1	1	0.125	0.0
tRNA-Asn-GTT-22-1	1	1	0.08333333333333333	0.0
tRNA-Asn-GTT-19-1	1	1	0.0625	0.0
tRNA-Gln-CTG-11-1	1	1	0.05555555555555555	0.0
