ReferenceID	uniqueReadCount	totalReadCount	multimapAdjustedReadCount	multimapAdjustedBarcodeCount
tRNA-Gly-GCC-1-5	4048	114017	18941.125662185917	0.0
tRNA-Gly-GCC-1-3	4048	114017	18941.125662185917	0.0
tRNA-Gly-GCC-1-4	4048	114017	18941.125662185917	0.0
tRNA-Gly-GCC-1-1	4048	114017	18941.125662185917	0.0
tRNA-Gly-GCC-1-2	4048	114017	18941.125662185917	0.0
tRNA-Gly-CCC-1-2	3523	106111	13795.482072442612	0.0
tRNA-Gly-CCC-1-1	3523	106111	13795.482072442612	0.0
tRNA-Gly-GCC-2-1	4514	135017	13171.234950120626	0.0
tRNA-Gly-GCC-2-5	4514	135017	13171.234950120626	0.0
tRNA-Gly-GCC-2-4	4514	135017	13171.234950120626	0.0
tRNA-Gly-GCC-2-3	4514	135017	13171.234950120626	0.0
tRNA-Gly-GCC-2-2	4514	135017	13171.234950120626	0.0
tRNA-Gly-GCC-2-6	4514	135017	13171.234950120626	0.0
tRNA-Gly-GCC-3-1	4471	134927	13158.739612125295	0.0
tRNA-Gly-GCC-5-1	3977	127739	12611.306336439759	0.0
tRNA-Glu-CTC-1-7	2621	49446	6124.432190032187	0.0
tRNA-Glu-CTC-1-6	2621	49446	6124.432190032187	0.0
tRNA-Glu-CTC-1-5	2621	49446	6124.432190032187	0.0
tRNA-Glu-CTC-1-4	2621	49446	6124.432190032187	0.0
tRNA-Glu-CTC-1-3	2621	49446	6124.432190032187	0.0
tRNA-Glu-CTC-1-2	2621	49446	6124.432190032187	0.0
tRNA-Glu-CTC-1-1	2621	49446	6124.432190032187	0.0
tRNA-Glu-CTC-2-1	2340	47600	5920.44560994561	0.0
tRNA-Lys-CTT-2-1	2306	32816	5402.819703832682	0.0
tRNA-Lys-CTT-2-3	2306	32816	5402.819703832682	0.0
tRNA-Lys-CTT-2-2	2306	32816	5402.819703832682	0.0
tRNA-Lys-CTT-2-5	2306	32816	5402.819703832682	0.0
tRNA-Lys-CTT-2-4	2306	32816	5402.819703832682	0.0
tRNA-Lys-TTT-3-4	2345	27307	4203.762515187981	0.0
tRNA-Lys-TTT-3-5	2345	27307	4203.762515187981	0.0
tRNA-Lys-TTT-3-2	2345	27307	4203.762515187981	0.0
tRNA-Lys-TTT-3-3	2345	27307	4203.762515187981	0.0
tRNA-Lys-TTT-3-1	2345	27307	4203.762515187981	0.0
tRNA-Lys-TTT-5-1	2112	26539	4118.664596440071	0.0
tRNA-Glu-TTC-2-2	875	8204	3756.5269230769227	0.0
tRNA-Glu-TTC-2-1	875	8204	3756.5269230769227	0.0
tRNA-His-GTG-1-4	2064	33919	3748.477777777871	0.0
tRNA-His-GTG-1-5	2064	33919	3748.477777777871	0.0
tRNA-His-GTG-1-2	2064	33919	3748.477777777871	0.0
tRNA-His-GTG-1-3	2064	33919	3748.477777777871	0.0
tRNA-His-GTG-1-1	2064	33919	3748.477777777871	0.0
tRNA-His-GTG-1-9	2064	33919	3748.477777777871	0.0
tRNA-His-GTG-1-8	2064	33919	3748.477777777871	0.0
tRNA-His-GTG-1-7	2064	33919	3748.477777777871	0.0
tRNA-His-GTG-1-6	2064	33919	3748.477777777871	0.0
tRNA-Val-CAC-2-1	605	3823	3383.8502695017387	0.0
tRNA-Lys-CTT-4-1	1376	12990	3361.2612951662018	0.0
tRNA-Lys-CTT-1-1	1394	13170	3332.2243404542455	0.0
tRNA-Lys-CTT-1-2	1394	13170	3332.2243404542455	0.0
tRNA-Lys-CTT-3-1	1259	19892	3095.2408979163765	0.0
tRNA-Gly-CCC-6-1	1189	18002	2061.270554385419	0.0
tRNA-Val-AAC-2-1	349	2089	1889.827261545644	0.0
tRNA-Val-CAC-8-1	1180	17467	1717.8161175082287	0.0
tRNA-Val-TAC-1-1	481	3283	1455.8377192982462	0.0
tRNA-Val-TAC-1-2	481	3283	1455.8377192982462	0.0
tRNA-Lys-TTT-4-1	1127	9602	1397.598283586255	0.0
tRNA-Glu-TTC-9-1	1017	16102	1274.163829926522	0.0
tRNA-Gly-CCC-2-2	451	2247	1123.5	0.0
tRNA-Gly-CCC-2-1	451	2247	1123.5	0.0
tRNA-Glu-TTC-4-1	839	5529	928.5239177489185	0.0
tRNA-Glu-TTC-4-2	839	5529	928.5239177489185	0.0
tRNA-Arg-CCT-1-1	269	3927	886.4000000000029	0.0
tRNA-Arg-CCT-2-1	269	3927	886.4000000000029	0.0
tRNA-Glu-TTC-1-2	520	2461	885.0269230769231	0.0
tRNA-Glu-TTC-1-1	520	2461	885.0269230769231	0.0
tRNA-Arg-CCT-4-1	309	3876	871.4000000000029	0.0
tRNA-Gln-CTG-5-1	594	3559	865.4973137973101	0.0
tRNA-Arg-CCT-3-1	300	3861	856.9000000000029	0.0
tRNA-Val-CAC-1-5	997	10319	737.0191369002565	0.0
tRNA-Val-CAC-1-4	997	10319	737.0191369002565	0.0
tRNA-Val-CAC-1-6	997	10319	737.0191369002565	0.0
tRNA-Val-CAC-1-1	997	10319	737.0191369002565	0.0
tRNA-Val-CAC-1-3	997	10319	737.0191369002565	0.0
tRNA-Val-CAC-1-2	997	10319	737.0191369002565	0.0
tRNA-Val-CAC-4-1	978	10277	733.9422138233335	0.0
tRNA-Glu-TTC-3-1	543	3657	727.1178571428595	0.0
tRNA-Val-CAC-5-1	925	10135	721.5171750549117	0.0
tRNA-Arg-CCT-5-1	203	3588	718.0000000000024	0.0
tRNA-Glu-TTC-8-1	499	3591	710.5178571428596	0.0
tRNA-Val-TAC-2-1	283	1395	696.9166666666671	0.0
tRNA-Lys-CTT-7-1	738	4816	685.3264720644529	0.0
tRNA-Leu-CAA-1-2	211	1738	677.9694444444443	0.0
tRNA-Lys-TTT-6-1	700	5279	656.5212994592788	0.0
tRNA-Leu-CAA-1-1	191	1715	655.9694444444445	0.0
tRNA-Lys-CTT-11-1	696	4760	650.5430665810471	0.0
tRNA-Val-AAC-3-1	774	9084	637.5614131697363	0.0
tRNA-Val-AAC-1-1	794	9142	594.267910349026	0.0
tRNA-Val-AAC-1-2	794	9142	594.267910349026	0.0
tRNA-Val-AAC-1-3	794	9142	594.267910349026	0.0
tRNA-Val-AAC-1-4	794	9142	594.267910349026	0.0
tRNA-Val-AAC-1-5	794	9142	594.267910349026	0.0
tRNA-Val-AAC-4-1	765	9067	589.4705040788256	0.0
tRNA-Gln-TTG-2-1	474	2655	563.4592796092794	0.0
tRNA-Gln-CTG-2-1	775	4130	556.6217227217234	0.0
tRNA-Gln-CTG-1-4	791	4180	499.94077034077276	0.0
tRNA-Gln-CTG-1-3	791	4180	499.94077034077276	0.0
tRNA-Gln-CTG-1-5	791	4180	499.94077034077276	0.0
tRNA-Gln-CTG-1-1	791	4180	499.94077034077276	0.0
tRNA-Gln-CTG-1-2	791	4180	499.94077034077276	0.0
tRNA-Gln-TTG-1-1	461	2552	463.1854700854686	0.0
tRNA-Lys-CTT-6-1	467	1949	454.5752423301335	0.0
tRNA-Tyr-GTA-chr1-127	353	1331	439.8833333333323	0.0
tRNA-Tyr-GTA-chr21-2	353	1331	439.8833333333323	0.0
tRNA-Ala-CGC-2-1	154	2390	439.301587301587	0.0
tRNA-Ala-TGC-3-2	158	2399	439.28968253968225	0.0
tRNA-Ala-TGC-3-1	158	2399	439.28968253968225	0.0
tRNA-Ala-TGC-2-1	145	2384	438.67301587301563	0.0
tRNA-Tyr-GTA-chr14-8	348	1322	437.3833333333323	0.0
tRNA-Leu-CAA-4-1	200	962	436.1361111111108	0.0
tRNA-Ala-CGC-1-1	137	2371	435.851587301587	0.0
tRNA-Met-CAT-3-2	247	2827	413.0396825396829	0.0
tRNA-Met-CAT-3-1	247	2827	413.0396825396829	0.0
tRNA-Met-CAT-4-3	224	2799	399.3730158730162	0.0
tRNA-Met-CAT-4-1	224	2799	399.3730158730162	0.0
tRNA-Met-CAT-4-2	224	2799	399.3730158730162	0.0
tRNA-Met-CAT-2-1	224	2799	399.3730158730162	0.0
tRNA-Met-CAT-5-1	218	2787	397.5396825396829	0.0
tRNA-Ala-AGC-1-1	68	442	397.52777777777777	0.0
tRNA-Glu-TTC-10-1	319	2078	396.29264346764285	0.0
tRNA-Gln-TTG-3-1	452	2272	371.4188034188022	0.0
tRNA-Gln-TTG-3-2	452	2272	371.4188034188022	0.0
tRNA-Gln-TTG-3-3	452	2272	371.4188034188022	0.0
tRNA-Met-CAT-1-1	144	693	358.6111111111112	0.0
tRNA-Met-CAT-6-1	135	681	345.7777777777778	0.0
tRNA-Val-CAC-3-1	163	527	328.6459744503861	0.0
tRNA-Pro-AGG-1-1	586	3361	326.8264411027565	0.0
tRNA-Ala-TGC-4-1	137	939	321.93968253968245	0.0
tRNA-Gly-TCC-1-1	250	993	312.74999999999994	0.0
tRNA-Lys-TTT-2-1	274	1447	294.2446470196466	0.0
tRNA-Lys-TTT-1-1	274	1446	293.74464701964666	0.0
tRNA-Leu-TAA-1-1	122	345	286.47738095238094	0.0
tRNA-Gly-CCC-chr1-16	238	2840	264.63338113554846	0.0
tRNA-Gly-CCC-chr1-19	238	2840	264.63338113554846	0.0
tRNA-Lys-TTT-7-1	87	658	251.39126984126983	0.0
tRNA-Gly-TCC-3-1	233	927	246.75000000000003	0.0
tRNA-Ala-TGC-6-1	101	678	244.33177655677648	0.0
tRNA-Pro-TGG-2-1	316	1164	239.51357560568127	0.0
tRNA-His-GTG-2-1	299	1883	238.6999999999996	0.0
tRNA-Cys-GCA-6-1	198	771	237.75787771615347	0.0
tRNA-Pro-TGG-3-5	678	3626	232.32074549117917	0.0
tRNA-Pro-TGG-3-3	678	3626	232.32074549117917	0.0
tRNA-Pro-TGG-3-4	678	3626	232.32074549117917	0.0
tRNA-Pro-TGG-3-1	678	3626	232.32074549117917	0.0
tRNA-Pro-TGG-3-2	678	3626	232.32074549117917	0.0
tRNA-Gly-CCC-4-1	156	1706	229.11753232147973	0.0
tRNA-Gly-CCC-5-1	158	2179	228.76876943146294	0.0
tRNA-Gln-TTG-4-1	136	785	221.30054945054937	0.0
tRNA-Pro-CGG-2-1	593	3262	217.9037176274018	0.0
tRNA-Pro-CGG-1-1	631	3435	214.01598358641715	0.0
tRNA-Pro-CGG-1-2	631	3435	214.01598358641715	0.0
tRNA-Pro-CGG-1-3	631	3435	214.01598358641715	0.0
tRNA-Val-TAC-3-1	95	273	201.92105263157902	0.0
tRNA-Leu-TAG-3-1	85	234	194.6555555555556	0.0
tRNA-Thr-CGT-4-1	45	199	194.5	0.0
tRNA-Ala-AGC-2-1	118	895	186.89573759573778	0.0
tRNA-Ala-AGC-2-2	118	895	186.89573759573778	0.0
tRNA-Gly-CCC-3-1	97	1255	184.72089172437472	0.0
tRNA-Pro-AGG-2-4	603	3340	182.7937613641951	0.0
tRNA-Pro-AGG-2-3	603	3340	182.7937613641951	0.0
tRNA-Pro-AGG-2-6	603	3340	182.7937613641951	0.0
tRNA-Pro-AGG-2-5	603	3340	182.7937613641951	0.0
tRNA-Pro-AGG-2-8	603	3340	182.7937613641951	0.0
tRNA-Pro-AGG-2-7	603	3340	182.7937613641951	0.0
tRNA-Pro-AGG-2-1	603	3340	182.7937613641951	0.0
tRNA-Pro-AGG-2-2	603	3340	182.7937613641951	0.0
tRNA-Pro-TGG-1-1	177	666	178.71489753796266	0.0
tRNA-Ala-AGC-3-1	106	875	178.56240426240436	0.0
tRNA-Thr-TGT-4-1	141	629	174.08333333333331	0.0
tRNA-Thr-TGT-5-1	130	604	168.74999999999994	0.0
tRNA-iMet-CAT-1-8	234	1501	161.6500000000003	0.0
tRNA-iMet-CAT-1-7	234	1501	161.6500000000003	0.0
tRNA-iMet-CAT-1-6	234	1501	161.6500000000003	0.0
tRNA-iMet-CAT-1-5	234	1501	161.6500000000003	0.0
tRNA-iMet-CAT-1-4	234	1501	161.6500000000003	0.0
tRNA-iMet-CAT-1-3	234	1501	161.6500000000003	0.0
tRNA-iMet-CAT-1-2	234	1501	161.6500000000003	0.0
tRNA-iMet-CAT-1-1	234	1501	161.6500000000003	0.0
tRNA-iMet-CAT-2-1	222	1424	152.9000000000003	0.0
tRNA-Gly-TCC-2-6	278	1101	149.03571428571428	0.0
tRNA-Gly-TCC-2-5	278	1101	149.03571428571428	0.0
tRNA-Gly-TCC-2-4	278	1101	149.03571428571428	0.0
tRNA-Gly-TCC-2-3	278	1101	149.03571428571428	0.0
tRNA-Gly-TCC-2-2	278	1101	149.03571428571428	0.0
tRNA-Gly-TCC-2-1	278	1101	149.03571428571428	0.0
tRNA-Val-AAC-5-1	202	2218	149.03029632905793	0.0
tRNA-Ala-CGC-3-1	89	741	147.76468253968255	0.0
tRNA-Ala-AGC-4-1	109	527	147.16587301587302	0.0
tRNA-Asp-GTC-1-1	108	216	144.89835164835168	0.0
tRNA-Leu-CAG-2-2	200	1182	139.8750000000003	0.0
tRNA-Leu-CAG-2-1	200	1182	139.8750000000003	0.0
tRNA-Thr-TGT-2-1	84	528	136.58333333333331	0.0
tRNA-Thr-TGT-3-1	82	526	136.08333333333334	0.0
tRNA-Tyr-GTA-1-1	93	294	135.06821511821514	0.0
tRNA-Gly-GCC-4-1	188	1138	130.72743732875327	0.0
tRNA-Arg-CCG-2-1	82	132	129.9	0.0
tRNA-Asp-GTC-2-4	441	1496	129.4845987345991	0.0
tRNA-Asp-GTC-2-3	441	1496	129.4845987345991	0.0
tRNA-Asp-GTC-2-2	441	1496	129.4845987345991	0.0
tRNA-Asp-GTC-2-1	441	1496	129.4845987345991	0.0
tRNA-Asp-GTC-2-9	441	1496	129.4845987345991	0.0
tRNA-Asp-GTC-2-8	441	1496	129.4845987345991	0.0
tRNA-Asp-GTC-2-7	441	1496	129.4845987345991	0.0
tRNA-Asp-GTC-2-6	441	1496	129.4845987345991	0.0
tRNA-Asp-GTC-2-5	441	1496	129.4845987345991	0.0
tRNA-Asp-GTC-2-10	441	1496	129.4845987345991	0.0
tRNA-Asp-GTC-2-11	441	1496	129.4845987345991	0.0
tRNA-Arg-TCT-2-1	162	348	128.48333333333335	0.0
tRNA-Ala-TGC-1-1	87	643	126.37668997669002	0.0
tRNA-Leu-CAA-2-1	144	650	122.46944444444449	0.0
tRNA-Arg-TCT-1-1	125	247	121.40000000000008	0.0
tRNA-Thr-TGT-1-1	78	300	117.08644688644684	0.0
tRNA-Arg-TCT-3-1	176	350	112.48333333333338	0.0
tRNA-Leu-CAA-3-1	139	637	111.13611111111112	0.0
tRNA-Leu-CAG-1-7	184	974	110.16071428571459	0.0
tRNA-Leu-CAG-1-6	184	974	110.16071428571459	0.0
tRNA-Leu-CAG-1-5	184	974	110.16071428571459	0.0
tRNA-Leu-CAG-1-4	184	974	110.16071428571459	0.0
tRNA-Leu-CAG-1-3	184	974	110.16071428571459	0.0
tRNA-Leu-CAG-1-2	184	974	110.16071428571459	0.0
tRNA-Leu-CAG-1-1	184	974	110.16071428571459	0.0
tRNA-Gln-CTG-6-1	188	1033	105.09107559107572	0.0
tRNA-Cys-GCA-4-1	195	729	101.983280091556	0.0
tRNA-Cys-GCA-2-3	197	726	100.14130262457856	0.0
tRNA-Cys-GCA-2-4	197	726	100.14130262457856	0.0
tRNA-Cys-GCA-2-1	197	726	100.14130262457856	0.0
tRNA-Cys-GCA-2-2	197	726	100.14130262457856	0.0
tRNA-Val-CAC-7-1	76	1261	96.82434640522882	0.0
tRNA-Asn-GTT-2-1	218	975	96.56695157977622	0.0
tRNA-Asn-GTT-2-2	218	975	96.56695157977622	0.0
tRNA-Asn-GTT-2-3	218	975	96.56695157977622	0.0
tRNA-Asn-GTT-2-4	218	975	96.56695157977622	0.0
tRNA-Asn-GTT-2-5	218	975	96.56695157977622	0.0
tRNA-Asn-GTT-2-6	218	975	96.56695157977622	0.0
tRNA-Tyr-GTA-2-1	117	396	92.925357975358	0.0
tRNA-Asn-GTT-1-1	183	931	92.57806269088735	0.0
tRNA-Asn-GTT-3-1	171	910	92.32646194385316	0.0
tRNA-Asn-GTT-3-2	171	910	92.32646194385316	0.0
tRNA-Arg-TCT-3-2	168	334	91.48333333333339	0.0
tRNA-Thr-AGT-3-1	77	270	91.0808913308913	0.0
tRNA-Asn-GTT-6-1	146	879	88.11889368801125	0.0
tRNA-Ser-GCT-3-1	137	376	85.23544277360075	0.0
tRNA-Cys-GCA-chr5-2	137	594	84.25467980295572	0.0
tRNA-Tyr-GTA-5-1	127	405	83.45154845154846	0.0
tRNA-Arg-ACG-2-3	120	540	80.55357142857144	0.0
tRNA-Arg-ACG-2-2	120	540	80.55357142857144	0.0
tRNA-Arg-ACG-2-4	120	540	80.55357142857144	0.0
tRNA-Arg-ACG-2-1	120	540	80.55357142857144	0.0
tRNA-Lys-CTT-5-1	157	416	78.63818126318135	0.0
tRNA-Cys-GCA-5-1	69	163	78.11318637807993	0.0
tRNA-Gln-CTG-3-1	159	976	77.04339549339562	0.0
tRNA-Gln-CTG-3-2	159	976	77.04339549339562	0.0
tRNA-Gln-CTG-4-2	156	973	76.51561771561785	0.0
tRNA-Gln-CTG-4-1	156	973	76.51561771561785	0.0
tRNA-Leu-TAG-1-1	128	279	76.07626262626266	0.0
tRNA-Arg-ACG-1-3	105	513	74.30357142857146	0.0
tRNA-Arg-ACG-1-1	105	513	74.30357142857146	0.0
tRNA-Arg-ACG-1-2	105	513	74.30357142857146	0.0
tRNA-Lys-CTT-chr15-5	106	315	73.55000000000001	0.0
tRNA-Lys-TTT-8-1	163	746	70.42877400377411	0.0
tRNA-Tyr-GTA-5-5	115	390	68.45154845154843	0.0
tRNA-Tyr-GTA-3-1	66	199	63.56821511821514	0.0
tRNA-Tyr-GTA-5-4	113	384	62.451548451548426	0.0
tRNA-Ile-TAT-2-1	42	191	62.34999999999999	0.0
tRNA-Leu-TAG-2-1	92	166	60.869913419913445	0.0
tRNA-Ala-AGC-6-1	45	64	60.5	0.0
tRNA-Ser-GCT-4-3	154	396	60.30687134502934	0.0
tRNA-Ser-GCT-4-2	154	396	60.30687134502934	0.0
tRNA-Ser-GCT-4-1	154	396	60.30687134502934	0.0
tRNA-Arg-TCT-5-1	125	272	60.15000000000003	0.0
tRNA-Gln-CTG-chr19-4	64	785	59.94444444444444	0.0
tRNA-Gln-CTG-7-1	67	793	59.23076923076923	0.0
tRNA-Lys-TTT-14-1	116	633	59.22886002886006	0.0
tRNA-Ser-GCT-5-1	137	371	58.83068086883887	0.0
tRNA-Ile-TAT-1-1	34	180	58.68333333333332	0.0
tRNA-Ser-GCT-2-1	139	329	57.706871345029334	0.0
tRNA-Cys-GCA-1-1	140	411	56.68539186866777	0.0
tRNA-Thr-CGT-6-1	16	557	55.7	0.0
tRNA-Tyr-GTA-5-3	107	377	55.451548451548454	0.0
tRNA-Tyr-GTA-5-2	107	377	55.451548451548454	0.0
tRNA-Thr-CGT-3-1	67	226	54.415811965811955	0.0
tRNA-Ile-TAT-3-1	27	167	53.93333333333332	0.0
tRNA-Arg-CCG-1-3	80	195	50.60714285714286	0.0
tRNA-Arg-CCG-1-2	80	195	50.60714285714286	0.0
tRNA-Arg-CCG-1-1	80	195	50.60714285714286	0.0
tRNA-Tyr-GTA-8-1	56	133	48.90154845154846	0.0
tRNA-Trp-CCA-2-1	32	50	48.30952380952381	0.0
tRNA-Thr-CGT-1-1	72	255	47.88644688644687	0.0
tRNA-SeC-TCA-1-1	20	48	45.0	0.0
tRNA-Ser-GCT-1-1	131	316	44.70687134502929	0.0
tRNA-Ser-TGA-2-1	105	377	44.6924774056353	0.0
tRNA-Arg-TCG-3-1	78	191	43.87380952380953	0.0
tRNA-Arg-TCG-1-1	48	84	43.51666666666666	0.0
tRNA-Ala-TGC-5-1	77	367	42.47668997669	0.0
tRNA-Ser-AGA-1-1	113	383	41.942477405635294	0.0
tRNA-Asp-GTC-5-1	145	447	41.663003663003686	0.0
tRNA-Thr-TGT-6-1	60	104	41.500000000000014	0.0
tRNA-Leu-AAG-2-1	136	341	41.11435786435787	0.0
tRNA-Leu-AAG-2-3	136	341	41.11435786435787	0.0
tRNA-Leu-AAG-2-2	136	341	41.11435786435787	0.0
tRNA-Leu-AAG-2-4	136	341	41.11435786435787	0.0
tRNA-Lys-CTT-chr7-30	129	294	40.50841935841937	0.0
tRNA-Leu-TAA-3-1	52	96	39.14404761904761	0.0
tRNA-Ala-AGC-5-1	81	390	38.86240426240431	0.0
tRNA-Lys-CTT-16-1	60	182	38.718686868686866	0.0
tRNA-Ser-TGA-4-1	86	320	38.66520467836258	0.0
tRNA-Thr-AGT-1-1	96	270	38.419780219780215	0.0
tRNA-Thr-AGT-1-3	96	270	38.419780219780215	0.0
tRNA-Thr-AGT-1-2	96	270	38.419780219780215	0.0
tRNA-Gly-CCC-7-1	49	121	38.33247863247864	0.0
tRNA-Trp-CCA-4-1	38	130	37.909523809523805	0.0
tRNA-Leu-AAG-3-1	128	315	37.858802308802304	0.0
tRNA-Ala-AGC-7-1	83	388	37.69573759573766	0.0
tRNA-Ser-AGA-3-1	93	354	37.63490164805954	0.0
tRNA-Val-CAC-6-1	127	388	36.19879891350482	0.0
tRNA-Ala-CGC-4-1	78	383	36.195737595737654	0.0
tRNA-Ser-TGA-1-1	31	47	35.89404761904761	0.0
tRNA-Val-AAC-6-1	58	338	35.65526140526141	0.0
tRNA-Ile-AAT-8-1	91	302	35.55353535353535	0.0
tRNA-Und-NNN-3-1	47	200	34.958943833943835	0.0
tRNA-Ser-AGA-4-1	72	312	34.818939393939395	0.0
tRNA-Ala-TGC-7-1	70	359	34.47668997668999	0.0
tRNA-Lys-TTT-11-1	57	236	34.34200244200244	0.0
tRNA-Leu-AAG-1-3	117	280	33.787373737373734	0.0
tRNA-Leu-AAG-1-1	117	280	33.787373737373734	0.0
tRNA-Leu-AAG-1-2	117	280	33.787373737373734	0.0
tRNA-Glu-TTC-6-1	52	157	33.534523809523805	0.0
tRNA-Gly-TCC-4-1	63	144	32.28571428571428	0.0
tRNA-Ser-ACT-1-1	44	58	31.58181818181818	0.0
tRNA-Tyr-GTA-6-1	59	184	30.594405594405593	0.0
tRNA-Ser-AGA-2-6	99	345	29.936525024682908	0.0
tRNA-Ser-AGA-2-1	99	345	29.936525024682908	0.0
tRNA-Ser-AGA-2-3	99	345	29.936525024682908	0.0
tRNA-Ser-AGA-2-2	99	345	29.936525024682908	0.0
tRNA-Ser-AGA-2-5	99	345	29.936525024682908	0.0
tRNA-Ser-AGA-2-4	99	345	29.936525024682908	0.0
tRNA-Ser-TGA-3-1	88	333	29.686525024682904	0.0
tRNA-Asp-GTC-3-1	117	303	29.664835164835132	0.0
tRNA-Leu-AAG-4-1	53	114	29.382539682539665	0.0
tRNA-Tyr-GTA-4-1	53	173	28.95154845154845	0.0
tRNA-Cys-GCA-9-4	160	344	28.374834452227976	0.0
tRNA-Cys-GCA-9-2	160	344	28.374834452227976	0.0
tRNA-Cys-GCA-9-3	160	344	28.374834452227976	0.0
tRNA-Cys-GCA-9-1	160	344	28.374834452227976	0.0
tRNA-Ile-AAT-5-5	120	339	28.2650072150072	0.0
tRNA-Ile-AAT-5-4	120	339	28.2650072150072	0.0
tRNA-Ile-AAT-5-3	120	339	28.2650072150072	0.0
tRNA-Ile-AAT-5-2	120	339	28.2650072150072	0.0
tRNA-Ile-AAT-5-1	120	339	28.2650072150072	0.0
tRNA-Ile-AAT-2-1	113	326	27.731673881673867	0.0
tRNA-Trp-CCA-3-2	37	128	27.1095238095238	0.0
tRNA-Trp-CCA-3-1	37	128	27.1095238095238	0.0
tRNA-Trp-CCA-3-3	37	128	27.1095238095238	0.0
tRNA-Cys-GCA-10-1	156	318	26.200592027985554	0.0
tRNA-Ala-TGC-8-1	47	326	26.071928071928077	0.0
tRNA-Thr-CGT-2-1	17	30	25.5	0.0
tRNA-Cys-GCA-8-1	160	325	25.218210520604032	0.0
tRNA-Ile-AAT-4-1	101	309	25.21652236652236	0.0
tRNA-Trp-CCA-1-1	33	102	25.1095238095238	0.0
tRNA-Phe-GAA-1-6	118	194	25.10523088023089	0.0
tRNA-Phe-GAA-1-1	118	194	25.10523088023089	0.0
tRNA-Phe-GAA-1-2	118	194	25.10523088023089	0.0
tRNA-Phe-GAA-1-3	118	194	25.10523088023089	0.0
tRNA-Phe-GAA-1-4	118	194	25.10523088023089	0.0
tRNA-Phe-GAA-1-5	118	194	25.10523088023089	0.0
tRNA-Ala-AGC-11-1	24	38	25.083333333333336	0.0
tRNA-Ile-AAT-3-1	89	297	24.995959595959594	0.0
tRNA-Leu-TAA-2-1	43	84	24.47738095238095	0.0
tRNA-Ile-AAT-7-2	87	298	24.04242424242424	0.0
tRNA-Ile-AAT-7-1	87	298	24.04242424242424	0.0
tRNA-Thr-AGT-2-2	56	180	23.943589743589737	0.0
tRNA-Thr-AGT-2-1	56	180	23.943589743589737	0.0
tRNA-Thr-AGT-5-1	58	181	23.443589743589737	0.0
tRNA-Cys-ACA-1-1	48	150	22.965476190476185	0.0
tRNA-Cys-GCA-19-1	130	276	22.552421032314555	0.0
tRNA-Cys-GCA-13-1	137	264	21.934682937076456	0.0
tRNA-Thr-AGT-6-1	48	171	21.86025641025641	0.0
tRNA-Cys-GCA-15-1	135	281	21.777258694652215	0.0
tRNA-Lys-CTT-10-1	73	138	21.769581732561264	0.0
tRNA-Phe-GAA-2-1	92	150	21.533802308802308	0.0
tRNA-Ser-CGA-4-1	16	29	21.160714285714285	0.0
tRNA-Cys-GCA-14-1	137	269	20.884834452227974	0.0
tRNA-Cys-GCA-17-1	117	237	20.838024040417555	0.0
tRNA-Asn-GTT-4-1	64	92	20.294321432146184	0.0
tRNA-Lys-TTT-15-1	12	33	20.166666666666668	0.0
tRNA-Tyr-GTA-7-1	43	155	19.730769230769226	0.0
tRNA-Leu-TAA-4-1	34	71	19.525	0.0
tRNA-Phe-GAA-3-1	65	85	18.18181818181818	0.0
tRNA-Lys-TTT-9-1	16	28	17.422954822954825	0.0
tRNA-Arg-TCG-5-1	39	68	17.12380952380952	0.0
tRNA-Val-TAC-4-1	27	78	15.803104575163399	0.0
tRNA-Glu-CTC-3-1	37	111	15.315151515151511	0.0
tRNA-Ile-TAT-2-2	29	45	15.016666666666667	0.0
tRNA-Ile-AAT-1-1	78	158	14.668398268398269	0.0
tRNA-Ala-AGC-8-1	22	36	14.583333333333332	0.0
tRNA-Ala-AGC-8-2	22	36	14.583333333333332	0.0
tRNA-Thr-AGT-4-1	37	139	14.36025641025641	0.0
tRNA-Ser-GCT-6-1	74	108	14.198934837092732	0.0
tRNA-Arg-TCG-4-1	37	65	14.123809523809523	0.0
tRNA-Cys-GCA-7-1	51	142	13.822255005530865	0.0
tRNA-Sup-TTA-1-1	39	63	13.532911532911532	0.0
tRNA-Cys-GCA-20-1	93	172	13.361023263416765	0.0
tRNA-Arg-TCG-2-1	35	61	13.123809523809523	0.0
tRNA-Cys-GCA-22-1	92	171	12.861023263416765	0.0
tRNA-Thr-CGT-chr1-118	32	80	11.642857142857137	0.0
tRNA-Cys-GCA-chr11-21	89	166	11.295673613067114	0.0
tRNA-Cys-GCA-18-1	55	129	11.069810309703811	0.0
tRNA-Ile-GAT-1-1	22	137	11.028571428571428	0.0
tRNA-Ile-GAT-1-3	22	137	11.028571428571428	0.0
tRNA-Ile-GAT-1-2	22	137	11.028571428571428	0.0
tRNA-Glu-TTC-5-1	6	11	11.0	0.0
tRNA-Ile-TAT-2-3	26	40	10.01666666666667	0.0
nmt-tRNA-Val-TAC-1-1	4	10	10.0	0.0
tRNA-Und-NNN-4-1	24	53	9.511111111111108	0.0
tRNA-Thr-CGT-5-1	9	9	9.0	0.0
tRNA-Cys-GCA-11-1	40	81	8.888921672197533	0.0
tRNA-Lys-CTT-8-1	43	87	8.791788766788764	0.0
tRNA-Phe-GAA-5-1	54	74	8.597691197691194	0.0
tRNA-Tyr-GTA-chr9-10	26	43	8.550000000000002	0.0
tRNA-Lys-CTT-14-1	34	68	8.51357808857809	0.0
tRNA-Tyr-GTA-chr10-3	25	42	8.300000000000002	0.0
tRNA-Cys-GCA-3-1	34	79	8.29474553224553	0.0
tRNA-Cys-GCA-25-1	29	63	8.21591575091575	0.0
tRNA-Pro-AGG-3-1	39	168	8.039598997493732	0.0
tRNA-Asp-ATC-chr6-103	21	45	8.035714285714285	0.0
tRNA-Lys-CTT-chr16-1	42	83	7.655244755244754	0.0
tRNA-Gly-GCC-6-1	14	27	7.600000000000001	0.0
tRNA-Glu-TTC-7-1	16	63	7.4818181818181815	0.0
tRNA-Phe-GAA-6-1	48	66	7.040151515151511	0.0
tRNA-Phe-GAA-10-1	10	18	6.686147186147187	0.0
tRNA-Asn-GTT-9-2	44	87	6.59315593098067	0.0
tRNA-Asn-GTT-9-1	44	87	6.59315593098067	0.0
tRNA-Lys-CTT-12-1	36	72	6.574436674436673	0.0
tRNA-Asn-GTT-7-1	19	24	6.428276951806363	0.0
tRNA-Cys-GCA-23-1	33	66	6.38488126815713	0.0
tRNA-Cys-GCA-21-1	32	65	6.284881268157129	0.0
tRNA-Asn-GTT-8-1	11	14	6.2627765064836005	0.0
tRNA-Arg-TCG-6-1	14	38	6.166666666666666	0.0
tRNA-Leu-AAG-6-1	4	8	6.1499999999999995	0.0
tRNA-Lys-TTT-13-1	12	19	6.069614624505929	0.0
tRNA-Asn-GTT-5-1	55	74	5.915378153202891	0.0
tRNA-Cys-GCA-12-1	21	31	5.526563556457065	0.0
tRNA-Phe-GAA-4-1	19	37	5.522222222222222	0.0
tRNA-Ile-AAT-6-1	37	48	5.425757575757576	0.0
tRNA-Cys-GCA-16-1	18	49	5.2816142191142195	0.0
tRNA-Asn-GTT-10-1	10	13	5.2627765064836005	0.0
tRNA-Cys-GCA-24-1	26	59	5.1825824175824176	0.0
tRNA-Lys-CTT-9-1	10	23	5.143478260869565	0.0
tRNA-Ile-AAT-9-1	13	20	4.96060606060606	0.0
tRNA-Asp-GTC-4-1	20	53	4.943223443223443	0.0
tRNA-Ala-AGC-15-1	7	13	4.75	0.0
tRNA-Trp-CCA-5-1	10	14	4.342857142857143	0.0
tRNA-Ser-CGA-3-1	5	5	4.333333333333333	0.0
tRNA-Gln-CTG-12-1	10	11	4.200671550671552	0.0
tRNA-Lys-TTT-10-1	13	29	3.882478632478633	0.0
tRNA-Ser-CGA-1-1	13	17	3.83495670995671	0.0
tRNA-Ala-AGC-20-1	3	7	3.5	0.0
tRNA-SeC-TCA-2-1	5	6	3.0	0.0
tRNA-Val-CAC-9-1	1	3	3.0	0.0
tRNA-Ala-AGC-19-1	2	3	3.0	0.0
tRNA-Gln-CTG-9-1	6	14	2.894444444444445	0.0
tRNA-Gln-CTG-8-2	7	7	2.677777777777778	0.0
tRNA-Gln-CTG-8-1	7	7	2.677777777777778	0.0
tRNA-Asn-GTT-17-1	5	5	2.646464646464646	0.0
tRNA-Val-CAC-10-1	6	7	2.611111111111111	0.0
tRNA-Ser-CGA-2-1	8	12	2.494047619047619	0.0
tRNA-Ser-AGA-5-1	7	29	2.4318181818181817	0.0
tRNA-Leu-CAG-chr9-3	9	9	2.1404151404151404	0.0
tRNA-Leu-CAA-6-1	4	4	2.125	0.0
tRNA-Tyr-GTA-chr7-6	7	9	2.1	0.0
tRNA-Tyr-GTA-chr7-1	7	9	2.1	0.0
nmt-tRNA-Leu-TAA-1-1	2	2	2.0	0.0
tRNA-Met-CAT-7-1	2	2	2.0	0.0
tRNA-Undet-NNN-chr2-20	6	8	2.0	0.0
nmt-tRNA-Gln-TTG-9-1	3	3	2.0	0.0
tRNA-Val-CAC-11-1	4	4	2.0	0.0
tRNA-Val-CAC-11-2	4	4	2.0	0.0
tRNA-Undet-NNN-chr2-8	6	8	2.0	0.0
tRNA-Glu-CTC-5-1	2	2	1.5	0.0
tRNA-Asn-GTT-13-1	13	15	1.3871004812181282	0.0
tRNA-Asn-GTT-18-1	13	15	1.3871004812181282	0.0
tRNA-Phe-GAA-8-1	3	4	1.281818181818182	0.0
tRNA-SeC-TCA-3-1	3	3	1.25	0.0
tRNA-Tyr-GTA-11-1	3	3	1.2222222222222223	0.0
tRNA-Asn-GTT-16-1	17	21	1.207220950928045	0.0
tRNA-Asn-GTT-16-2	17	21	1.207220950928045	0.0
tRNA-Asn-GTT-16-3	17	21	1.207220950928045	0.0
tRNA-Asn-GTT-16-4	17	21	1.207220950928045	0.0
tRNA-Asn-GTT-16-5	17	21	1.207220950928045	0.0
tRNA-Glu-TTC-11-1	2	2	1.125	0.0
nmt-tRNA-Gln-TTG-7-1	2	2	1.0	0.0
tRNA-Leu-TAG-4-1	2	3	1.0	0.0
tRNA-Gln-CTG-11-1	1	1	1.0	0.0
tRNA-Gln-TTG-6-1	1	1	1.0	0.0
tRNA-Tyr-GTA-9-1	8	9	0.8974358974358974	0.0
tRNA-Leu-AAG-5-1	2	7	0.875	0.0
tRNA-Asn-GTT-12-1	4	4	0.7627765064836003	0.0
tRNA-Ile-AAT-10-1	4	8	0.7272727272727274	0.0
tRNA-Asn-GTT-21-1	10	11	0.6673202614379086	0.0
tRNA-Ala-AGC-22-1	4	4	0.6666666666666666	0.0
tRNA-Ala-AGC-9-1	4	4	0.6666666666666666	0.0
tRNA-Ala-AGC-9-2	4	4	0.6666666666666666	0.0
tRNA-Asn-GTT-15-1	9	10	0.6351524292700764	0.0
tRNA-Val-AAC-7-1	1	1	0.5	0.0
tRNA-Tyr-GTA-chr9-4	2	2	0.5	0.0
tRNA-Leu-CAA-5-1	1	1	0.5	0.0
tRNA-Ala-CGC-5-1	2	2	0.47619047619047616	0.0
tRNA-Lys-CTT-13-1	2	2	0.4444444444444444	0.0
tRNA-Ala-TGC-9-1	1	1	0.3333333333333333	0.0
tRNA-Leu-CAG-chr9-7	4	4	0.325	0.0
tRNA-Lys-TTT-chr3-2	3	3	0.2511655011655012	0.0
tRNA-Val-TAC-chr2-6	1	1	0.25	0.0
tRNA-iMet-CAT-3-1	1	2	0.2	0.0
tRNA-Leu-AAG-7-1	2	2	0.18181818181818182	0.0
tRNA-Phe-GAA-7-1	1	1	0.1111111111111111	0.0
nmt-tRNA-Tyr-GTA-chr2-10	1	1	0.1	0.0
tRNA-Tyr-GTA-chr2-12	1	1	0.1	0.0
tRNA-Lys-TTT-12-1	1	1	0.1	0.0
nmt-tRNA-Tyr-GTA-chr4-1	1	1	0.1	0.0
tRNA-Asn-GTT-11-2	1	1	0.07692307692307693	0.0
tRNA-Asn-GTT-11-1	1	1	0.07692307692307693	0.0
tRNA-Thr-AGT-7-1	1	1	0.07692307692307693	0.0
tRNA-Asn-GTT-14-1	1	1	0.07692307692307693	0.0
tRNA-Ile-GAT-chrX-5	1	1	0.07142857142857142	0.0
tRNA-Ile-GAT-chrX-7	1	1	0.07142857142857142	0.0
tRNA-Asn-GTT-19-1	1	1	0.058823529411764705	0.0
tRNA-Asn-ATT-1-2	1	1	0.043478260869565216	0.0
tRNA-Asn-ATT-1-1	1	1	0.043478260869565216	0.0
