GeneSymbol	uniqueReadCount	totalReadCount	multimapAdjustedReadCount	multimapAdjustedBarcodeCount
CTD-2328D6.1	165	316	316.0	0.0
AC010970.2	105	293	292.0	0.0
LUZP2	7	249	249.0	0.0
RBBP7	12	149	149.0	0.0
TBC1D8B	180	334	100.76309523809522	0.0
RP11-259O2.3	152	295	96.61904761904759	0.0
SLC38A6	144	288	91.95238095238095	0.0
RYK	5	78	78.0	0.0
RP11-1060J15.4	13	77	74.0	0.0
GNPDA1	6	74	74.0	0.0
MT-ND5	56	77	63.33333333333333	0.0
KSR2	5	63	63.0	0.0
HSPA8P20	17	43	40.5	0.0
SMC1A	12	37	37.0	0.0
KDM3B	5	34	34.0	0.0
MT-ND4	26	41	33.666666666666664	0.0
RP4-712E4.1	6	63	31.5	0.0
RP4-712E4.2	6	63	31.5	0.0
RP11-346D14.1	31	47	31.238095238095234	0.0
RP11-501E14.1	11	30	29.0	0.0
IL16	12	29	28.999999999999993	0.0
MT-RNR2	24	34	28.166666666666664	0.0
LURAP1L	3	28	28.0	0.0
PPP2R2A	6	26	26.0	0.0
FAM163A	11	26	26.0	0.0
KCNQ1OT1	49	65	25.25714285714285	0.0
CTD-2583A14.8	2	25	25.0	0.0
RP11-87E22.2	7	22	22.0	0.0
TTC39B	4	19	19.0	0.0
MUC12	10	19	19.0	0.0
ESYT1	7	18	18.0	0.0
C1orf51	4	18	17.999999999999996	0.0
DNAJC11	2	17	17.0	0.0
MT-CYB	13	17	16.333333333333336	0.0
NEDD4	32	42	16.088095238095242	0.0
RP11-946L20.4	16	20	16.083333333333332	0.0
PPFIA3	9	16	16.0	0.0
ARHGAP39	4	16	16.0	0.0
MYO1F	9	16	16.0	0.0
RPAP2	16	20	15.583333333333334	0.0
CTD-2540B15.6	1	15	15.0	0.0
TOR3A	5	15	15.0	0.0
HIF1AN	5	15	15.0	0.0
SH3BGRL	6	15	14.8	0.0
CDC37	3	13	13.000000000000002	0.0
MIPOL1	21	27	12.68809523809524	0.0
SAFB	7	13	12.600000000000001	0.0
MTND5P11	18	26	12.5	0.0
MROH2B	6	12	12.000000000000002	0.0
DIAPH2	8	12	12.0	0.0
AC072062.1	7	15	12.0	0.0
ELF2	1	12	12.0	0.0
PI4K2A	5	12	12.0	0.0
ZSWIM3	9	12	12.0	0.0
RP11-677M14.7	5	12	12.0	0.0
LRRC28	4	12	12.0	0.0
KIAA1328	13	19	11.73809523809524	0.0
UGDH-AS1	21	24	11.601190476190476	0.0
RP1-140C12.2	4	11	11.0	0.0
IGDCC3	4	11	11.0	0.0
LARS2	6	11	10.999999999999998	0.0
C4orf36	6	11	10.333333333333334	0.0
CASP8AP2	3	10	10.0	0.0
ZNF296	1	10	10.0	0.0
SET	3	10	10.0	0.0
AC159540.1	7	13	10.0	0.0
TP53BP1	8	10	10.0	0.0
MORC4	33	42	9.227380952380955	0.0
RP11-324E6.9	4	9	9.0	0.0
MINK1	3	9	9.0	0.0
ZNF792	3	9	9.0	0.0
MT-CO1	10	13	8.333333333333332	0.0
MT-CO3	8	12	8.166666666666668	0.0
AP000462.1	3	8	8.0	0.0
MT-TA	6	8	8.0	0.0
ZNF267	3	8	8.0	0.0
SHROOM3	3	8	8.0	0.0
BTAF1	4	8	8.0	0.0
ESRG	6	9	8.0	0.0
GGT1	8	12	7.606884057971017	0.0
TPH1	3	7	7.0	0.0
KCNA5	3	7	7.0	0.0
TMEM68	2	7	7.0	0.0
ZNF859P	3	7	7.0	0.0
HP	3	7	7.0	0.0
RP11-545I5.3	31	39	6.977380952380954	0.0
MT-CO2	9	11	6.666666666666667	0.0
AL590867.1	23	31	6.601190476190478	0.0
PTPRQ	14	19	6.450000000000001	0.0
RTN3	2	7	6.363636363636364	0.0
RP11-142G1.3	15	26	6.31904761904762	0.0
MTND4P12	8	13	6.166666666666667	0.0
RP11-155L15.1	3	6	6.0	0.0
DENND1C	2	6	6.0	0.0
RNF6P1	6	6	6.0	0.0
ZNF655	3	6	6.0	0.0
YRDC	2	6	6.0	0.0
CTD-3051L14.13	3	6	6.0	0.0
RP11-286E11.1	4	7	6.0	0.0
RP11-686D16.1	1	6	6.0	0.0
B3GALT5	6	6	6.0	0.0
TCEB3	1	6	6.0	0.0
YTHDF1P1	5	6	6.0	0.0
LTBP2	2	6	6.0	0.0
MDM4	2	6	6.0	0.0
RSF1	2	6	6.0	0.0
TRANK1	4	7	5.75	0.0
DCDC1	2	5	5.666666666666666	0.0
MT-ND2	7	8	5.5	0.0
RP11-703G6.1	13	14	5.202380952380952	0.0
MAB21L3	9	11	5.166666666666666	0.0
AC007743.1	24	32	5.0773809523809526	0.0
AP000354.4	5	6	5.041666666666667	0.0
WDR90	3	5	5.000000000000001	0.0
AC104654.1	2	4	5.0	0.0
HYLS1	2	5	5.0	0.0
MT-ND6	5	6	5.0	0.0
ECD	2	5	5.0	0.0
EGLN3	2	5	5.0	0.0
SOX18	1	5	5.0	0.0
CTD-2366F13.1	2	5	5.0	0.0
SLC12A9	4	5	5.0	0.0
INPP5J	1	5	5.0	0.0
TSIX	3	5	5.0	0.0
SMG7	3	3	5.0	0.0
DCDC2B	1	5	5.0	0.0
KBTBD13	2	5	5.0	0.0
SLC34A2	2	5	5.0	0.0
C16orf91	2	5	5.0	0.0
LIMS2	4	5	5.0	0.0
LRRC8B	3	5	5.0	0.0
DHX40	2	3	5.0	0.0
DNAH10	3	5	5.0	0.0
GGCX	3	4	4.5	0.0
NARG2	1	5	4.444444444444444	0.0
LINC00504	5	7	4.25	0.0
LDB3	4	4	4.0	0.0
BPIFC	2	4	4.0	0.0
MAP4K5	2	2	4.0	0.0
STK40	1	4	4.0	0.0
PLCL1	1	4	4.0	0.0
CTD-2247C11.4	2	4	4.0	0.0
MT-TE	3	4	4.0	0.0
MACF1	2	4	4.0	0.0
TCEANC2	3	4	4.0	0.0
MT-ND3	4	5	4.0	0.0
MT-ND1	4	5	4.0	0.0
UGGT2	2	3	4.0	0.0
LCLAT1	1	4	4.0	0.0
ASPH	1	4	4.0	0.0
MAMDC2-AS1	3	4	4.0	0.0
HTR2A	2	4	4.0	0.0
SGTB	1	4	4.0	0.0
SWAP70	2	4	4.0	0.0
LINC00271	2	4	4.0	0.0
ZNF620	1	4	4.0	0.0
PLEKHM1	2	3	4.0	0.0
COMMD2	2	4	4.0	0.0
CHL1	1	4	4.0	0.0
PLA2G6	2	4	4.0	0.0
AGAP1	1	3	4.0	0.0
EHMT1	3	4	4.0	0.0
MTRR	1	3	4.0	0.0
SHKBP1	1	3	4.0	0.0
ECHDC2	2	4	4.0	0.0
HOXB7	4	4	4.0	0.0
MUM1	1	3	4.0	0.0
EIF4E3	2	4	4.0	0.0
IFT57	2	4	4.0	0.0
BDP1	2	4	4.0	0.0
RP13-60M5.2	1	4	4.0	0.0
ADCY3	4	4	4.0	0.0
RDH13	3	4	4.0	0.0
SH2B3	2	4	4.0	0.0
KIF6	1	4	4.0	0.0
SESN3	2	4	4.0	0.0
UBA6-AS1	3	4	4.0	0.0
PRRC2B	1	4	4.0	0.0
PARK7	1	4	4.0	0.0
TEX2	3	4	4.0	0.0
IDH1	2	4	4.0	0.0
AMZ2P1	1	4	4.0	0.0
RP11-284J1.1	3	4	4.0	0.0
USP49	1	4	4.0	0.0
MT-ND4L	3	4	4.0	0.0
ABHD2	3	4	4.0	0.0
POP4	3	4	4.0	0.0
EFCAB11	4	4	4.0	0.0
CLPTM1L	2	4	4.0	0.0
RP11-63A1.1	1	4	4.0	0.0
CEP85L	2	4	3.9999999999999996	0.0
NEXN	1	4	3.9999999999999996	0.0
CCDC125	3	3	3.8000000000000007	0.0
RP5-857K21.7	6	8	3.666666666666667	0.0
MTRNR2L1	5	8	3.6666666666666665	0.0
RP11-776H12.1	2	4	3.5	0.0
POLQ	2	5	3.5	0.0
OR1N1	2	4	3.5	0.0
TADA2A	2	3	3.3333333333333335	0.0
PEAK1	2	3	3.3333333333333335	0.0
RP11-192H23.4	3	3	3.333333333333333	0.0
hsa-mir-6723.1	5	8	3.333333333333333	0.0
RBFADN	3	5	3.2	0.0
RP5-857K21.11	4	7	3.1666666666666665	0.0
BLOC1S6	5	5	3.1333333333333333	0.0
ADAMTSL3	6	8	3.104761904761905	0.0
DLAT	2	3	3.0000000000000004	0.0
PLRG1	3	3	3.0000000000000004	0.0
CDH3	2	3	3.0000000000000004	0.0
GBP3	3	3	3.0000000000000004	0.0
SLFN12	2	3	3.0000000000000004	0.0
C10orf76	2	3	3.0	0.0
PSMD8	2	3	3.0	0.0
ENTPD5	1	3	3.0	0.0
CMPK1	1	3	3.0	0.0
PAQR3	3	3	3.0	0.0
PDDC1	2	3	3.0	0.0
MYL10	2	3	3.0	0.0
KCNV1	2	3	3.0	0.0
TPH2	1	2	3.0	0.0
LINC00969	2	3	3.0	0.0
ERVMER34-1	1	3	3.0	0.0
ANKRD17	1	3	3.0	0.0
AHSA2	1	3	3.0	0.0
RP5-1011O1.3	2	3	3.0	0.0
MT-TQ	3	3	3.0	0.0
SLC2A11	1	2	3.0	0.0
VSIG1	1	3	3.0	0.0
LYPD3	1	3	3.0	0.0
RP11-423G4.7	1	3	3.0	0.0
NF2	1	3	3.0	0.0
RP11-692C24.2	3	3	3.0	0.0
MLXIP	1	3	3.0	0.0
BBS2	1	2	3.0	0.0
ZDHHC20-IT1	2	3	3.0	0.0
MS4A15	2	3	3.0	0.0
DNHD1	2	3	3.0	0.0
TIMP4	2	3	3.0	0.0
PDE4D	1	3	3.0	0.0
KIAA1456	1	2	3.0	0.0
AACS	2	3	3.0	0.0
HIST1H2AH	1	3	3.0	0.0
RTN4	1	3	3.0	0.0
ZNF616	2	3	3.0	0.0
RP11-685M7.3	2	3	3.0	0.0
PPP1R1C	2	3	3.0	0.0
AC110619.2	2	4	3.0	0.0
LSM11	3	3	3.0	0.0
RP11-256I9.2	4	5	3.0	0.0
PRKCD	2	3	3.0	0.0
SVOP	2	3	3.0	0.0
MT-TL1	2	3	3.0	0.0
NOVA1	2	3	3.0	0.0
ZMIZ1-AS1	3	3	3.0	0.0
GGTLC1	2	3	3.0	0.0
GRM3	1	3	3.0	0.0
AMIGO1	2	3	3.0	0.0
DIP2B	1	3	3.0	0.0
AC006129.4	2	3	3.0	0.0
PRKY	1	3	3.0	0.0
NSUN2	2	3	3.0	0.0
FKBP4	1	2	3.0	0.0
NBAS	3	3	3.0	0.0
AC090587.5	2	3	3.0	0.0
LRRTM1	1	3	3.0	0.0
GFOD2	2	2	3.0	0.0
CTD-2515A14.1	1	3	3.0	0.0
SRSF7	2	3	3.0	0.0
RP11-169F17.1	1	3	3.0	0.0
ZNF521	1	3	3.0	0.0
SH3GL1	1	3	3.0	0.0
RP5-1070A16.1	1	3	3.0	0.0
MOB3B	1	3	3.0	0.0
ARHGAP6	1	3	3.0	0.0
HSP90AB1	2	3	3.0	0.0
USO1	3	3	3.0	0.0
FUT11	1	3	3.0	0.0
NEGR1	1	3	3.0	0.0
RP11-566K19.8	2	3	3.0	0.0
QPRT	1	3	3.0	0.0
CICP17	1	3	3.0	0.0
HEPACAM	1	3	3.0	0.0
SLC12A7	2	3	3.0	0.0
CLEC4F	1	3	3.0	0.0
DYNC1LI2	3	3	3.0	0.0
CCP110	1	3	3.0	0.0
RP11-91K9.1	1	3	3.0	0.0
PIP5K1B	1	3	3.0	0.0
AC004063.1	1	3	3.0	0.0
ARID1B	1	3	3.0	0.0
RP11-382J12.1	3	3	3.0	0.0
TBC1D5	2	3	3.0	0.0
EOGT	1	3	3.0	0.0
LIMA1	3	3	3.0	0.0
CTC-241F20.3	2	3	3.0	0.0
SYK	2	3	3.0	0.0
COQ5	1	3	3.0	0.0
CARD9	2	3	3.0	0.0
C16orf72	2	3	3.0	0.0
OR5AW1P	1	3	3.0	0.0
SULT1C2	2	3	3.0	0.0
FAM196A	2	3	3.0	0.0
VIL1	1	3	3.0	0.0
VWA8	1	3	3.0	0.0
GPR162	2	3	3.0	0.0
RN7SL272P	2	3	3.0	0.0
RP11-680F20.10	2	3	3.0	0.0
RP4-724E16.2	3	5	3.0	0.0
FBXL2	1	3	3.0	0.0
AF001550.7	2	3	3.0	0.0
RAD9A	1	3	3.0	0.0
GCA	1	3	3.0	0.0
CEBPG	2	3	3.0	0.0
NFRKB	3	3	3.0	0.0
SBF2-AS1	2	3	3.0	0.0
RGP1	1	3	3.0	0.0
E2F6	1	3	3.0	0.0
RP11-480A16.1	1	3	3.0	0.0
LRRC71	1	3	3.0	0.0
UBE2V2	1	3	3.0	0.0
SSRP1	2	3	3.0	0.0
IGSF10	3	3	3.0	0.0
ZNF75A	3	3	3.0	0.0
FMN1	2	3	3.0	0.0
SFMBT2	2	3	3.0	0.0
ACACB	1	3	3.0	0.0
AC103828.1	2	3	3.0	0.0
TAOK1	1	3	3.0	0.0
ANO1	2	3	2.9999999999999996	0.0
SH2B1	2	3	2.9999999999999996	0.0
TMPRSS3	2	3	2.9999999999999996	0.0
NDE1	1	2	2.9999999999999996	0.0
MON2	3	3	2.888888888888889	0.0
NFAT5	3	3	2.875	0.0
GATAD2A	2	3	2.75	0.0
CTB-151G24.1	4	5	2.75	0.0
HHLA1	7	10	2.730591630591631	0.0
CLCC1	1	3	2.6666666666666665	0.0
ATP9B	5	5	2.6	0.0
FAM228B	4	6	2.5428571428571427	0.0
GPR75-ASB3	3	5	2.5	0.0
STAT2	1	2	2.5	0.0
AC005154.6	2	2	2.5	0.0
C14orf64	2	2	2.5	0.0
R3HDM1	1	2	2.5	0.0
NCAPH2	3	3	2.5	0.0
RP1-78O14.1	3	5	2.5	0.0
HSPA8P9	1	5	2.5	0.0
PIGO	2	3	2.5	0.0
MTND2P28	4	5	2.5	0.0
RP11-216M21.1	2	5	2.5	0.0
OR11A1	2	5	2.5	0.0
HTN1	3	3	2.5	0.0
OR5V1	2	5	2.5	0.0
HMGCS1	2	3	2.3333333333333335	0.0
ZFYVE26	1	2	2.333333333333333	0.0
RP11-417J8.6	3	3	2.2857142857142856	0.0
ELFN1	3	3	2.25	0.0
ANKRD18A	2	3	2.25	0.0
NBEAL1	1	2	2.2	0.0
MT-ATP6	3	5	2.1666666666666665	0.0
CARM1	2	2	2.0000000000000004	0.0
SEC13	1	2	2.0000000000000004	0.0
DNMT3A	2	2	2.0000000000000004	0.0
AMPD3	1	2	2.0000000000000004	0.0
AC017099.3	1	2	2.0000000000000004	0.0
SETD7	1	2	2.0	0.0
PSMG4	1	2	2.0	0.0
CTSB	2	3	2.0	0.0
AC104809.4	2	2	2.0	0.0
IFNAR1	1	2	2.0	0.0
CTSS	1	2	2.0	0.0
HPS4	2	2	2.0	0.0
ARL13B	1	2	2.0	0.0
MIR205HG	1	2	2.0	0.0
RP11-550A5.2	1	2	2.0	0.0
AC108025.2	1	2	2.0	0.0
GCLM	2	2	2.0	0.0
RPL26P20	1	2	2.0	0.0
TNNT2	1	2	2.0	0.0
SLC6A4	1	3	2.0	0.0
GRPEL1	1	2	2.0	0.0
SAMD9	2	2	2.0	0.0
JMJD6	1	2	2.0	0.0
hsa-mir-125a.1	1	2	2.0	0.0
LCN15	1	2	2.0	0.0
RBM28	2	2	2.0	0.0
GATAD2B	2	2	2.0	0.0
FAT1	2	2	2.0	0.0
RABAC1	2	2	2.0	0.0
RP11-54D18.2	1	2	2.0	0.0
PON3	1	2	2.0	0.0
PTPN12	1	2	2.0	0.0
SMYD1	1	2	2.0	0.0
MT-TP	2	2	2.0	0.0
MT-TN	1	2	2.0	0.0
TCTEX1D2	1	2	2.0	0.0
RP5-998H6.2	1	2	2.0	0.0
MRPL46	2	2	2.0	0.0
VSIG8	1	2	2.0	0.0
RFC5	1	2	2.0	0.0
AC010967.3	2	2	2.0	0.0
STAC	1	2	2.0	0.0
RNF213	1	1	2.0	0.0
KPRP	1	2	2.0	0.0
SLC14A2	1	2	2.0	0.0
GDPD5	1	2	2.0	0.0
MORN1	1	2	2.0	0.0
CHDH	1	2	2.0	0.0
CHD6	2	2	2.0	0.0
CPSF2	1	2	2.0	0.0
ANO9	2	2	2.0	0.0
NBPF1	2	2	2.0	0.0
DPH6	1	1	2.0	0.0
MYH13	1	2	2.0	0.0
C14orf182	1	1	2.0	0.0
ARMC9	1	2	2.0	0.0
RP11-805L22.2	2	2	2.0	0.0
DYRK2	1	2	2.0	0.0
HSPE1	1	2	2.0	0.0
RP11-558A11.1	1	2	2.0	0.0
HDAC11	2	2	2.0	0.0
RBFOX1	1	2	2.0	0.0
EDARADD	1	2	2.0	0.0
ANK2	1	2	2.0	0.0
ENPEP	1	2	2.0	0.0
GFRA1	1	2	2.0	0.0
SGTA	1	2	2.0	0.0
FADS1	1	2	2.0	0.0
PLEKHG2	1	2	2.0	0.0
NDUFA11	1	2	2.0	0.0
CLMN	1	2	2.0	0.0
C3orf30	2	2	2.0	0.0
RP11-214C8.2	2	2	2.0	0.0
ZNF675	1	2	2.0	0.0
MTATP6P9	1	2	2.0	0.0
RNPEPL1	1	2	2.0	0.0
CCDC150	1	2	2.0	0.0
KCNJ6	1	2	2.0	0.0
SYNE1	1	2	2.0	0.0
PCDH18	2	2	2.0	0.0
Y_RNA.774	1	2	2.0	0.0
RP11-640M9.2	1	4	2.0	0.0
RXRA	2	2	2.0	0.0
KCNK6	1	2	2.0	0.0
RP11-510I6.2	1	2	2.0	0.0
RP11-727A23.10	1	2	2.0	0.0
CCDC149	2	2	2.0	0.0
DBF4B	2	2	2.0	0.0
IRF9	1	2	2.0	0.0
RP1-274L7.1	1	2	2.0	0.0
TUBA1A	1	2	2.0	0.0
ZNF192P2	1	2	2.0	0.0
HEG1	1	2	2.0	0.0
PRR3	2	2	2.0	0.0
RP11-321L2.2	2	2	2.0	0.0
RN7SKP79	1	2	2.0	0.0
MBOAT2	1	2	2.0	0.0
PNLIPRP3	1	2	2.0	0.0
MLLT6	1	4	2.0	0.0
AC023590.1	1	2	2.0	0.0
RP4-794H19.2	1	2	2.0	0.0
LINC00478	1	2	2.0	0.0
EFHD1	1	2	2.0	0.0
PPARD	1	2	2.0	0.0
ERVW-1	2	2	2.0	0.0
FAM170A	2	2	2.0	0.0
ZBTB42	1	2	2.0	0.0
RP11-713M15.1	1	2	2.0	0.0
KLF8	1	2	2.0	0.0
TCF24	2	2	2.0	0.0
LHX9	1	2	2.0	0.0
HNRNPA3	1	2	2.0	0.0
LINC00486	1	2	2.0	0.0
KIF26B	1	2	2.0	0.0
PLA2G2C	1	2	2.0	0.0
FARP2	2	2	2.0	0.0
VPS13A	2	2	2.0	0.0
UXS1	1	2	2.0	0.0
PNKD	1	2	2.0	0.0
ACTN4P2	2	2	2.0	0.0
CTD-3088G3.8	1	2	2.0	0.0
AMHR2	2	2	2.0	0.0
GDAP1	2	2	2.0	0.0
ANKFN1	1	2	2.0	0.0
AC104389.28	1	2	2.0	0.0
RP11-883G14.1	1	2	2.0	0.0
ABCB1	1	2	2.0	0.0
SPRYD3	1	2	2.0	0.0
ZNF575	1	2	2.0	0.0
IL17RB	1	2	2.0	0.0
RP11-346D19.1	1	2	2.0	0.0
CTD-2540B15.12	1	2	2.0	0.0
GVINP2	1	2	2.0	0.0
ZNF558	1	2	2.0	0.0
PHLDB1	1	2	2.0	0.0
MTMR14	1	2	2.0	0.0
TCTE1	1	2	2.0	0.0
CEACAM5	1	2	2.0	0.0
ZNF154	2	2	2.0	0.0
TCOF1	1	2	2.0	0.0
FBRSL1	2	2	2.0	0.0
PLCXD1	2	2	2.0	0.0
RP11-244F12.3	1	2	2.0	0.0
RP11-1055B8.7	2	2	2.0	0.0
POTEC	1	2	2.0	0.0
SPATS2	1	2	2.0	0.0
C7orf57	1	2	2.0	0.0
ARFGEF1	1	2	2.0	0.0
SERPINF2	2	2	2.0	0.0
NPC1	1	2	2.0	0.0
AC009120.8	1	2	2.0	0.0
ZNF107	1	2	2.0	0.0
ITSN1	2	2	2.0	0.0
MUC16	1	2	2.0	0.0
LIPE	1	2	2.0	0.0
RUFY3	2	4	2.0	0.0
SOX30	1	2	2.0	0.0
RP11-580J4.1	1	2	2.0	0.0
PIGN	1	2	2.0	0.0
AKT3	1	2	2.0	0.0
SCARA5	1	2	2.0	0.0
HOXB5	1	2	2.0	0.0
NADK2	1	2	2.0	0.0
LPL	1	2	2.0	0.0
SFTPB	1	2	2.0	0.0
RP11-448K10.1	1	2	2.0	0.0
DSCAML1	1	2	2.0	0.0
FAM169B	1	2	2.0	0.0
CTD-2044J15.2	1	2	2.0	0.0
RNF39	1	2	2.0	0.0
MAPK13	1	2	2.0	0.0
RP11-179A10.2	1	2	2.0	0.0
BCAS3	1	2	2.0	0.0
AGO3	2	2	2.0	0.0
SEC14L1	1	2	2.0	0.0
USP6	1	2	2.0	0.0
MECR	2	2	2.0	0.0
DZANK1	2	2	2.0	0.0
SNAPC1	2	2	2.0	0.0
RP11-624J12.1	1	2	2.0	0.0
MTND5P17	3	5	2.0	0.0
CTB-147C22.9	1	2	2.0	0.0
NUP43	2	2	2.0	0.0
DEPDC1B	1	2	2.0	0.0
RAVER2	1	2	2.0	0.0
BRINP1	1	2	2.0	0.0
OVCH1	1	2	2.0	0.0
CDH6	1	2	2.0	0.0
NCOA5	1	2	2.0	0.0
TRPM6	1	2	2.0	0.0
RP11-366M4.8	1	2	2.0	0.0
C15orf39	1	2	2.0	0.0
PLK1	2	2	2.0	0.0
WIPI2	2	2	2.0	0.0
ADAM32	1	2	2.0	0.0
FILIP1L	1	2	2.0	0.0
BMP2K	2	2	2.0	0.0
CD99P1	1	3	2.0	0.0
AJAP1	1	2	2.0	0.0
SMIM7	1	2	2.0	0.0
RP11-158I9.7	1	2	2.0	0.0
RPS6KA1	1	2	2.0	0.0
PKNOX1	1	2	2.0	0.0
DOT1L	2	2	2.0	0.0
RICTOR	1	2	2.0	0.0
COL6A6	2	2	2.0	0.0
RP11-160E2.19	1	2	2.0	0.0
CCND3	1	2	2.0	0.0
ACO2	2	2	2.0	0.0
ARHGEF2	1	2	2.0	0.0
RP5-1074L1.1	1	2	2.0	0.0
AC116366.6	1	2	2.0	0.0
HSPA14	1	2	2.0	0.0
ACPP	2	2	2.0	0.0
HGF	1	2	2.0	0.0
KLF11	1	2	2.0	0.0
RP11-339B21.8	1	2	2.0	0.0
OPA3	2	2	2.0	0.0
NAA11	1	2	2.0	0.0
SLC9A4	1	2	2.0	0.0
SULF2	2	2	2.0	0.0
RP13-137A17.6	2	2	2.0	0.0
ZC3H12B	1	2	2.0	0.0
SLC37A4	1	2	2.0	0.0
DNAH9	1	2	2.0	0.0
ARHGAP28	1	2	2.0	0.0
NADSYN1	2	2	2.0	0.0
POM121L10P	2	2	2.0	0.0
FAM63A	1	2	2.0	0.0
RP1L1	1	2	2.0	0.0
RP11-287J9.1	1	2	2.0	0.0
SACS	1	2	2.0	0.0
CYP19A1	1	2	2.0	0.0
HEXDC	2	2	2.0	0.0
OPHN1	2	2	2.0	0.0
IGSF1	2	2	2.0	0.0
TOR1AIP2	1	2	2.0	0.0
OR5B21	2	2	2.0	0.0
AC011525.2	2	2	2.0	0.0
RPL7L1	1	2	2.0	0.0
COG8	1	2	2.0	0.0
FBLN1	2	2	2.0	0.0
ZNF324B	1	2	2.0	0.0
THAP6	2	3	2.0	0.0
CES5AP1	1	2	2.0	0.0
SEMA4B	1	2	2.0	0.0
ZNHIT1P1	1	2	2.0	0.0
CD163	1	2	2.0	0.0
ARRDC1	1	2	2.0	0.0
RNU6-282P	1	2	2.0	0.0
MCF2L	1	1	2.0	0.0
STX19	1	2	2.0	0.0
PTPLAD2	1	2	2.0	0.0
NEK1	2	2	2.0	0.0
UBR5	1	2	2.0	0.0
FRY	2	2	2.0	0.0
WWOX	2	2	2.0	0.0
SEMA7A	1	2	2.0	0.0
C4orf29	1	2	2.0	0.0
SNX32	1	2	2.0	0.0
PPP5D1	1	1	2.0	0.0
CNNM4	2	2	2.0	0.0
CNNM3	1	2	2.0	0.0
AL161915.1	1	2	2.0	0.0
SNX11	2	2	2.0	0.0
MAPRE3	2	2	2.0	0.0
RP11-110I1.11	1	2	2.0	0.0
STXBP4	1	2	2.0	0.0
AHNAK	1	2	2.0	0.0
PIWIL2	1	2	2.0	0.0
MYO16	1	2	2.0	0.0
AIM2	1	2	2.0	0.0
ARHGDIA	1	2	2.0	0.0
BMPR2	1	2	2.0	0.0
FBXO40	1	2	2.0	0.0
SAMD4B	1	2	2.0	0.0
TGFBI	1	2	2.0	0.0
LRRC58	1	4	2.0	0.0
FNTA	1	2	2.0	0.0
RNU6-790P	1	2	2.0	0.0
MTSS1	1	2	2.0	0.0
LRP8	1	2	2.0	0.0
GSK3A	1	2	2.0	0.0
USB1	1	1	2.0	0.0
ABCA12	1	2	2.0	0.0
NBPF20	1	4	2.0	0.0
FANCD2	1	1	2.0	0.0
IL6R	1	2	2.0	0.0
RP11-463D19.1	1	2	2.0	0.0
EGFL7	2	2	2.0	0.0
PRTFDC1	1	2	2.0	0.0
TSG101	1	2	2.0	0.0
POP7	1	2	2.0	0.0
KIAA1377	2	3	2.0	0.0
PRPSAP1	1	2	2.0	0.0
Z95704.5	1	2	2.0	0.0
RP11-546O6.4	1	2	2.0	0.0
TECTB	1	2	2.0	0.0
BTBD9	2	2	2.0	0.0
ZNF396	1	2	2.0	0.0
SCN3B	1	2	2.0	0.0
KLK13	1	2	1.9999999999999998	0.0
JMJD8	1	2	1.9999999999999998	0.0
NAV2	1	2	1.9999999999999998	0.0
PPEF1	2	2	1.9999999999999998	0.0
FAM131B	1	2	1.9999999999999998	0.0
CNTRL	1	2	1.9999999999999998	0.0
TMEM134	1	2	1.9999999999999998	0.0
KHDRBS3	1	2	1.9999999999999998	0.0
ST5	2	2	1.9999999999999998	0.0
MAU2	1	2	1.9999999999999998	0.0
MYEF2	1	2	1.9999999999999998	0.0
ACAD9	1	2	1.9999999999999998	0.0
AP2M1	1	2	1.9999999999999998	0.0
PBX3	1	2	1.9999999999999996	0.0
CMTM3	1	2	1.9999999999999996	0.0
DNM1	2	2	1.9999999999999996	0.0
TRIM22	8	8	1.8999999999999997	0.0
RBM5	2	2	1.8181818181818183	0.0
TLK1	1	2	1.7999999999999998	0.0
LINC01088	3	3	1.7999999999999998	0.0
GGT2	8	12	1.7554347826086958	0.0
MTRF1L	1	3	1.7142857142857142	0.0
P2RX5	1	2	1.714285714285714	0.0
YAP1	1	2	1.714285714285714	0.0
RP11-506N2.1	3	3	1.6666666666666665	0.0
ODF2L	1	1	1.6666666666666665	0.0
LINC00691	2	2	1.6666666666666665	0.0
FSIP2	1	1	1.6666666666666665	0.0
CNTN6	1	2	1.6	0.0
KIAA0226L	1	2	1.571428571428571	0.0
ZNF704	2	3	1.5	0.0
TENM1	2	2	1.5	0.0
TRMT5	2	2	1.5	0.0
WDR19	2	3	1.5	0.0
UNC80	2	2	1.5	0.0
MTATP6P1	2	3	1.5	0.0
DIABLO	2	3	1.5	0.0
NME7	2	2	1.5	0.0
RP1	1	3	1.5	0.0
RP11-35G9.3	2	3	1.5	0.0
RP11-35G9.5	2	3	1.5	0.0
RP11-69I8.2	2	3	1.5	0.0
LMLN	1	3	1.5	0.0
RP11-782C8.1	1	1	1.5	0.0
PCDHGA9	1	3	1.5	0.0
ZRANB1	1	3	1.5	0.0
FLG2	2	2	1.5	0.0
PCDHB9	2	3	1.5	0.0
LMCD1-AS1	2	2	1.5	0.0
ZC3H7B	1	3	1.5	0.0
RP1-102H19.8	2	2	1.5	0.0
GH1	1	3	1.5	0.0
GH2	1	3	1.5	0.0
VNN1	2	2	1.5	0.0
OAS2	1	1	1.4999999999999998	0.0
ABHD12B	6	8	1.4611832611832611	0.0
DDX19A	2	3	1.4000000000000004	0.0
RAD21-AS1	2	3	1.4	0.0
DAND5	1	2	1.3333333333333333	0.0
ORC4	1	1	1.3333333333333333	0.0
NELFCD	1	2	1.3333333333333333	0.0
RP5-998N21.4	2	4	1.3333333333333333	0.0
PDIA5	1	2	1.3333333333333333	0.0
MPI	1	2	1.3333333333333333	0.0
BLMH	2	2	1.3333333333333333	0.0
LINC00301	1	2	1.3333333333333333	0.0
ZNF527	2	3	1.3333333333333333	0.0
AL109763.2	3	4	1.3333333333333333	0.0
LPP	1	1	1.3333333333333333	0.0
TMEM212	2	2	1.3333333333333333	0.0
FLNB	2	2	1.3333333333333333	0.0
RP11-196G18.3	2	4	1.3333333333333333	0.0
RP11-439A17.9	2	4	1.3333333333333333	0.0
CTD-2540F13.2	2	2	1.3333333333333333	0.0
RP5-971N18.3	2	2	1.3333333333333333	0.0
TPTEP1	2	3	1.2857142857142856	0.0
GGTLC2	3	3	1.2554347826086956	0.0
WDR47	1	2	1.25	0.0
RUNDC1	2	2	1.25	0.0
WDPCP	2	2	1.25	0.0
ARSG	1	2	1.2142857142857142	0.0
PI4KAP2	1	2	1.2000000000000002	0.0
SUMF1	2	3	1.2	0.0
GGT3P	8	12	1.1702898550724639	0.0
GGTLC3	8	12	1.1702898550724639	0.0
MTRNR2L8	2	2	1.1666666666666667	0.0
MRPL48	1	2	1.1666666666666667	0.0
PARP12	1	2	1.1666666666666665	0.0
CYP3A5	1	2	1.1666666666666665	0.0
ABCC9	5	5	1.1333333333333333	0.0
KCNIP3	2	2	1.125	0.0
REXO1L1	2	2	1.125	0.0
ATG13	2	2	1.1111111111111112	0.0
DNAL1	2	3	1.0952380952380953	0.0
PPP1R12A	1	1	1.0000000000000002	0.0
NEB	1	1	1.0000000000000002	0.0
INTS3	1	1	1.0000000000000002	0.0
TAF15	1	1	1.0000000000000002	0.0
ICA1	1	1	1.0000000000000002	0.0
BRE	1	1	1.0000000000000002	0.0
USP54	1	1	1.0000000000000002	0.0
NTM	1	1	1.0	0.0
SETD2	1	1	1.0	0.0
ATP8A2	1	1	1.0	0.0
GMCL1	1	1	1.0	0.0
RP11-752L20.5	1	1	1.0	0.0
C19orf67	1	1	1.0	0.0
NDUFA7	1	1	1.0	0.0
NDUFA8	1	1	1.0	0.0
ZNF700	1	1	1.0	0.0
PSTPIP1	1	1	1.0	0.0
RP5-837O21.1	1	1	1.0	0.0
AC007679.4	1	1	1.0	0.0
RP11-14D22.1	1	1	1.0	0.0
CTSC	1	1	1.0	0.0
DTX2P1	1	1	1.0	0.0
MPP7	1	1	1.0	0.0
RP11-545L5.1	1	1	1.0	0.0
SH3GL1P1	1	1	1.0	0.0
ZNF91	1	1	1.0	0.0
SULT2A1	1	1	1.0	0.0
SV2B	1	1	1.0	0.0
PSMD3	1	1	1.0	0.0
ATP8B2	1	1	1.0	0.0
NECAP2	1	1	1.0	0.0
RSPRY1	1	1	1.0	0.0
KCNQ4	1	1	1.0	0.0
C10orf126	1	1	1.0	0.0
PRICKLE3	1	1	1.0	0.0
KCTD10	1	1	1.0	0.0
ATF7IP2	1	1	1.0	0.0
INTS10	1	1	1.0	0.0
MED13L	1	1	1.0	0.0
SUGT1	1	1	1.0	0.0
RP11-664D7.4	1	1	1.0	0.0
RNU6-335P	1	1	1.0	0.0
LRFN3	1	1	1.0	0.0
THAP10	1	1	1.0	0.0
B3GNT2	1	1	1.0	0.0
EFCAB1	1	1	1.0	0.0
MLIP	1	1	1.0	0.0
ENTPD7	1	1	1.0	0.0
CTSA	1	1	1.0	0.0
MAP4K1	1	1	1.0	0.0
EFCAB5	1	1	1.0	0.0
GCLC	1	1	1.0	0.0
AC007682.1	1	1	1.0	0.0
LINC00537	1	1	1.0	0.0
KCNT2	1	1	1.0	0.0
PSMA2	1	1	1.0	0.0
ABHD16B	1	1	1.0	0.0
COL22A1	1	1	1.0	0.0
ENTHD1	1	1	1.0	0.0
CCT5P2	1	1	1.0	0.0
MUTYH	1	1	1.0	0.0
TLR7	1	1	1.0	0.0
RP11-725D20.1	1	1	1.0	0.0
ANKRD55	1	1	1.0	0.0
UBQLN1	1	1	1.0	0.0
CBX1	1	1	1.0	0.0
ABCC6	1	1	1.0	0.0
ABCC4	1	1	1.0	0.0
HYDIN	1	1	1.0	0.0
RP11-317P15.6	1	1	1.0	0.0
STAT1	1	1	1.0	0.0
TECPR1	1	1	1.0	0.0
AFF2	1	1	1.0	0.0
TECPR2	1	1	1.0	0.0
RBM27	1	1	1.0	0.0
RP11-959F10.5	1	1	1.0	0.0
ANKRD36	2	2	1.0	0.0
CHADL	1	1	1.0	0.0
SCAPER	1	1	1.0	0.0
SGCB	1	1	1.0	0.0
AC023632.1	1	1	1.0	0.0
POGK	1	1	1.0	0.0
ANKRD26	1	1	1.0	0.0
HERC6	1	1	1.0	0.0
ABCE1	1	1	1.0	0.0
DYNC1H1	1	1	1.0	0.0
IP6K1	1	1	1.0	0.0
RP11-220I1.1	1	1	1.0	0.0
DNAJC10	1	1	1.0	0.0
RAD54B	1	1	1.0	0.0
GLTSCR1L	1	1	1.0	0.0
NOTCH4	1	1	1.0	0.0
FAM184B	1	1	1.0	0.0
TULP4	1	1	1.0	0.0
MIR1302-2	1	1	1.0	0.0
RARS2	1	1	1.0	0.0
SYS1	1	1	1.0	0.0
AGBL2	1	1	1.0	0.0
NKX2-5	1	1	1.0	0.0
RN7SL222P	1	1	1.0	0.0
FAM102B	1	1	1.0	0.0
LAMB4	1	1	1.0	0.0
LEAP2	1	1	1.0	0.0
DENND2C	1	1	1.0	0.0
RP11-528A4.2	1	1	1.0	0.0
MTFMT	1	1	1.0	0.0
GIGYF2	1	1	1.0	0.0
IGLV3-27	1	1	1.0	0.0
FER1L5	1	1	1.0	0.0
RFC1	1	1	1.0	0.0
RP11-180P8.3	1	1	1.0	0.0
GCC2	1	1	1.0	0.0
RN7SL264P	1	1	1.0	0.0
RP11-747H7.1	1	1	1.0	0.0
IGLV3-30	1	1	1.0	0.0
H2AFV	1	1	1.0	0.0
PLOD1	1	1	1.0	0.0
DNASE1L1	1	1	1.0	0.0
PWP2	1	1	1.0	0.0
FBN1	1	1	1.0	0.0
RP11-21B21.4	1	1	1.0	0.0
CHD1	1	1	1.0	0.0
CTB-131B5.5	1	1	1.0	0.0
ZNF512B	1	1	1.0	0.0
FDX1P2	1	1	1.0	0.0
DPF1	1	1	1.0	0.0
TKTL2	1	1	1.0	0.0
SYCP2L	1	1	1.0	0.0
RP11-658F2.8	1	1	1.0	0.0
HAGH	1	1	1.0	0.0
KTN1	1	1	1.0	0.0
RP11-15N24.4	1	1	1.0	0.0
NUSAP1	1	1	1.0	0.0
RP11-67K19.3	1	1	1.0	0.0
LRWD1	1	1	1.0	0.0
C2orf91	1	1	1.0	0.0
RP11-433M22.2	1	1	1.0	0.0
RASL10B	1	1	1.0	0.0
DCAF10	1	2	1.0	0.0
RPL3P7	1	1	1.0	0.0
TENC1	1	1	1.0	0.0
FER	1	1	1.0	0.0
RP11-280K24.4	1	1	1.0	0.0
CYB5R4	1	1	1.0	0.0
AC111200.2	1	1	1.0	0.0
TRNT1	1	1	1.0	0.0
CACNA2D4	1	1	1.0	0.0
MTND4P29	1	1	1.0	0.0
ANKH	1	1	1.0	0.0
HERPUD2	1	1	1.0	0.0
GPR137C	1	1	1.0	0.0
SMCHD1	1	1	1.0	0.0
FOCAD	1	1	1.0	0.0
CTB-78F1.1	1	1	1.0	0.0
NUMB	1	1	1.0	0.0
RP11-277L2.4	1	1	1.0	0.0
FGG	1	1	1.0	0.0
RP11-472K22.2	1	1	1.0	0.0
C1orf145	1	1	1.0	0.0
C1orf141	1	1	1.0	0.0
STX7	1	1	1.0	0.0
C1orf106	1	1	1.0	0.0
NMNAT1	1	1	1.0	0.0
NGB	1	1	1.0	0.0
KDM2B	1	1	1.0	0.0
DIS3L	1	1	1.0	0.0
LINC00939	1	1	1.0	0.0
NUDT3	1	1	1.0	0.0
SPTLC2	1	1	1.0	0.0
NUDT4	1	1	1.0	0.0
BVES-AS1	1	1	1.0	0.0
UNC5B	1	1	1.0	0.0
OLFML3	1	1	1.0	0.0
AL592494.5	1	1	1.0	0.0
OLFML1	1	3	1.0	0.0
LDHAL6CP	1	1	1.0	0.0
STK36	1	1	1.0	0.0
RP4-734G22.3	1	1	1.0	0.0
ZBTB1	1	1	1.0	0.0
CMTM7	1	1	1.0	0.0
NARFL	1	1	1.0	0.0
RP11-61I13.3	1	1	1.0	0.0
RP11-114H7.1	1	1	1.0	0.0
RASSF4	1	1	1.0	0.0
MARCH1	1	1	1.0	0.0
FADS2	1	2	1.0	0.0
C13orf45	1	1	1.0	0.0
PRED60	1	1	1.0	0.0
PCSK7	1	1	1.0	0.0
SOS1	1	2	1.0	0.0
PCDHB18	1	1	1.0	0.0
DGKB	1	1	1.0	0.0
CTD-2325M2.1	1	1	1.0	0.0
ZNF780A	1	1	1.0	0.0
PCDHB10	1	2	1.0	0.0
ZNF654	1	1	1.0	0.0
ZNF658	1	1	1.0	0.0
AC004951.6	1	1	1.0	0.0
ENOX1	1	1	1.0	0.0
RP11-53B2.3	1	1	1.0	0.0
RP11-113D6.10	1	1	1.0	0.0
MXD4	1	1	1.0	0.0
DARS2	1	1	1.0	0.0
TLE1	1	1	1.0	0.0
DPP6	1	1	1.0	0.0
PDIA6	1	1	1.0	0.0
GAS2L3	1	1	1.0	0.0
TLL2	1	1	1.0	0.0
WDR62	1	2	1.0	0.0
KCNK3	1	1	1.0	0.0
CCDC158	1	1	1.0	0.0
CCDC157	1	1	1.0	0.0
FAHD2A	1	1	1.0	0.0
TCF3	1	1	1.0	0.0
CTD-2354A18.1	1	1	1.0	0.0
RP11-247A12.2	2	4	1.0	0.0
HLA-DRB6	1	1	1.0	0.0
DAAM1	1	1	1.0	0.0
NAGK	1	1	1.0	0.0
MYO18A	1	1	1.0	0.0
RPS13	1	1	1.0	0.0
ZNF236	1	1	1.0	0.0
PITPNM1	1	1	1.0	0.0
C1orf63	1	1	1.0	0.0
RP1-178F10.1	1	1	1.0	0.0
SPIRE2	1	1	1.0	0.0
ROCK2	1	1	1.0	0.0
RP11-73M7.6	1	1	1.0	0.0
ZNF45	1	1	1.0	0.0
RP11-163N6.2	1	1	1.0	0.0
ANKLE2	1	1	1.0	0.0
LA16c-380H5.5	1	1	1.0	0.0
KLHL34	1	1	1.0	0.0
SH3BP1	1	1	1.0	0.0
ALOX5	1	1	1.0	0.0
SLC5A6	1	1	1.0	0.0
TMEM165	1	1	1.0	0.0
PRLR	1	1	1.0	0.0
LRRC16B	1	1	1.0	0.0
SIRT3	1	1	1.0	0.0
PAPLN	1	1	1.0	0.0
ZBTB7A	1	1	1.0	0.0
HRC	1	1	1.0	0.0
GEMIN6	1	1	1.0	0.0
SLC39A7	1	1	1.0	0.0
CTD-2144E22.8	1	1	1.0	0.0
RP11-111M22.2	1	1	1.0	0.0
AKAP9	1	1	1.0	0.0
PGM5P2	1	1	1.0	0.0
UBE3B	1	1	1.0	0.0
ZBTB8B	1	1	1.0	0.0
PRKD3	1	1	1.0	0.0
KB-226F1.2	1	1	1.0	0.0
KLHL11	1	1	1.0	0.0
MSANTD1	1	1	1.0	0.0
UBE2A	1	1	1.0	0.0
BCAM	1	1	1.0	0.0
PPIP5K2	1	1	1.0	0.0
Y_RNA.592	1	1	1.0	0.0
RP11-223A3.1	1	1	1.0	0.0
NYNRIN	1	1	1.0	0.0
ULK2	1	1	1.0	0.0
RP3-335N17.2	1	1	1.0	0.0
PKMP1	1	1	1.0	0.0
RP11-466A19.1	1	1	1.0	0.0
CARS-AS1	1	1	1.0	0.0
MIR4523	1	1	1.0	0.0
TCL6	1	1	1.0	0.0
AC007126.1	1	1	1.0	0.0
MTCH2	1	1	1.0	0.0
RP11-303E16.6	1	1	1.0	0.0
IRAK3	1	1	1.0	0.0
PRR7	1	1	1.0	0.0
CAV2	1	1	1.0	0.0
ASB4	1	1	1.0	0.0
NRSN2	1	1	1.0	0.0
CLIP2	1	1	1.0	0.0
PIGFP2	1	1	1.0	0.0
SERHL2	1	1	1.0	0.0
NDEL1	1	1	1.0	0.0
SNTN	1	1	1.0	0.0
KIAA0087	1	1	1.0	0.0
MS4A1	1	1	1.0	0.0
RP11-38P22.2	1	1	1.0	0.0
ACSS2	1	1	1.0	0.0
OCLN	1	1	1.0	0.0
TATDN2P2	1	1	1.0	0.0
AC018890.4	1	1	1.0	0.0
SVIL	1	1	1.0	0.0
CHML	1	1	1.0	0.0
RAB37	1	1	1.0	0.0
TEX15	1	1	1.0	0.0
TUBA8	1	1	1.0	0.0
PDS5A	1	1	1.0	0.0
EIF4ENIF1	1	1	1.0	0.0
AC004980.7	1	1	1.0	0.0
AC006947.1	1	1	1.0	0.0
FUT4	1	1	1.0	0.0
APBA3	1	1	1.0	0.0
C9orf96	1	1	1.0	0.0
CYB561D2	1	1	1.0	0.0
SLC39A10	1	1	1.0	0.0
ZBTB10	1	1	1.0	0.0
DACT3	1	2	1.0	0.0
ZDHHC15	1	1	1.0	0.0
LINC00479	1	1	1.0	0.0
INCA1	1	1	1.0	0.0
ARTN	1	1	1.0	0.0
FANCC	1	1	1.0	0.0
C12orf44	1	1	1.0	0.0
AGPAT3	1	1	1.0	0.0
TUBB6	1	1	1.0	0.0
FITM2	1	1	1.0	0.0
ATG2B	1	1	1.0	0.0
FERMT1	1	1	1.0	0.0
RAB5C	1	1	1.0	0.0
SLC26A4-AS1	1	1	1.0	0.0
XXyac-YX65C7_A.3	1	1	1.0	0.0
LINC00887	1	1	1.0	0.0
MUCL1	1	1	1.0	0.0
ZBTB44	1	1	1.0	0.0
OACYLP	1	1	1.0	0.0
CELSR2	1	1	1.0	0.0
RP11-713M15.2	1	1	1.0	0.0
C9orf47	1	1	1.0	0.0
HIP1	1	1	1.0	0.0
TRMT44	1	1	1.0	0.0
RIMS1	1	1	1.0	0.0
PLA2G2D	1	1	1.0	0.0
GPATCH11	1	1	1.0	0.0
EPS8L3	1	1	1.0	0.0
MLLT10	1	1	1.0	0.0
PRDM6	1	1	1.0	0.0
LRCH1	1	1	1.0	0.0
LETM1	1	1	1.0	0.0
FARP1	1	1	1.0	0.0
F11R	1	1	1.0	0.0
RSPH3	1	1	1.0	0.0
ATP2B3	1	1	1.0	0.0
TPD52	1	1	1.0	0.0
DZIP1	1	1	1.0	0.0
DENND4A	1	1	1.0	0.0
RP11-114H20.1	1	2	1.0	0.0
AJUBA	1	1	1.0	0.0
RP11-1072C15.2	1	1	1.0	0.0
RP11-115C21.2	1	1	1.0	0.0
HRH1	1	1	1.0	0.0
AC011747.4	1	1	1.0	0.0
BTN2A1	1	1	1.0	0.0
CRLF1	1	1	1.0	0.0
AC009495.2	1	1	1.0	0.0
PTCHD1	1	1	1.0	0.0
RP3-400B16.1	1	1	1.0	0.0
AL139147.1	1	1	1.0	0.0
IFT81	1	2	1.0	0.0
MCC	1	1	1.0	0.0
TXNRD2	1	1	1.0	0.0
CNTN2	1	1	1.0	0.0
RP11-231D20.2	1	1	1.0	0.0
SLC35E3	1	1	1.0	0.0
PMM2	1	1	1.0	0.0
AC011385.1	1	1	1.0	0.0
MCU	1	1	1.0	0.0
RNF144A-AS1	1	1	1.0	0.0
KIF17	1	1	1.0	0.0
ARL1	1	1	1.0	0.0
MAN2B1	1	2	1.0	0.0
CASP9	1	1	1.0	0.0
SPRY4	1	1	1.0	0.0
PTOV1-AS1	1	1	1.0	0.0
RAI1	1	1	1.0	0.0
ABL2	1	1	1.0	0.0
TUBD1	1	1	1.0	0.0
DSG2	1	1	1.0	0.0
R3HDM2	1	1	1.0	0.0
RP13-254B10.1	1	1	1.0	0.0
HELLS	1	1	1.0	0.0
P2RY8	1	1	1.0	0.0
NOSTRIN	1	1	1.0	0.0
PHKA1	1	1	1.0	0.0
ABCA9	1	1	1.0	0.0
HDLBP	1	1	1.0	0.0
RP11-144G16.1	1	1	1.0	0.0
FGD2	1	1	1.0	0.0
CTD-2228K2.5	1	1	1.0	0.0
SNORD105	1	1	1.0	0.0
PNPLA7	1	1	1.0	0.0
RP11-20I20.2	1	1	1.0	0.0
YTHDF1	1	1	1.0	0.0
DFFA	1	1	1.0	0.0
BEND3	1	1	1.0	0.0
DNAJC2	1	1	1.0	0.0
CXCL11	1	1	1.0	0.0
TXLNA	1	1	1.0	0.0
PDX1	1	1	1.0	0.0
CTC-379B2.4	1	1	1.0	0.0
NUP62CL	1	1	1.0	0.0
LINC00327	1	1	1.0	0.0
KATNAL2	1	1	1.0	0.0
CP	1	1	1.0	0.0
PRSS27	1	1	1.0	0.0
KCMF1	1	1	1.0	0.0
RP11-428P16.2	1	1	1.0	0.0
CS	1	1	1.0	0.0
NSFL1C	1	1	1.0	0.0
LZTR1	1	1	1.0	0.0
EXOC6	1	1	1.0	0.0
LRRTM2	1	1	1.0	0.0
ZNF169	1	1	1.0	0.0
GS1-122H1.2	1	1	1.0	0.0
TMCO1	1	1	1.0	0.0
SERPINB5	1	2	1.0	0.0
OSTM1	1	1	1.0	0.0
TTF1	1	1	1.0	0.0
PGAP1	1	1	1.0	0.0
IAH1	1	1	1.0	0.0
TMEM104	1	1	1.0	0.0
RP1-239B22.5	1	2	1.0	0.0
C10orf11	1	1	1.0	0.0
FGF8	1	1	1.0	0.0
FGF5	1	1	1.0	0.0
GS1-256O22.1	1	1	1.0	0.0
SRSF8	1	1	1.0	0.0
APCDD1L	1	1	1.0	0.0
SRSF3	1	1	1.0	0.0
AC126614.1	1	1	1.0	0.0
CTD-2200P10.1	1	1	1.0	0.0
VWA3A	1	1	1.0	0.0
FGL1	1	1	1.0	0.0
PABPC3	1	1	1.0	0.0
Y_RNA.139	1	1	1.0	0.0
VWA5B1	1	1	1.0	0.0
LYL1	1	1	1.0	0.0
NCAPG2	1	1	1.0	0.0
KRT8P51	1	1	1.0	0.0
ZNF511	1	1	1.0	0.0
AP001065.15	1	1	1.0	0.0
CHORDC1	1	1	1.0	0.0
ABAT	1	1	1.0	0.0
BACE1	1	1	1.0	0.0
C7orf25	1	1	1.0	0.0
BACE2	1	1	1.0	0.0
KIAA1522	1	1	1.0	0.0
TMEM131	1	1	1.0	0.0
FAM211A	1	1	1.0	0.0
USHBP1	1	1	1.0	0.0
MTPAP	1	1	1.0	0.0
HSPA8P4	1	1	1.0	0.0
ZNF507	1	1	1.0	0.0
ZNF506	1	1	1.0	0.0
SHANK2-AS3	1	1	1.0	0.0
Z95114.7	1	1	1.0	0.0
PIK3CG	1	1	1.0	0.0
TMEM14B	1	1	1.0	0.0
CUL5	1	1	1.0	0.0
TMEM147	1	1	1.0	0.0
RP11-525K10.3	1	1	1.0	0.0
MED22	1	1	1.0	0.0
RP11-80I15.1	1	1	1.0	0.0
GBGT1	1	1	1.0	0.0
RP11-166B2.3	1	1	1.0	0.0
RP11-390B4.5	1	1	1.0	0.0
SPTAN1	1	1	1.0	0.0
LIPJ	1	1	1.0	0.0
RP11-69C13.1	1	1	1.0	0.0
C8orf86	1	1	1.0	0.0
ACPL2	1	1	1.0	0.0
MUC20	1	1	1.0	0.0
RP11-617J18.1	1	1	1.0	0.0
TNFRSF19	1	1	1.0	0.0
MOAP1	1	1	1.0	0.0
RP11-69C17.3	1	1	1.0	0.0
MUC3A	1	1	1.0	0.0
LL22NC03-123E1.5	1	1	1.0	0.0
BTNL2	1	1	1.0	0.0
RP11-175P19.2	1	1	1.0	0.0
SDR39U1	1	1	1.0	0.0
AKT2	1	1	1.0	0.0
RP11-339D23.1	1	1	1.0	0.0
ACYP2	1	1	1.0	0.0
PIGF	1	1	1.0	0.0
MKLN1	1	1	1.0	0.0
RP11-369G6.3	1	1	1.0	0.0
CRX	1	1	1.0	0.0
IDH1-AS1	1	1	1.0	0.0
DPY19L4	1	1	1.0	0.0
MTND6P4	2	2	1.0	0.0
MUC5B	1	1	1.0	0.0
PARD6G	1	1	1.0	0.0
RHOT1	1	1	1.0	0.0
ZMYM6	1	1	1.0	0.0
ZMYM1	1	1	1.0	0.0
GABARAPL3	1	1	1.0	0.0
RNF10	1	1	1.0	0.0
C8orf31	1	1	1.0	0.0
ONECUT3	1	1	1.0	0.0
PKHD1	1	1	1.0	0.0
UBE2DNL	1	1	1.0	0.0
IQCG	1	1	1.0	0.0
KRTAP4-6	1	1	1.0	0.0
UBIAD1	1	1	1.0	0.0
SATB1	1	1	1.0	0.0
SCAMP1	1	1	1.0	0.0
DERA	1	1	1.0	0.0
MRGPRX2	1	1	1.0	0.0
CNP	1	1	1.0	0.0
RN7SL852P	1	1	1.0	0.0
RP11-536K7.3	1	1	1.0	0.0
MEX3C	1	1	1.0	0.0
DRP2	1	1	1.0	0.0
YAF2	1	1	1.0	0.0
PAPOLA	1	1	1.0	0.0
CAPRIN2	1	1	1.0	0.0
POLR3E	1	1	1.0	0.0
FAM47C	1	1	1.0	0.0
TARS2P1	1	1	1.0	0.0
SETBP1	1	1	1.0	0.0
BCAS4	1	2	1.0	0.0
CLVS1	1	1	1.0	0.0
RP13-20L14.6	1	1	1.0	0.0
MEFV	1	1	1.0	0.0
ELMOD3	1	1	1.0	0.0
SLC19A1	1	1	1.0	0.0
RP11-295M18.6	1	1	1.0	0.0
RP11-231E19.1	1	1	1.0	0.0
CA14	1	1	1.0	0.0
RP11-109M19.2	1	1	1.0	0.0
AC112198.1	1	1	1.0	0.0
MED6	1	1	1.0	0.0
RP5-1024G6.8	1	1	1.0	0.0
RN7SL134P	1	1	1.0	0.0
AC018696.2	1	1	1.0	0.0
AL133373.1	1	1	1.0	0.0
CAMKK1	1	1	1.0	0.0
AC006115.3	1	1	1.0	0.0
ENY2	1	1	1.0	0.0
THRB-AS1	1	1	1.0	0.0
TMOD3	1	1	1.0	0.0
CHRNB4	1	1	1.0	0.0
AC005307.3	1	1	1.0	0.0
AC022182.3	1	1	1.0	0.0
FAM95B1	1	1	1.0	0.0
PMEL	1	1	1.0	0.0
SBF1P1	1	1	1.0	0.0
PASD1	1	1	1.0	0.0
IGF2BP3	1	1	1.0	0.0
CEP164	1	1	1.0	0.0
AKAP13	1	1	1.0	0.0
IGF2BP1	1	1	1.0	0.0
RP11-154P18.2	1	1	1.0	0.0
SRSF10	1	1	1.0	0.0
HS3ST3B1	1	1	1.0	0.0
GAPVD1	1	1	1.0	0.0
OR52K3P	1	1	1.0	0.0
RP11-192P3.4	1	2	1.0	0.0
NUP35	1	1	1.0	0.0
RAPGEF4	1	1	1.0	0.0
CLEC4A	1	1	1.0	0.0
COL4A3BP	1	2	1.0	0.0
TRAK2	1	1	1.0	0.0
MEI1	1	1	1.0	0.0
ERLEC1	1	1	1.0	0.0
MTND5P29	1	1	1.0	0.0
ADCY8	1	1	1.0	0.0
ADCY1	1	1	1.0	0.0
RDH16	1	1	1.0	0.0
MAMLD1	1	1	1.0	0.0
RP11-395L14.17	1	1	1.0	0.0
TAB3	1	1	1.0	0.0
RP11-1094H24.4	1	1	1.0	0.0
C15orf27	1	1	1.0	0.0
XXbac-BPG154L12.4	1	1	1.0	0.0
FLT1	1	2	1.0	0.0
ODF2	1	1	1.0	0.0
SHISA9	1	1	1.0	0.0
C18orf63	1	1	1.0	0.0
CDKAL1	1	1	1.0	0.0
NFYC	1	1	1.0	0.0
NR3C2	1	1	1.0	0.0
DCK	1	1	1.0	0.0
MFSD12	1	1	1.0	0.0
INPP4B	1	1	1.0	0.0
DDT	1	1	1.0	0.0
FRMD4A	1	1	1.0	0.0
HUNK	1	1	1.0	0.0
RP11-363G10.2	1	2	1.0	0.0
VASP	1	1	1.0	0.0
ATP6V1H	1	1	1.0	0.0
METTL6	1	2	1.0	0.0
TRPM4	1	1	1.0	0.0
RN7SL694P	1	1	1.0	0.0
PEX2	1	1	1.0	0.0
C15orf40	1	1	1.0	0.0
METRN	1	1	1.0	0.0
FRMD3	1	1	1.0	0.0
ZKSCAN1	1	1	1.0	0.0
ARID4B	1	1	1.0	0.0
RP11-317N12.1	1	1	1.0	0.0
IBA57	1	1	1.0	0.0
USPL1	1	1	1.0	0.0
ABCB10P1	1	1	1.0	0.0
RP11-731D1.4	1	1	1.0	0.0
SHANK2	1	1	1.0	0.0
TAF8	1	1	1.0	0.0
CTB-36O1.3	1	2	1.0	0.0
GPR26	1	1	1.0	0.0
TPST2P1	1	1	1.0	0.0
ASTN2	1	1	1.0	0.0
SLC38A10	1	1	1.0	0.0
BPIFB1	1	1	1.0	0.0
MAVS	1	1	1.0	0.0
CTD-3193O13.9	1	1	1.0	0.0
OGFRL1	1	1	1.0	0.0
HES7	1	1	1.0	0.0
PHRF1	1	1	1.0	0.0
RP11-371E8.2	1	1	1.0	0.0
RP11-257I14.1	1	1	1.0	0.0
RP11-439L8.3	1	1	1.0	0.0
ADH1B	1	1	1.0	0.0
RP11-804F13.1	1	1	1.0	0.0
MMS19	1	1	1.0	0.0
CRIP1P3	1	2	1.0	0.0
SELT	1	1	1.0	0.0
CAPN2	1	1	1.0	0.0
LINC00029	1	1	1.0	0.0
CAPN6	1	1	1.0	0.0
RP11-857B24.1	1	1	1.0	0.0
ZNF471	1	1	1.0	0.0
WIPF3	1	2	1.0	0.0
LIMD2	1	1	1.0	0.0
NUP214	2	3	1.0	0.0
RPL38	1	1	1.0	0.0
CYCSP2	1	1	1.0	0.0
LRRIQ3	1	1	1.0	0.0
DNM1P35	1	1	1.0	0.0
RP4-781K5.6	1	1	1.0	0.0
KIAA1217	1	1	1.0	0.0
GNB5	1	1	1.0	0.0
NUP205	1	1	1.0	0.0
MROH1	1	1	1.0	0.0
FLNC	1	1	1.0	0.0
GMEB1	1	1	1.0	0.0
ARHGEF1	1	1	1.0	0.0
RP11-174G6.5	1	1	1.0	0.0
C22orf24	1	1	1.0	0.0
LSM14B	1	1	1.0	0.0
KCNK15	1	1	1.0	0.0
CHRNE	1	1	1.0	0.0
SYTL5	1	1	1.0	0.0
CTD-3032J10.3	1	1	1.0	0.0
MZF1	1	1	1.0	0.0
AC000036.4	1	1	1.0	0.0
AC002480.3	1	1	1.0	0.0
AC006486.1	1	1	1.0	0.0
RP11-320G24.1	1	1	1.0	0.0
RP1-74B13.2	1	1	1.0	0.0
PRPF40A	1	1	1.0	0.0
AK4P6	1	1	1.0	0.0
HEXIM1	1	1	1.0	0.0
NAGLU	1	1	1.0	0.0
OR1AB1P	1	1	1.0	0.0
ADAMTS4	1	1	1.0	0.0
AC027238.1	1	1	1.0	0.0
KIAA1671	1	1	1.0	0.0
SNHG17	1	1	1.0	0.0
ZZZ3	1	1	1.0	0.0
CDHR3	1	1	1.0	0.0
RCOR3	1	3	1.0	0.0
IBTK	1	1	1.0	0.0
MTERFD2	1	1	1.0	0.0
RP11-296L20.1	1	1	1.0	0.0
RP11-452D2.2	1	2	1.0	0.0
AP001007.1	1	1	1.0	0.0
HSD17B7P2	1	1	1.0	0.0
MT-RNR1	1	1	1.0	0.0
KAZALD1	1	1	1.0	0.0
ATXN2	1	1	1.0	0.0
RP11-643A5.2	1	1	1.0	0.0
RP11-435O5.2	1	1	1.0	0.0
OR10H5	1	1	1.0	0.0
NFASC	1	1	1.0	0.0
LINC00654	1	1	1.0	0.0
SVEP1	1	1	1.0	0.0
LINC00657	1	1	1.0	0.0
CRIM1	1	1	1.0	0.0
SLC25A45	1	1	1.0	0.0
POU2F1	1	1	1.0	0.0
ARHGAP44	1	2	1.0	0.0
C6orf132	1	1	1.0	0.0
AP000350.4	1	1	1.0	0.0
DNAH8	1	1	1.0	0.0
LINC00649	1	1	1.0	0.0
CYTH2	1	1	1.0	0.0
DNAH3	1	1	1.0	0.0
ENDOV	1	1	1.0	0.0
GPR108	1	1	1.0	0.0
C9orf114	1	1	1.0	0.0
EVPL	1	1	1.0	0.0
CD84	1	1	1.0	0.0
EML6	1	2	1.0	0.0
NLRP3	1	1	1.0	0.0
UBN2	1	1	1.0	0.0
RP11-983P16.4	1	1	1.0	0.0
MAPKBP1	1	1	1.0	0.0
RP11-408H1.3	1	1	1.0	0.0
FOXK1	1	1	1.0	0.0
AEBP1	1	1	1.0	0.0
CDK19	1	1	1.0	0.0
SPTBN2	1	1	1.0	0.0
KCTD6	1	1	1.0	0.0
KAT5	1	1	1.0	0.0
KCTD3	1	1	1.0	0.0
LCE2A	1	1	1.0	0.0
KLB	1	1	1.0	0.0
KAT7	1	1	1.0	0.0
FN1	1	1	1.0	0.0
RP11-575L7.4	1	1	1.0	0.0
LOH12CR2	1	1	1.0	0.0
RP11-434I12.2	1	1	1.0	0.0
TRH	1	1	1.0	0.0
ROPN1	1	1	1.0	0.0
LINC00052	1	1	1.0	0.0
GAL3ST4	1	1	1.0	0.0
PACS1	1	1	1.0	0.0
AC007050.18	1	1	1.0	0.0
RP11-506K6.4	1	1	1.0	0.0
RP11-580I1.1	1	1	1.0	0.0
RRP9	1	1	1.0	0.0
CTB-33O18.3	1	1	1.0	0.0
PPP4C	1	1	1.0	0.0
RP11-480G7.2	1	1	1.0	0.0
TRIM45	1	1	1.0	0.0
PTGIS	1	2	1.0	0.0
FAM199X	1	1	1.0	0.0
NT5DC3	1	1	1.0	0.0
RASGEF1B	1	1	1.0	0.0
CEP78	1	1	1.0	0.0
ATP6V0A4	1	1	1.0	0.0
RP11-57H12.3	1	1	1.0	0.0
ATP5A1	1	1	1.0	0.0
NINL	1	1	1.0	0.0
RP11-456P18.2	1	1	1.0	0.0
TEX9	1	1	1.0	0.0
DLGAP5	1	1	1.0	0.0
LRRN4	1	1	1.0	0.0
BAZ2B	1	1	1.0	0.0
PRAP1	1	1	1.0	0.0
THAP3	1	1	1.0	0.0
PARD3	1	1	1.0	0.0
MYO5A	1	1	1.0	0.0
RP3-402G11.25	1	1	1.0	0.0
MORC2	1	1	1.0	0.0
CCNK	1	1	1.0	0.0
SAA1	2	2	1.0	0.0
SAA2	2	2	1.0	0.0
SPINK9	1	1	1.0	0.0
SENP6	1	1	1.0	0.0
MITD1	1	1	1.0	0.0
ZMAT5	1	1	1.0	0.0
AP003733.1	1	1	1.0	0.0
C4orf32	1	1	1.0	0.0
DMTF1	1	2	1.0	0.0
RP11-622C24.1	1	1	1.0	0.0
ATP6V0E2	1	1	1.0	0.0
snoU13.294	1	1	1.0	0.0
TNKS1BP1	1	1	1.0	0.0
FTX	1	1	1.0	0.0
CD5L	1	1	1.0	0.0
TKT	1	1	1.0	0.0
CNKSR3	1	1	1.0	0.0
ABR	1	1	1.0	0.0
IKZF2	1	1	1.0	0.0
FBXO7	1	1	1.0	0.0
TFCP2L1	1	1	1.0	0.0
RALYL	1	1	1.0	0.0
KAZN	1	1	1.0	0.0
TPST1	1	1	1.0	0.0
CTD-2370N5.3	1	1	1.0	0.0
RP11-855O10.2	1	1	1.0	0.0
BTF3L4	1	1	1.0	0.0
DCTN2	1	1	1.0	0.0
DCTN1	1	1	1.0	0.0
RP11-712B9.5	1	1	1.0	0.0
RP3-523K23.2	1	1	1.0	0.0
RPUSD3	1	1	1.0	0.0
snoU13.75	1	2	1.0	0.0
VPS33A	1	1	1.0	0.0
SIDT2	1	1	1.0	0.0
DNAJB14	1	1	1.0	0.0
RN7SL338P	1	1	1.0	0.0
RRN3P1	1	1	1.0	0.0
RP11-1J7.1	1	1	1.0	0.0
ADI1	1	1	1.0	0.0
CNNM1	1	1	1.0	0.0
TMC4	1	2	1.0	0.0
COBLL1	1	1	1.0	0.0
ALKBH6	1	1	1.0	0.0
EHD2	1	1	1.0	0.0
SCNN1A	1	1	1.0	0.0
SEC16A	1	1	1.0	0.0
PRRG4	1	1	1.0	0.0
PRRG3	1	1	1.0	0.0
RP11-443A13.5	1	1	1.0	0.0
HS3ST6	1	1	1.0	0.0
SNX18	1	1	1.0	0.0
VPS29	1	1	1.0	0.0
MAPRE1	1	1	1.0	0.0
JMJD1C	1	1	1.0	0.0
CAPN12	1	1	1.0	0.0
RP11-797H7.1	1	1	1.0	0.0
GAK	1	1	1.0	0.0
SLC7A14	1	1	1.0	0.0
SIGLEC10	1	1	1.0	0.0
MARCKSL1P2	1	1	1.0	0.0
ZCCHC9	1	1	1.0	0.0
PAX7	1	1	1.0	0.0
RP11-21L23.2	1	1	1.0	0.0
CCHCR1	1	1	1.0	0.0
THADA	1	1	1.0	0.0
PAX5	1	1	1.0	0.0
LRRC8A	1	1	1.0	0.0
CLSTN2	1	1	1.0	0.0
ANKRD36C	2	2	1.0	0.0
RP11-635L1.3	1	1	1.0	0.0
HDAC6	1	1	1.0	0.0
RP11-244H3.1	1	1	1.0	0.0
AIM1	1	1	1.0	0.0
RP11-744K17.9	1	1	1.0	0.0
AL359091.2	1	1	1.0	0.0
ADRA2A	1	1	1.0	0.0
TFDP2	1	1	1.0	0.0
CERS2	1	1	1.0	0.0
FBXW7	1	1	1.0	0.0
CTD-2162K18.5	1	1	1.0	0.0
CERS3	1	1	1.0	0.0
CCL8	1	1	1.0	0.0
LRBA	1	1	1.0	0.0
TM4SF19	1	2	1.0	0.0
NEU3	1	1	1.0	0.0
NFE2L1	1	1	1.0	0.0
NEU1	1	1	1.0	0.0
BAIAP2	1	1	1.0	0.0
HLA-L	1	1	1.0	0.0
SNX29P2	1	1	1.0	0.0
FRS2	1	1	1.0	0.0
NR2E3	1	1	1.0	0.0
SRCIN1	1	1	1.0	0.0
MPZL1	1	1	1.0	0.0
GNA13	1	1	1.0	0.0
LRP6	1	1	1.0	0.0
GANC	1	1	1.0	0.0
MTND1P23	1	2	1.0	0.0
RP11-866E20.3	1	1	1.0	0.0
CTC-523E23.5	1	1	1.0	0.0
CWC25	1	2	1.0	0.0
USP31	1	1	1.0	0.0
FAM71F2	1	1	1.0	0.0
MTMR6	1	1	1.0	0.0
PAPSS1	1	1	1.0	0.0
ANKS6	1	1	1.0	0.0
RP11-542K23.9	1	1	1.0	0.0
IGSF11	1	1	1.0	0.0
MTMR2	1	1	1.0	0.0
LRRC36	1	1	1.0	0.0
MKNK2	1	1	1.0	0.0
NNAT	1	1	1.0	0.0
PARVA	1	1	1.0	0.0
BRDT	1	1	1.0	0.0
AF131215.2	1	1	1.0	0.0
KRT223P	1	1	1.0	0.0
PRPS1P2	1	1	1.0	0.0
FMN2	1	1	1.0	0.0
ELMO1	1	1	1.0	0.0
RP11-289F5.1	1	1	1.0	0.0
USP15	1	1	1.0	0.0
SMPD4P1	1	1	1.0	0.0
SIMC1	1	1	1.0	0.0
CREBRF	1	1	1.0	0.0
NXPE1	1	1	1.0	0.0
RP11-344E13.3	1	1	1.0	0.0
ACACA	1	1	1.0	0.0
ZC3H18	1	1	1.0	0.0
BRI3BP	1	1	1.0	0.0
DHX8	1	1	1.0	0.0
TMEM120A	1	1	1.0	0.0
RP11-106M7.1	1	1	1.0	0.0
KBTBD7	1	1	1.0	0.0
DUSP16	1	1	1.0	0.0
UPK1B	1	1	1.0	0.0
CACNB3	1	1	1.0	0.0
FAM19A2	1	1	1.0	0.0
HSD17B12	1	1	1.0	0.0
RP13-631K18.3	1	1	1.0	0.0
ZNF382	1	1	1.0	0.0
RP11-60C6.3	1	1	1.0	0.0
ZNF383	1	1	1.0	0.0
TFPI	1	1	1.0	0.0
DCAF5	1	1	1.0	0.0
RPS20P22	1	1	1.0	0.0
CTD-2541M15.3	1	1	1.0	0.0
RP5-908M14.5	1	1	1.0	0.0
RAB27A	1	1	1.0	0.0
LPHN1	1	1	1.0	0.0
ROS1	1	1	1.0	0.0
VPS4A	1	1	1.0	0.0
RP11-195B3.1	1	1	1.0	0.0
ZNF777	1	1	1.0	0.0
ZNF778	1	1	1.0	0.0
OGN	1	1	1.0	0.0
WTAP	1	1	1.0	0.0
AC018643.4	1	1	1.0	0.0
IL3RA	1	1	0.9999999999999999	0.0
KCNT1	1	1	0.9999999999999999	0.0
COL11A2	1	1	0.9999999999999999	0.0
SMPD4	1	1	0.9999999999999999	0.0
CHD5	1	1	0.9999999999999999	0.0
ANXA6	1	1	0.9999999999999999	0.0
FAM208A	1	1	0.9999999999999999	0.0
CTDSP2	2	2	0.9999999999999999	0.0
GEMIN4	1	1	0.9999999999999999	0.0
TMEM173	1	1	0.9999999999999999	0.0
PODXL	1	1	0.9999999999999999	0.0
TMTC1	1	1	0.9999999999999999	0.0
PARP10	1	1	0.9999999999999999	0.0
SLC35A3	1	1	0.9999999999999999	0.0
FSD1L	1	1	0.9999999999999999	0.0
MAD1L1	1	1	0.9999999999999999	0.0
POLDIP3	1	1	0.9999999999999999	0.0
ZSCAN31	1	1	0.9999999999999999	0.0
PAPD4	1	1	0.9999999999999999	0.0
MAPK3	1	1	0.9999999999999999	0.0
CR1	1	1	0.9999999999999999	0.0
RAPH1	1	1	0.9999999999999999	0.0
ABCC11	1	1	0.9999999999999999	0.0
PDLIM5	1	1	0.9999999999999999	0.0
NCOA4	1	1	0.9999999999999999	0.0
CCNG2	1	1	0.9999999999999999	0.0
GRIA2	1	1	0.9999999999999999	0.0
IL10RA	1	1	0.9999999999999999	0.0
RGMA	1	1	0.9999999999999999	0.0
DDX19B	1	2	0.9999999999999999	0.0
SDAD1	1	1	0.9999999999999999	0.0
CHRDL2	1	1	0.9999999999999998	0.0
OSBPL6	1	1	0.9999999999999998	0.0
TMUB1	1	1	0.9999999999999998	0.0
GCAT	1	1	0.9999999999999998	0.0
SEC22C	1	1	0.9999999999999998	0.0
CCDC77	1	1	0.9999999999999998	0.0
SLC24A1	1	1	0.9999999999999998	0.0
FAM13C	1	1	0.9999999999999998	0.0
REEP2	1	1	0.9999999999999998	0.0
EVA1A	1	1	0.9999999999999998	0.0
ZNF423	1	1	0.9999999999999998	0.0
DLEU1	1	1	0.9999999999999998	0.0
CBFA2T2	1	1	0.9999999999999998	0.0
STX16	1	1	0.9999999999999998	0.0
BSDC1	1	1	0.9999999999999998	0.0
OTUB1	1	1	0.9999999999999998	0.0
PRUNE2	1	1	0.9999999999999998	0.0
PASK	1	1	0.9999999999999998	0.0
CD63	1	1	0.9999999999999997	0.0
HKR1	1	1	0.9999999999999997	0.0
CIAPIN1	1	1	0.9166666666666667	0.0
RP11-398H6.1	4	5	0.9166666666666666	0.0
ACAD11	1	1	0.9090909090909093	0.0
LINC01057	6	8	0.8972582972582972	0.0
RPS19	1	1	0.8888888888888891	0.0
EIF3E	1	1	0.8888888888888891	0.0
RP11-756P10.3	1	3	0.8571428571428571	0.0
ZBED1	1	1	0.857142857142857	0.0
APAF1	1	2	0.8333333333333333	0.0
AP000662.4	1	1	0.8333333333333333	0.0
CTDSPL	2	2	0.8333333333333333	0.0
RASEF	2	2	0.8333333333333333	0.0
OLA1	1	1	0.8333333333333333	0.0
MCFD2	1	1	0.8333333333333333	0.0
NUBP2	1	2	0.8333333333333333	0.0
AC092669.3	2	2	0.8333333333333333	0.0
ECSIT	1	1	0.8	0.0
XRCC2	1	2	0.8	0.0
KIF24	1	1	0.8	0.0
TMC5	1	1	0.8	0.0
RNF135	1	1	0.8	0.0
ZNF3	1	1	0.8	0.0
PI4KAP1	1	2	0.8	0.0
TMEM45A	3	3	0.7857142857142856	0.0
HNRNPL	1	1	0.7777777777777779	0.0
GON4L	1	1	0.75	0.0
KIAA1875	1	2	0.75	0.0
DNAJC16	1	1	0.75	0.0
POLE	1	1	0.75	0.0
CTB-43E15.3	1	3	0.75	0.0
KCNH2	1	1	0.75	0.0
SPG21	1	3	0.75	0.0
MCF2L2	1	1	0.75	0.0
IFITM10	1	1	0.75	0.0
RP11-392E22.12	2	3	0.75	0.0
ICAM1	1	3	0.75	0.0
C21orf59	1	1	0.75	0.0
RN7SL868P	1	3	0.75	0.0
OPRL1	1	1	0.75	0.0
SUMF2	1	1	0.75	0.0
RN7SL136P	1	3	0.75	0.0
CDK5	1	1	0.75	0.0
CRCP	1	1	0.75	0.0
IQSEC2	1	2	0.75	0.0
RN7SL454P	1	3	0.75	0.0
OXSR1	1	1	0.75	0.0
FAM154B	1	1	0.75	0.0
RP11-561I11.3	6	8	0.7305916305916306	0.0
RP11-536I6.2	6	8	0.7305916305916306	0.0
AC074289.1	6	8	0.7305916305916306	0.0
RP11-380P13.2	6	8	0.7305916305916306	0.0
B4GALNT1	1	1	0.7142857142857142	0.0
HSPA8	1	1	0.7000000000000001	0.0
RABL6	1	1	0.6666666666666666	0.0
RP11-685G9.2	1	2	0.6666666666666666	0.0
RP11-352E6.2	1	2	0.6666666666666666	0.0
TMEM161B	2	2	0.6666666666666666	0.0
TMCC3	1	1	0.6666666666666666	0.0
RPS3A	1	1	0.6666666666666666	0.0
AP001258.4	1	2	0.6666666666666666	0.0
PRKAR2A	1	1	0.6666666666666666	0.0
DGKZ	1	2	0.6666666666666666	0.0
MTND4P24	2	2	0.6666666666666666	0.0
MAGI3	1	1	0.6666666666666666	0.0
XXbac-B476C20.17	1	2	0.6666666666666666	0.0
ACAN	1	2	0.6666666666666666	0.0
CTD-2626G11.2	2	2	0.6666666666666666	0.0
TEX10	1	2	0.6666666666666666	0.0
KIF20B	1	2	0.6666666666666666	0.0
MT-ATP8	1	2	0.6666666666666666	0.0
MSTO2P	1	1	0.6666666666666666	0.0
SLC35F2	1	1	0.6666666666666666	0.0
PHLDA1	1	1	0.6666666666666666	0.0
BTBD11	1	1	0.6666666666666666	0.0
LRRC37A2	2	2	0.6666666666666666	0.0
AL591516.3	1	2	0.6666666666666666	0.0
RHBG	1	1	0.6666666666666666	0.0
AC016747.3	1	1	0.6666666666666666	0.0
BMI1	1	1	0.6666666666666666	0.0
MTATP8P2	1	2	0.6666666666666666	0.0
AC005618.6	1	1	0.6666666666666666	0.0
FAM98C	1	1	0.6666666666666666	0.0
CTD-2008P7.9	2	2	0.6666666666666666	0.0
ACE2	1	1	0.6666666666666666	0.0
C15orf57	1	1	0.6666666666666666	0.0
PURB	1	2	0.6666666666666666	0.0
PLEKHA2	1	1	0.6666666666666666	0.0
SSX2IP	1	2	0.6666666666666666	0.0
RP11-10B2.1	1	2	0.6666666666666666	0.0
LRRC37A	2	2	0.6666666666666666	0.0
RP11-750B16.1	1	2	0.6666666666666666	0.0
FBXL4	1	2	0.6666666666666666	0.0
NEU2	1	2	0.6666666666666666	0.0
RP11-475J5.4	2	2	0.6666666666666666	0.0
FBXO27	1	1	0.6666666666666666	0.0
AC092415.1	1	1	0.6666666666666666	0.0
RP11-47I22.4	3	3	0.65	0.0
RP11-47I22.3	3	3	0.65	0.0
RTN3P1	2	7	0.6363636363636364	0.0
POM121	1	1	0.625	0.0
THUMPD2	1	1	0.625	0.0
SNORD10	2	2	0.625	0.0
EIF4A1	2	2	0.625	0.0
ZNF426	1	1	0.6000000000000001	0.0
PTGR2	1	1	0.6000000000000001	0.0
BRSK1	1	1	0.6000000000000001	0.0
TIMM50	3	4	0.5722943722943723	0.0
POLR2J3	1	1	0.5714285714285714	0.0
NARG2P2	1	5	0.5555555555555556	0.0
CIRH1A	1	1	0.5333333333333333	0.0
RP11-384D10.1	2	2	0.5	0.0
ZNF714	1	1	0.5	0.0
FAM186A	1	1	0.5	0.0
RP5-1185H19.2	1	1	0.5	0.0
TPT1-AS1	1	1	0.5	0.0
AC091801.1	1	1	0.5	0.0
PSG6	1	1	0.5	0.0
RP11-386I23.1	1	1	0.5	0.0
MTRNR2L4	1	1	0.5	0.0
PTPN14	1	2	0.5	0.0
PFKFB3	1	1	0.5	0.0
NAV3	1	1	0.5	0.0
RP11-216L13.19	2	2	0.5	0.0
AC007161.5	1	1	0.5	0.0
RP1-14D6.2	1	1	0.5	0.0
REL	1	1	0.5	0.0
RPL23AP51	1	1	0.5	0.0
RP11-486O13.2	1	1	0.5	0.0
SSX1	1	1	0.5	0.0
PCYT1A	1	1	0.5	0.0
CTD-2521M24.9	1	1	0.5	0.0
SSX8	1	1	0.5	0.0
ZNF662	1	1	0.5	0.0
HSD3B7	1	2	0.5	0.0
MTND4P13	1	1	0.5	0.0
ZNF19	1	1	0.5	0.0
OR5AL2P	1	1	0.5	0.0
RP11-373L24.1	1	1	0.5	0.0
FSTL3	1	1	0.5	0.0
LINC00263	1	1	0.5	0.0
L3MBTL2	1	1	0.5	0.0
CTD-2313D3.1	1	1	0.5	0.0
LEPREL1-AS1	1	1	0.5	0.0
U1.2	1	1	0.5	0.0
SUGT1P2	1	1	0.5	0.0
U1.1	1	1	0.5	0.0
MPV17L	1	1	0.5	0.0
FAM175A	1	1	0.5	0.0
FAM175B	1	1	0.5	0.0
RHOBTB3	1	2	0.5	0.0
MIR210HG	1	1	0.5	0.0
ARL10	1	2	0.5	0.0
AL356356.1	1	1	0.5	0.0
ALG14	1	1	0.5	0.0
PAXIP1	1	2	0.5	0.0
MVB12A	1	1	0.5	0.0
RP11-14I2.2	1	1	0.5	0.0
RP11-164H13.1	1	1	0.5	0.0
GTF3C5	1	1	0.5	0.0
FABP6	1	1	0.5	0.0
EHMT2	1	1	0.5	0.0
BFSP2	1	2	0.5	0.0
ZXDA	1	1	0.5	0.0
ZXDB	1	1	0.5	0.0
AKNA	1	1	0.5	0.0
AOX3P	1	1	0.5	0.0
VPS8	1	1	0.5	0.0
GHc-362H12.3	1	1	0.5	0.0
LIPH	1	1	0.5	0.0
RP11-314D7.2	1	1	0.5	0.0
LINC01087	1	1	0.5	0.0
RP11-542P2.1	1	1	0.5	0.0
RNU1-129P	1	1	0.5	0.0
NOS2P3	1	1	0.5	0.0
NOS2P2	1	1	0.5	0.0
GPRIN3	1	1	0.5	0.0
HNRNPA1P54	1	1	0.5	0.0
U82671.12	1	1	0.5	0.0
TBX19	1	1	0.5	0.0
MTND5P10	1	1	0.5	0.0
OR2AG2	1	1	0.5	0.0
OR2AG1	1	1	0.5	0.0
RGPD5	1	1	0.5	0.0
RGPD6	1	1	0.5	0.0
TIPRL	1	1	0.5	0.0
TDRD9	1	1	0.5	0.0
MIS18A	1	1	0.5	0.0
EPHA1-AS1	1	1	0.5	0.0
TAB2	1	1	0.5	0.0
XXbac-BPG299F13.17	1	1	0.5	0.0
RP5-1039K5.16	1	1	0.5	0.0
LIMK1	1	1	0.5	0.0
RP11-435B5.4	1	1	0.5	0.0
ZNF430	1	1	0.5	0.0
CDRT8	1	1	0.5	0.0
RNU1-137P	1	1	0.5	0.0
COPB2	1	1	0.5	0.0
RP11-1029J19.2	1	1	0.5	0.0
RPS9	1	1	0.5	0.0
EMR4P	1	1	0.5	0.0
NAA38	1	2	0.5	0.0
RP11-795F19.5	1	1	0.5	0.0
FRK	1	1	0.5	0.0
OR10D3	1	1	0.5	0.0
SETDB2	1	1	0.5	0.0
CEP76	1	1	0.5	0.0
SFT2D2	1	1	0.5	0.0
WARS2-IT1	1	1	0.5	0.0
HSBP1	1	2	0.5	0.0
MTRNR2L11	1	1	0.5	0.0
MTRNR2L10	1	1	0.5	0.0
FTO	1	1	0.5	0.0
RP1-122K4.3	1	1	0.5	0.0
AC105402.4	1	1	0.5	0.0
PNMA2	1	1	0.5	0.0
AC108142.1	1	1	0.5	0.0
OR9G2P	1	1	0.5	0.0
OR9G3P	1	1	0.5	0.0
ADAMTSL4	1	1	0.5	0.0
CTD-2311B13.7	1	1	0.5	0.0
MINOS1	1	1	0.5	0.0
PSG11	1	1	0.5	0.0
KIAA1324	1	1	0.5	0.0
IL19	1	1	0.5	0.0
RP11-304L19.11	1	1	0.5	0.0
CSNK1E	1	1	0.5	0.0
ATF7IP	1	1	0.5	0.0
AC055811.5	1	1	0.5	0.0
ATP10D	1	1	0.5	0.0
RP11-46O21.2	1	1	0.5	0.0
CLEC18C	1	1	0.49999999999999994	0.0
AZI1	1	1	0.49999999999999994	0.0
CROCC	1	1	0.49999999999999994	0.0
KRT8	1	1	0.46153846153846156	0.0
LRRC37A4P	2	2	0.4444444444444444	0.0
RP11-274M4.1	1	3	0.42857142857142855	0.0
CLEC18A	1	1	0.41666666666666663	0.0
CTD-2383I20.1	1	2	0.4	0.0
HLCS	1	1	0.4	0.0
GCM2	1	2	0.4	0.0
ZMPSTE24	1	1	0.4	0.0
RP11-1018N14.5	1	2	0.4	0.0
CYSLTR1	2	2	0.4	0.0
RP11-266E8.2	1	4	0.4	0.0
HSD17B14	1	1	0.4	0.0
CTC-490G23.2	4	5	0.3805916305916306	0.0
TF	1	1	0.375	0.0
RETSAT	1	1	0.3333333333333333	0.0
KIF18A	1	1	0.3333333333333333	0.0
ZNF354A	1	1	0.3333333333333333	0.0
LMOD3	1	1	0.3333333333333333	0.0
PFKFB2	1	1	0.3333333333333333	0.0
PARGP1	1	1	0.3333333333333333	0.0
CTB-131B5.2	1	1	0.3333333333333333	0.0
CYB5RL	1	1	0.3333333333333333	0.0
RP11-17A4.2	1	1	0.3333333333333333	0.0
ZNF26	1	1	0.3333333333333333	0.0
ZNF677	1	1	0.3333333333333333	0.0
MR1	1	1	0.3333333333333333	0.0
PHC2	1	1	0.3333333333333333	0.0
RP11-48B3.3	1	1	0.3333333333333333	0.0
SOD2	1	1	0.3333333333333333	0.0
MSTO1	1	1	0.3333333333333333	0.0
CTD-2031P19.3	1	1	0.3333333333333333	0.0
CATSPER2	1	1	0.3333333333333333	0.0
RP11-592B15.4	1	1	0.3333333333333333	0.0
RP11-22C11.2	1	1	0.3333333333333333	0.0
RP11-362I1.1	1	1	0.3333333333333333	0.0
NPAT	1	1	0.3333333333333333	0.0
RP11-758M4.4	1	1	0.3333333333333333	0.0
RP11-13N13.5	1	1	0.3333333333333333	0.0
ZNF705G	1	1	0.3333333333333333	0.0
ZNF705B	1	1	0.3333333333333333	0.0
ZNF705D	1	1	0.3333333333333333	0.0
PCDHGC4	1	1	0.3333333333333333	0.0
CTC-558O2.1	1	1	0.3333333333333333	0.0
KLHL8	1	1	0.3333333333333333	0.0
CTD-2313J23.1	1	1	0.3333333333333333	0.0
SPATA31A4	1	1	0.3333333333333333	0.0
NOL11	1	1	0.3333333333333333	0.0
PARG	1	1	0.3333333333333333	0.0
CDS2	1	1	0.3333333333333333	0.0
RP11-519G16.3	1	1	0.3333333333333333	0.0
MTND5P24	1	1	0.3333333333333333	0.0
SLC12A2	1	1	0.3333333333333333	0.0
RP5-1112F19.2	1	1	0.3333333333333333	0.0
CTB-36O1.7	1	1	0.3333333333333333	0.0
RN7SL97P	1	1	0.3333333333333333	0.0
RP11-56L13.7	1	1	0.3333333333333333	0.0
SGK494	1	1	0.3333333333333333	0.0
RP11-1437A8.3	1	1	0.3333333333333333	0.0
CTD-3138B18.5	1	3	0.3333333333333333	0.0
RP11-16K12.1	1	1	0.3333333333333333	0.0
ZNF844	1	1	0.3333333333333333	0.0
PTCD2	1	1	0.3333333333333333	0.0
SULT1B1	1	1	0.3333333333333333	0.0
AC093690.1	1	1	0.3333333333333333	0.0
RP11-925D8.5	1	1	0.3333333333333333	0.0
TBCA	1	1	0.3333333333333333	0.0
TBL1XR1	1	1	0.3333333333333333	0.0
RP11-475J5.7	1	1	0.3333333333333333	0.0
GPR89A	1	1	0.3333333333333333	0.0
RP11-586K12.8	1	1	0.3333333333333333	0.0
GPR89B	1	1	0.3333333333333333	0.0
GPR89C	1	1	0.3333333333333333	0.0
PRKCSH	1	1	0.3333333333333333	0.0
SERF2	1	1	0.3333333333333333	0.0
VPS53	1	1	0.3333333333333333	0.0
SLC52A1	1	1	0.3333333333333333	0.0
MRPS27	1	1	0.30000000000000004	0.0
RP11-120M18.2	1	1	0.2857142857142857	0.0
MMS22L	1	1	0.2857142857142857	0.0
TYW5	1	1	0.2857142857142857	0.0
HILPDA	1	1	0.2857142857142857	0.0
YAP1P1	1	2	0.2857142857142857	0.0
P2RX5-TAX1BP3	1	2	0.2857142857142857	0.0
CHRNA6	1	1	0.2857142857142857	0.0
MZB1	1	1	0.2857142857142857	0.0
RP11-426L16.8	1	2	0.2857142857142857	0.0
PPP1CC	1	1	0.25	0.0
CTAGE8	1	1	0.25	0.0
CTAGE9	1	1	0.25	0.0
DNAJC14	1	1	0.25	0.0
CTAGE4	1	1	0.25	0.0
PCMTD2	1	1	0.25	0.0
POM121C	1	1	0.25	0.0
COMMD3-BMI1	1	1	0.25	0.0
DSG1	1	1	0.25	0.0
PABPC1P13	1	1	0.25	0.0
PABPC1P12	1	1	0.25	0.0
RP11-295K3.1	1	1	0.25	0.0
FAM126B	1	1	0.25	0.0
LILRB2	1	1	0.25	0.0
LILRA1	1	1	0.25	0.0
AC004889.1	1	1	0.25	0.0
RP11-22H5.2	1	1	0.25	0.0
RP11-342A23.1	1	1	0.25	0.0
NUP210	1	1	0.25	0.0
QTRT1	1	1	0.25	0.0
PABPC1P7	1	1	0.25	0.0
PABPC1P8	1	1	0.25	0.0
REXO1L10P	1	1	0.25	0.0
BLCAP	1	1	0.25	0.0
RP11-29H23.5	1	1	0.25	0.0
AC016405.1	1	1	0.25	0.0
AL589743.1	1	1	0.23076923076923078	0.0
AP000525.9	1	1	0.23076923076923078	0.0
LRRC37A17P	2	2	0.2222222222222222	0.0
PSMC6	1	1	0.2	0.0
RN7SL157P	1	1	0.2	0.0
EIF2B3	1	1	0.2	0.0
CORO7	1	1	0.2	0.0
GTF2E2	1	1	0.2	0.0
ZNF230	1	1	0.2	0.0
GAPDHP38	1	1	0.2	0.0
MAGED1	1	1	0.2	0.0
PEX16	1	1	0.2	0.0
LAT2	1	1	0.2	0.0
PARN	1	1	0.2	0.0
PCF11	1	1	0.2	0.0
RP5-1160K1.3	1	1	0.2	0.0
TLK1P1	1	2	0.2	0.0
RP11-473I1.9	1	1	0.2	0.0
UBA1	1	1	0.2	0.0
CTD-2201E18.5	1	1	0.2	0.0
UBR1	1	1	0.2	0.0
CADM3	1	1	0.2	0.0
CBL	1	1	0.2	0.0
SPATS2L	1	1	0.2	0.0
INO80C	1	1	0.2	0.0
DDI2	1	1	0.2	0.0
PRRC1	1	1	0.2	0.0
DHX30	1	1	0.2	0.0
CASP10	1	2	0.19047619047619047	0.0
DDX11L1	1	1	0.19047619047619047	0.0
DDX11L9	1	1	0.19047619047619047	0.0
DDX11L16	1	1	0.19047619047619047	0.0
MTRNR2L2	1	1	0.16666666666666666	0.0
MTRNR2L6	1	1	0.16666666666666666	0.0
RP11-626H12.2	1	1	0.16666666666666666	0.0
PLEKHJ1	1	1	0.16666666666666666	0.0
RP5-1029F21.4	1	2	0.16666666666666666	0.0
AC109631.1	2	2	0.16666666666666666	0.0
OLA1P1	1	1	0.16666666666666666	0.0
WRAP73	1	1	0.16666666666666666	0.0
CTD-2135D7.4	1	1	0.16666666666666666	0.0
TCEB1	1	1	0.16666666666666666	0.0
ZFP64	1	1	0.16666666666666666	0.0
MTRNR2L12	1	1	0.16666666666666666	0.0
SPINT2	1	1	0.16666666666666666	0.0
KRT8P41	1	1	0.15384615384615385	0.0
CTD-2314B22.3	1	1	0.15384615384615385	0.0
AC003102.3	1	1	0.14285714285714285	0.0
FYTTD1	1	1	0.14285714285714285	0.0
ANKRD20A14P	1	1	0.14285714285714285	0.0
ANKRD20A12P	1	1	0.14285714285714285	0.0
LRRC37BP1	1	2	0.14285714285714285	0.0
GNB2L1	1	1	0.14285714285714285	0.0
ANKRD20A17P	1	1	0.14285714285714285	0.0
DDX11L2	1	1	0.14285714285714285	0.0
AC068610.5	1	1	0.14285714285714285	0.0
PPP1R2P4	1	2	0.14285714285714285	0.0
RP11-782C8.2	1	1	0.14285714285714285	0.0
DDX11L10	1	1	0.14285714285714285	0.0
RP11-435B5.5	1	1	0.14285714285714285	0.0
MRPS11	1	1	0.14285714285714285	0.0
FAM115A	1	1	0.14285714285714285	0.0
AC005562.1	1	2	0.14285714285714285	0.0
RP11-258F22.1	1	1	0.14285714285714285	0.0
PSME4	1	1	0.125	0.0
SPATA5	1	1	0.125	0.0
POM121B	1	1	0.125	0.0
AC015815.5	1	1	0.125	0.0
DBF4	1	1	0.125	0.0
AC068533.7	1	1	0.125	0.0
RP5-1132H15.3	1	1	0.125	0.0
REXO1L9P	1	1	0.125	0.0
REXO1L8P	1	1	0.125	0.0
REXO1L2P	1	1	0.125	0.0
REXO1L3P	1	1	0.125	0.0
REXO1L11P	1	1	0.125	0.0
MIR29B1	1	1	0.125	0.0
FBXW2	1	1	0.125	0.0
HNRNPLP1	1	1	0.1111111111111111	0.0
HNRNPLP2	1	1	0.1111111111111111	0.0
SPATA31A6	1	1	0.1111111111111111	0.0
SPATA31A7	1	1	0.1111111111111111	0.0
SPATA31A5	1	1	0.1111111111111111	0.0
SPATA31A2	1	1	0.1111111111111111	0.0
SPATA31A3	1	1	0.1111111111111111	0.0
SPATA31A1	1	1	0.1111111111111111	0.0
RP11-389O22.4	1	1	0.1111111111111111	0.0
OAS3	1	1	0.1111111111111111	0.0
RP11-464D20.6	1	1	0.1	0.0
EIF3C	1	1	0.1	0.0
CTD-2311M21.2	1	1	0.1	0.0
ZNF280D	1	1	0.1	0.0
AL139080.1	1	1	0.1	0.0
RP11-529K1.3	1	2	0.1	0.0
C12orf76	1	2	0.09523809523809523	0.0
DDX11L5	1	1	0.09523809523809523	0.0
POLR2J4	1	1	0.09523809523809523	0.0
POLR2J2	1	1	0.09523809523809523	0.0
RBM6	1	1	0.09090909090909091	0.0
USP17L13	1	1	0.09090909090909091	0.0
NUTM2D	1	1	0.09090909090909091	0.0
NPHP3	1	1	0.09090909090909091	0.0
RP11-383C12.2	1	1	0.08333333333333333	0.0
CLEC18B	1	1	0.08333333333333333	0.0
RP11-504P24.4	1	1	0.08333333333333333	0.0
RP11-504P24.6	1	1	0.08333333333333333	0.0
CIAPIN1P	1	1	0.08333333333333333	0.0
RP11-206L10.9	1	1	0.08333333333333333	0.0
DUXAP8	1	1	0.07692307692307693	0.0
DUXAP4	1	1	0.07692307692307693	0.0
DUXAP3	1	1	0.07692307692307693	0.0
KRT8P17	1	1	0.07692307692307693	0.0
KRT8P43	1	1	0.07692307692307693	0.0
KRT8P30	1	1	0.07692307692307693	0.0
RP11-496I2.6	1	1	0.07692307692307693	0.0
KRT8P7	1	1	0.07692307692307693	0.0
KRT8P9	1	1	0.07692307692307693	0.0
DUXAP10	1	1	0.07692307692307693	0.0
RP11-488L18.1	1	1	0.05	0.0
HSPA8P5	1	1	0.05	0.0
HSPA8P7	1	1	0.05	0.0
HSPA8P16	1	1	0.05	0.0
HSPA8P18	1	1	0.05	0.0
HSPA8P11	1	1	0.05	0.0
UPK3BL	1	1	0.047619047619047616	0.0
AC004951.5	1	1	0.047619047619047616	0.0
RP11-514P8.7	1	1	0.047619047619047616	0.0
RP11-514P8.8	1	1	0.047619047619047616	0.0
RP11-514P8.6	1	1	0.047619047619047616	0.0
DDX11L8	1	1	0.047619047619047616	0.0
USP17L14P	1	1	0.045454545454545456	0.0
USP17L16P	1	1	0.045454545454545456	0.0
USP17L11	1	1	0.045454545454545456	0.0
USP17L12	1	1	0.045454545454545456	0.0
USP17L15	1	1	0.045454545454545456	0.0
USP17L17	1	1	0.045454545454545456	0.0
USP17L18	1	1	0.045454545454545456	0.0
USP17L19	1	1	0.045454545454545456	0.0
USP17L20	1	1	0.045454545454545456	0.0
USP17L21	1	1	0.045454545454545456	0.0
USP17L24	1	1	0.045454545454545456	0.0
USP17L25	1	1	0.045454545454545456	0.0
USP17L22	1	1	0.045454545454545456	0.0
USP17L28	1	1	0.045454545454545456	0.0
USP17L29	1	1	0.045454545454545456	0.0
USP17L26	1	1	0.045454545454545456	0.0
USP17L27	1	1	0.045454545454545456	0.0
USP17L30	1	1	0.045454545454545456	0.0
USP17L9P	1	1	0.045454545454545456	0.0
USP17L5	1	1	0.045454545454545456	0.0
