ReferenceID	uniqueReadCount	totalReadCount	multimapAdjustedReadCount	multimapAdjustedBarcodeCount
tRNA-Glu-CTC-1-7	1523	72732	9074.128194028202	0.0
tRNA-Glu-CTC-1-6	1523	72732	9074.128194028202	0.0
tRNA-Glu-CTC-1-5	1523	72732	9074.128194028202	0.0
tRNA-Glu-CTC-1-4	1523	72732	9074.128194028202	0.0
tRNA-Glu-CTC-1-3	1523	72732	9074.128194028202	0.0
tRNA-Glu-CTC-1-2	1523	72732	9074.128194028202	0.0
tRNA-Glu-CTC-1-1	1523	72732	9074.128194028202	0.0
tRNA-Glu-CTC-2-1	1471	72601	9059.191686091694	0.0
tRNA-Gly-GCC-1-5	987	34951	6317.06270867933	0.0
tRNA-Gly-GCC-1-3	987	34951	6317.06270867933	0.0
tRNA-Gly-GCC-1-4	987	34951	6317.06270867933	0.0
tRNA-Gly-GCC-1-1	987	34951	6317.06270867933	0.0
tRNA-Gly-GCC-1-2	987	34951	6317.06270867933	0.0
tRNA-Gly-CCC-1-2	930	36457	3580.2563150729547	0.0
tRNA-Gly-CCC-1-1	930	36457	3580.2563150729547	0.0
tRNA-Gly-GCC-2-1	1007	37019	3507.612178653817	0.0
tRNA-Gly-GCC-2-5	1007	37019	3507.612178653817	0.0
tRNA-Gly-GCC-2-4	1007	37019	3507.612178653817	0.0
tRNA-Gly-GCC-2-3	1007	37019	3507.612178653817	0.0
tRNA-Gly-GCC-2-2	1007	37019	3507.612178653817	0.0
tRNA-Gly-GCC-2-6	1007	37019	3507.612178653817	0.0
tRNA-Gly-GCC-3-1	1002	37012	3506.900057441696	0.0
tRNA-Gly-GCC-5-1	949	36868	3487.357200298836	0.0
tRNA-His-GTG-1-4	1045	23913	2642.888888888905	0.0
tRNA-His-GTG-1-5	1045	23913	2642.888888888905	0.0
tRNA-His-GTG-1-2	1045	23913	2642.888888888905	0.0
tRNA-His-GTG-1-3	1045	23913	2642.888888888905	0.0
tRNA-His-GTG-1-1	1045	23913	2642.888888888905	0.0
tRNA-His-GTG-1-9	1045	23913	2642.888888888905	0.0
tRNA-His-GTG-1-8	1045	23913	2642.888888888905	0.0
tRNA-His-GTG-1-7	1045	23913	2642.888888888905	0.0
tRNA-His-GTG-1-6	1045	23913	2642.888888888905	0.0
tRNA-Glu-TTC-2-2	275	1733	801.5	0.0
tRNA-Glu-TTC-2-1	275	1733	801.5	0.0
tRNA-His-GTG-2-1	129	1745	602.0000000000007	0.0
tRNA-Val-CAC-2-1	84	488	462.2111928104575	0.0
tRNA-Glu-TTC-4-1	276	2158	450.2345432345429	0.0
tRNA-Glu-TTC-4-2	276	2158	450.2345432345429	0.0
tRNA-Glu-TTC-3-1	230	2039	437.0123210123207	0.0
tRNA-Glu-TTC-8-1	223	2025	434.5274725274722	0.0
tRNA-Val-AAC-2-1	54	373	356.16785714285714	0.0
tRNA-Val-CAC-8-1	263	4199	303.64004523168586	0.0
tRNA-Glu-TTC-1-2	132	671	270.5	0.0
tRNA-Glu-TTC-1-1	132	671	270.5	0.0
tRNA-Glu-TTC-9-1	249	4077	233.1951678868085	0.0
tRNA-Gly-CCC-6-1	225	3995	225.00833902939135	0.0
tRNA-Val-CAC-1-5	203	2920	190.0413208265762	0.0
tRNA-Val-CAC-1-4	203	2920	190.0413208265762	0.0
tRNA-Val-CAC-1-6	203	2920	190.0413208265762	0.0
tRNA-Val-CAC-1-1	203	2920	190.0413208265762	0.0
tRNA-Val-CAC-1-3	203	2920	190.0413208265762	0.0
tRNA-Val-CAC-1-2	203	2920	190.0413208265762	0.0
tRNA-Val-CAC-4-1	200	2917	189.8317970170524	0.0
tRNA-Val-CAC-5-1	199	2910	189.15560654086192	0.0
tRNA-Val-AAC-1-1	194	2906	188.28060654086192	0.0
tRNA-Val-AAC-1-2	194	2906	188.28060654086192	0.0
tRNA-Val-AAC-1-3	194	2906	188.28060654086192	0.0
tRNA-Val-AAC-1-4	194	2906	188.28060654086192	0.0
tRNA-Val-AAC-1-5	194	2906	188.28060654086192	0.0
tRNA-Val-AAC-4-1	194	2906	188.28060654086192	0.0
tRNA-Val-AAC-3-1	191	2903	188.07108273133812	0.0
tRNA-Lys-CTT-2-1	151	987	164.65596438585536	0.0
tRNA-Lys-CTT-2-3	151	987	164.65596438585536	0.0
tRNA-Lys-CTT-2-2	151	987	164.65596438585536	0.0
tRNA-Lys-CTT-2-5	151	987	164.65596438585536	0.0
tRNA-Lys-CTT-2-4	151	987	164.65596438585536	0.0
tRNA-Lys-CTT-3-1	91	745	122.2673238597152	0.0
tRNA-Lys-CTT-1-1	95	334	108.8050222724135	0.0
tRNA-Lys-CTT-1-2	95	334	108.8050222724135	0.0
tRNA-Lys-CTT-4-1	91	296	103.92731664470787	0.0
tRNA-Pro-TGG-2-1	44	125	94.97631578947369	0.0
tRNA-Glu-TTC-10-1	73	417	80.84969474969479	0.0
tRNA-Gly-CCC-chr1-16	97	1617	80.68290043290041	0.0
tRNA-Gly-CCC-chr1-19	97	1617	80.68290043290041	0.0
tRNA-Pro-TGG-1-1	37	62	52.12719298245614	0.0
tRNA-Cys-GCA-6-1	76	254	52.025134310134334	0.0
tRNA-Lys-TTT-3-4	81	279	41.85129870129872	0.0
tRNA-Lys-TTT-3-5	81	279	41.85129870129872	0.0
tRNA-Lys-TTT-3-2	81	279	41.85129870129872	0.0
tRNA-Lys-TTT-3-3	81	279	41.85129870129872	0.0
tRNA-Lys-TTT-3-1	81	279	41.85129870129872	0.0
tRNA-Val-CAC-7-1	26	596	41.27655228758172	0.0
tRNA-Val-AAC-5-1	46	681	41.24436704506366	0.0
tRNA-Lys-TTT-5-1	73	269	40.17857142857142	0.0
tRNA-Ala-CGC-3-1	27	180	39.03571428571429	0.0
tRNA-Gly-CCC-3-1	30	70	37.590510366826166	0.0
tRNA-Val-TAC-1-1	25	88	35.263157894736835	0.0
tRNA-Val-TAC-1-2	25	88	35.263157894736835	0.0
tRNA-Gly-CCC-4-1	41	237	31.703030303030307	0.0
tRNA-Val-CAC-3-1	24	69	29.528513071895425	0.0
tRNA-Leu-CAA-4-1	11	27	24.40535714285714	0.0
tRNA-Gly-CCC-5-1	46	349	23.264801864801857	0.0
tRNA-Gly-CCC-7-1	24	61	21.888888888888886	0.0
tRNA-Ala-TGC-6-1	42	137	20.754578754578755	0.0
tRNA-Ala-CGC-2-1	21	166	20.62142857142857	0.0
tRNA-Ala-CGC-1-1	21	166	20.62142857142857	0.0
tRNA-Ala-TGC-3-2	21	166	20.62142857142857	0.0
tRNA-Ala-TGC-3-1	21	166	20.62142857142857	0.0
tRNA-Ala-TGC-2-1	21	166	20.62142857142857	0.0
tRNA-Gln-CTG-2-1	58	144	20.568681318681314	0.0
tRNA-Lys-TTT-6-1	30	121	20.5560606060606	0.0
tRNA-Lys-CTT-7-1	44	150	20.023885836385833	0.0
tRNA-Ala-TGC-4-1	20	162	19.82142857142857	0.0
tRNA-Ala-AGC-4-1	20	162	19.82142857142857	0.0
tRNA-Lys-CTT-6-1	34	73	19.75	0.0
tRNA-Lys-TTT-4-1	32	122	19.641774891774887	0.0
tRNA-Gly-CCC-2-2	20	38	19.0	0.0
tRNA-Gly-CCC-2-1	20	38	19.0	0.0
tRNA-Gly-GCC-4-1	39	143	18.975801245538086	0.0
tRNA-Lys-CTT-11-1	41	147	18.714362026862027	0.0
tRNA-Cys-GCA-2-3	49	150	18.258192918192915	0.0
tRNA-Cys-GCA-2-4	49	150	18.258192918192915	0.0
tRNA-Cys-GCA-2-1	49	150	18.258192918192915	0.0
tRNA-Cys-GCA-2-2	49	150	18.258192918192915	0.0
tRNA-Gln-CTG-5-1	51	119	18.23901098901099	0.0
tRNA-Gln-CTG-1-4	63	150	18.235347985347985	0.0
tRNA-Gln-CTG-1-3	63	150	18.235347985347985	0.0
tRNA-Gln-CTG-1-5	63	150	18.235347985347985	0.0
tRNA-Gln-CTG-1-1	63	150	18.235347985347985	0.0
tRNA-Gln-CTG-1-2	63	150	18.235347985347985	0.0
tRNA-Cys-GCA-4-1	48	149	18.181269841269838	0.0
tRNA-Val-TAC-2-1	18	43	17.666666666666668	0.0
tRNA-Cys-GCA-1-1	38	114	14.593787878787877	0.0
tRNA-Cys-GCA-chr5-2	39	120	14.159126984126981	0.0
tRNA-Glu-CTC-3-1	16	124	13.711111111111109	0.0
tRNA-Ala-AGC-3-1	42	137	12.269730269730267	0.0
tRNA-iMet-CAT-2-1	15	121	12.177777777777775	0.0
tRNA-iMet-CAT-1-8	15	121	12.177777777777775	0.0
tRNA-iMet-CAT-1-7	15	121	12.177777777777775	0.0
tRNA-iMet-CAT-1-6	15	121	12.177777777777775	0.0
tRNA-iMet-CAT-1-5	15	121	12.177777777777775	0.0
tRNA-iMet-CAT-1-4	15	121	12.177777777777775	0.0
tRNA-iMet-CAT-1-3	15	121	12.177777777777775	0.0
tRNA-iMet-CAT-1-2	15	121	12.177777777777775	0.0
tRNA-iMet-CAT-1-1	15	121	12.177777777777775	0.0
tRNA-Ala-AGC-7-1	42	137	12.103063603063601	0.0
tRNA-Ala-AGC-2-1	42	137	12.103063603063601	0.0
tRNA-Ala-AGC-2-2	42	137	12.103063603063601	0.0
tRNA-Ala-CGC-4-1	41	136	11.769730269730267	0.0
tRNA-Ala-AGC-5-1	41	136	11.769730269730267	0.0
tRNA-Thr-CGT-6-1	9	114	11.399999999999997	0.0
tRNA-Asp-GTC-2-4	60	131	11.190559440559438	0.0
tRNA-Asp-GTC-2-3	60	131	11.190559440559438	0.0
tRNA-Asp-GTC-2-2	60	131	11.190559440559438	0.0
tRNA-Asp-GTC-2-1	60	131	11.190559440559438	0.0
tRNA-Asp-GTC-2-9	60	131	11.190559440559438	0.0
tRNA-Asp-GTC-2-8	60	131	11.190559440559438	0.0
tRNA-Asp-GTC-2-7	60	131	11.190559440559438	0.0
tRNA-Asp-GTC-2-6	60	131	11.190559440559438	0.0
tRNA-Asp-GTC-2-5	60	131	11.190559440559438	0.0
tRNA-Asp-GTC-2-10	60	131	11.190559440559438	0.0
tRNA-Asp-GTC-2-11	60	131	11.190559440559438	0.0
tRNA-Ala-TGC-1-1	35	126	10.936396936396934	0.0
tRNA-Val-AAC-6-1	31	118	10.76973026973027	0.0
tRNA-Ala-TGC-5-1	34	125	10.436396936396934	0.0
tRNA-Ala-TGC-7-1	34	125	10.436396936396934	0.0
tRNA-Gly-TCC-1-1	9	13	10.375	0.0
tRNA-Cys-ACA-1-1	26	86	10.369444444444442	0.0
tRNA-Gln-TTG-2-1	32	63	10.296153846153844	0.0
tRNA-Pro-TGG-3-5	48	143	9.159356725146194	0.0
tRNA-Pro-TGG-3-3	48	143	9.159356725146194	0.0
tRNA-Pro-TGG-3-4	48	143	9.159356725146194	0.0
tRNA-Pro-TGG-3-1	48	143	9.159356725146194	0.0
tRNA-Pro-TGG-3-2	48	143	9.159356725146194	0.0
tRNA-Gln-TTG-1-1	34	69	9.146153846153844	0.0
tRNA-Ala-TGC-8-1	30	116	8.76973026973027	0.0
tRNA-Gln-TTG-3-1	33	67	8.47948717948718	0.0
tRNA-Gln-TTG-3-2	33	67	8.47948717948718	0.0
tRNA-Gln-TTG-3-3	33	67	8.47948717948718	0.0
tRNA-Und-NNN-4-1	18	59	8.33333333333333	0.0
tRNA-Und-NNN-3-1	13	40	7.765079365079365	0.0
tRNA-Pro-CGG-1-1	43	135	7.6926900584795295	0.0
tRNA-Pro-CGG-1-2	43	135	7.6926900584795295	0.0
tRNA-Pro-CGG-1-3	43	135	7.6926900584795295	0.0
tRNA-Pro-CGG-2-1	42	133	7.587426900584793	0.0
tRNA-Pro-AGG-1-1	44	135	7.49269005847953	0.0
tRNA-Pro-AGG-2-4	44	135	7.49269005847953	0.0
tRNA-Pro-AGG-2-3	44	135	7.49269005847953	0.0
tRNA-Pro-AGG-2-6	44	135	7.49269005847953	0.0
tRNA-Pro-AGG-2-5	44	135	7.49269005847953	0.0
tRNA-Pro-AGG-2-8	44	135	7.49269005847953	0.0
tRNA-Pro-AGG-2-7	44	135	7.49269005847953	0.0
tRNA-Pro-AGG-2-1	44	135	7.49269005847953	0.0
tRNA-Pro-AGG-2-2	44	135	7.49269005847953	0.0
tRNA-Lys-CTT-10-1	6	10	7.405357142857143	0.0
tRNA-Arg-CCT-4-1	12	19	7.150000000000001	0.0
tRNA-Gln-CTG-6-1	13	33	7.143956043956044	0.0
tRNA-Trp-CCA-2-1	3	7	7.0	0.0
tRNA-Val-TAC-3-1	4	12	6.596491228070176	0.0
tRNA-Asp-GTC-3-1	36	77	6.4166666666666625	0.0
tRNA-Glu-TTC-6-1	14	28	6.353968253968254	0.0
tRNA-Cys-GCA-15-1	24	61	6.318302530802529	0.0
tRNA-Cys-GCA-5-1	7	9	6.241923076923077	0.0
tRNA-Met-CAT-6-1	4	12	6.0	0.0
tRNA-Met-CAT-1-1	4	12	6.0	0.0
tRNA-Asp-ATC-chr6-103	13	36	5.761904761904761	0.0
tRNA-Ser-GCT-3-1	8	33	5.571428571428571	0.0
tRNA-Cys-GCA-8-1	25	62	5.435225607725607	0.0
tRNA-Cys-GCA-9-4	24	61	5.358302530802529	0.0
tRNA-Cys-GCA-9-2	24	61	5.358302530802529	0.0
tRNA-Cys-GCA-9-3	24	61	5.358302530802529	0.0
tRNA-Cys-GCA-9-1	24	61	5.358302530802529	0.0
tRNA-Cys-GCA-10-1	24	61	5.358302530802529	0.0
tRNA-Asn-GTT-6-1	6	8	5.325	0.0
tRNA-Cys-GCA-14-1	23	60	5.318302530802529	0.0
tRNA-Cys-GCA-19-1	23	60	5.318302530802529	0.0
tRNA-Cys-GCA-13-1	23	60	5.318302530802529	0.0
tRNA-Tyr-GTA-7-1	7	14	5.166666666666666	0.0
tRNA-Arg-CCT-3-1	10	17	5.15	0.0
tRNA-Ser-GCT-2-1	8	35	5.071428571428571	0.0
tRNA-Ser-GCT-1-1	8	35	5.071428571428571	0.0
tRNA-Ser-GCT-4-3	8	35	5.071428571428571	0.0
tRNA-Ser-GCT-4-2	8	35	5.071428571428571	0.0
tRNA-Ser-GCT-4-1	8	35	5.071428571428571	0.0
tRNA-Leu-TAG-2-1	8	12	5.04812030075188	0.0
tRNA-Thr-TGT-3-1	4	5	5.0	0.0
tRNA-Lys-TTT-13-1	6	10	4.7	0.0
tRNA-Ala-AGC-1-1	11	34	4.69047619047619	0.0
tRNA-Ser-GCT-5-1	7	32	4.571428571428571	0.0
tRNA-Arg-TCT-2-1	3	6	4.533333333333333	0.0
tRNA-Gly-GCC-6-1	9	12	4.5	0.0
tRNA-Leu-AAG-2-1	13	31	4.159231411862991	0.0
tRNA-Leu-AAG-2-3	13	31	4.159231411862991	0.0
tRNA-Leu-AAG-2-2	13	31	4.159231411862991	0.0
tRNA-Leu-AAG-2-4	13	31	4.159231411862991	0.0
tRNA-Asp-GTC-1-1	5	5	4.076923076923077	0.0
tRNA-Ala-TGC-9-1	3	4	4.0	0.0
tRNA-SeC-TCA-1-1	3	4	4.0	0.0
tRNA-Ser-TGA-4-1	9	36	3.9166666666666665	0.0
tRNA-Ser-AGA-4-1	9	36	3.9166666666666665	0.0
tRNA-Leu-CAA-1-2	7	9	3.9053571428571425	0.0
tRNA-Arg-TCT-3-1	7	9	3.783333333333333	0.0
tRNA-Arg-TCT-3-2	7	9	3.783333333333333	0.0
tRNA-Arg-CCG-2-1	4	6	3.6	0.0
tRNA-Val-TAC-4-1	9	36	3.491013071895425	0.0
tRNA-Tyr-GTA-5-1	9	17	3.1666666666666665	0.0
tRNA-Lys-CTT-16-1	3	4	3.111111111111111	0.0
tRNA-Ser-AGA-2-6	9	36	3.0595238095238093	0.0
tRNA-Ser-AGA-2-1	9	36	3.0595238095238093	0.0
tRNA-Ser-AGA-2-3	9	36	3.0595238095238093	0.0
tRNA-Ser-AGA-2-2	9	36	3.0595238095238093	0.0
tRNA-Ser-AGA-2-5	9	36	3.0595238095238093	0.0
tRNA-Ser-AGA-2-4	9	36	3.0595238095238093	0.0
tRNA-Ser-TGA-3-1	9	36	3.0595238095238093	0.0
tRNA-Leu-TAA-1-1	2	3	3.0	0.0
tRNA-Lys-TTT-12-1	1	3	3.0	0.0
tRNA-Ala-AGC-6-1	3	3	3.0	0.0
tRNA-Leu-AAG-3-1	9	26	2.9592314118629908	0.0
tRNA-Ser-AGA-1-1	8	35	2.9166666666666665	0.0
tRNA-Ser-AGA-3-1	8	35	2.9166666666666665	0.0
tRNA-Ser-TGA-2-1	8	35	2.9166666666666665	0.0
tRNA-Leu-CAA-1-1	6	8	2.9053571428571425	0.0
tRNA-Val-CAC-6-1	9	14	2.745424836601307	0.0
tRNA-Arg-CCT-1-1	7	12	2.6500000000000004	0.0
tRNA-Arg-CCT-2-1	7	12	2.6500000000000004	0.0
tRNA-Leu-CAG-2-2	11	25	2.643953634085213	0.0
tRNA-Leu-CAG-2-1	11	25	2.643953634085213	0.0
tRNA-Leu-AAG-4-1	3	6	2.642857142857143	0.0
tRNA-Lys-TTT-2-1	8	9	2.606060606060606	0.0
tRNA-Lys-TTT-1-1	8	9	2.606060606060606	0.0
tRNA-Leu-AAG-1-3	8	23	2.566374269005848	0.0
tRNA-Leu-AAG-1-1	8	23	2.566374269005848	0.0
tRNA-Leu-AAG-1-2	8	23	2.566374269005848	0.0
tRNA-Leu-TAG-1-1	8	23	2.566374269005848	0.0
tRNA-Leu-CAG-1-7	10	24	2.50109649122807	0.0
tRNA-Leu-CAG-1-6	10	24	2.50109649122807	0.0
tRNA-Leu-CAG-1-5	10	24	2.50109649122807	0.0
tRNA-Leu-CAG-1-4	10	24	2.50109649122807	0.0
tRNA-Leu-CAG-1-3	10	24	2.50109649122807	0.0
tRNA-Leu-CAG-1-2	10	24	2.50109649122807	0.0
tRNA-Leu-CAG-1-1	10	24	2.50109649122807	0.0
tRNA-Leu-TAG-3-1	2	5	2.5	0.0
tRNA-Lys-CTT-chr15-5	4	9	2.25	0.0
tRNA-Met-CAT-3-2	8	13	2.2380952380952377	0.0
tRNA-Met-CAT-3-1	8	13	2.2380952380952377	0.0
tRNA-Ser-ACT-1-1	3	4	2.1818181818181817	0.0
tRNA-Tyr-GTA-5-5	8	16	2.1666666666666665	0.0
tRNA-Tyr-GTA-5-4	8	16	2.1666666666666665	0.0
tRNA-Tyr-GTA-5-3	8	16	2.1666666666666665	0.0
tRNA-Tyr-GTA-5-2	8	16	2.1666666666666665	0.0
tRNA-Tyr-GTA-2-1	5	9	2.0	0.0
tRNA-Cys-GCA-chr12-14	1	2	2.0	0.0
tRNA-Sup-CTA-chr5-1	2	2	2.0	0.0
tRNA-Arg-TCG-1-1	2	2	2.0	0.0
tRNA-Cys-GCA-17-1	13	22	1.8123595848595846	0.0
tRNA-Gln-CTG-4-2	7	22	1.7939560439560438	0.0
tRNA-Gln-CTG-4-1	7	22	1.7939560439560438	0.0
tRNA-Gln-CTG-3-1	7	22	1.7939560439560438	0.0
tRNA-Gln-CTG-3-2	7	22	1.7939560439560438	0.0
tRNA-Met-CAT-4-3	7	12	1.738095238095238	0.0
tRNA-Met-CAT-4-1	7	12	1.738095238095238	0.0
tRNA-Met-CAT-4-2	7	12	1.738095238095238	0.0
tRNA-Met-CAT-2-1	7	12	1.738095238095238	0.0
tRNA-Tyr-GTA-6-1	5	11	1.6666666666666665	0.0
tRNA-Thr-TGT-5-1	2	3	1.6666666666666665	0.0
tRNA-Cys-GCA-chr11-21	12	22	1.5728479853479853	0.0
tRNA-Met-CAT-5-1	6	11	1.5714285714285714	0.0
tRNA-Gln-CTG-chr19-4	6	21	1.5439560439560438	0.0
tRNA-Gln-CTG-7-1	6	21	1.5439560439560438	0.0
tRNA-Gly-TCC-2-6	6	10	1.5416666666666667	0.0
tRNA-Gly-TCC-2-5	6	10	1.5416666666666667	0.0
tRNA-Gly-TCC-2-4	6	10	1.5416666666666667	0.0
tRNA-Gly-TCC-2-3	6	10	1.5416666666666667	0.0
tRNA-Gly-TCC-2-2	6	10	1.5416666666666667	0.0
tRNA-Gly-TCC-2-1	6	10	1.5416666666666667	0.0
tRNA-Cys-GCA-7-1	4	16	1.5280341880341881	0.0
tRNA-Gln-TTG-4-1	4	13	1.512820512820513	0.0
tRNA-Tyr-GTA-3-1	2	4	1.5	0.0
tRNA-Asp-GTC-5-1	10	17	1.4102564102564101	0.0
tRNA-Gly-TCC-3-1	4	4	1.375	0.0
tRNA-Tyr-GTA-4-1	4	10	1.1666666666666665	0.0
tRNA-Thr-TGT-4-1	2	3	1.1666666666666665	0.0
tRNA-Ala-AGC-8-1	2	3	1.1666666666666665	0.0
tRNA-Ala-AGC-8-2	2	3	1.1666666666666665	0.0
tRNA-Thr-TGT-6-1	2	3	1.1666666666666665	0.0
tRNA-Lys-TTT-11-1	2	2	1.1428571428571428	0.0
tRNA-Lys-CTT-chr7-30	8	12	1.1182659731572775	0.0
tRNA-Cys-GCA-22-1	10	16	1.1113095238095239	0.0
tRNA-Cys-GCA-20-1	10	16	1.1113095238095239	0.0
tRNA-Ile-AAT-9-1	2	2	1.1	0.0
tRNA-Lys-CTT-5-1	7	11	1.074787712287712	0.0
tRNA-Cys-GCA-3-1	5	9	1.0682051282051281	0.0
tRNA-Cys-GCA-16-1	4	8	1.028205128205128	0.0
tRNA-Lys-CTT-8-1	4	7	1.016346153846154	0.0
tRNA-Thr-CGT-5-1	1	1	1.0	0.0
tRNA-Tyr-GTA-1-1	1	3	1.0	0.0
tRNA-Leu-TAA-3-1	1	1	1.0	0.0
tRNA-Phe-GAA-7-1	1	1	1.0	0.0
tRNA-Lys-TTT-7-1	2	3	1.0	0.0
tRNA-Trp-CCA-4-1	1	1	1.0	0.0
tRNA-Thr-TGT-2-1	1	1	1.0	0.0
tRNA-Arg-ACG-1-3	4	4	0.8690476190476191	0.0
tRNA-Arg-ACG-1-1	4	4	0.8690476190476191	0.0
tRNA-Arg-ACG-1-2	4	4	0.8690476190476191	0.0
tRNA-Arg-CCT-5-1	4	4	0.8	0.0
tRNA-Phe-GAA-1-6	4	6	0.6761904761904762	0.0
tRNA-Phe-GAA-1-1	4	6	0.6761904761904762	0.0
tRNA-Phe-GAA-1-2	4	6	0.6761904761904762	0.0
tRNA-Phe-GAA-1-3	4	6	0.6761904761904762	0.0
tRNA-Phe-GAA-1-4	4	6	0.6761904761904762	0.0
tRNA-Phe-GAA-1-5	4	6	0.6761904761904762	0.0
tRNA-Phe-GAA-2-1	4	6	0.6761904761904762	0.0
tRNA-Tyr-GTA-9-1	1	6	0.6666666666666666	0.0
tRNA-Ala-AGC-11-1	1	2	0.6666666666666666	0.0
tRNA-Ile-AAT-6-1	4	5	0.6586297760210804	0.0
tRNA-Ile-AAT-2-1	4	5	0.6586297760210804	0.0
tRNA-Ile-AAT-3-1	4	5	0.6586297760210804	0.0
tRNA-Asn-GTT-2-1	5	6	0.575534188034188	0.0
tRNA-Asn-GTT-2-2	5	6	0.575534188034188	0.0
tRNA-Asn-GTT-2-3	5	6	0.575534188034188	0.0
tRNA-Asn-GTT-2-4	5	6	0.575534188034188	0.0
tRNA-Asn-GTT-2-5	5	6	0.575534188034188	0.0
tRNA-Asn-GTT-2-6	5	6	0.575534188034188	0.0
tRNA-Val-CAC-10-1	2	2	0.5555555555555556	0.0
tRNA-Tyr-GTA-chr14-8	2	2	0.5333333333333333	0.0
tRNA-Phe-GAA-3-1	3	5	0.5333333333333333	0.0
tRNA-Tyr-GTA-chr1-127	2	2	0.5333333333333333	0.0
tRNA-Tyr-GTA-chr21-2	2	2	0.5333333333333333	0.0
tRNA-Phe-GAA-6-1	3	5	0.5333333333333333	0.0
tRNA-Thr-CGT-4-1	1	1	0.5	0.0
tRNA-Ser-GCT-6-1	1	3	0.5	0.0
tRNA-Thr-CGT-2-1	1	1	0.5	0.0
tRNA-Ala-AGC-9-1	1	1	0.5	0.0
tRNA-Ala-AGC-9-2	1	1	0.5	0.0
tRNA-Arg-TCT-1-1	2	2	0.45	0.0
tRNA-Ile-AAT-5-5	4	5	0.43640755379885815	0.0
tRNA-Ile-AAT-5-4	4	5	0.43640755379885815	0.0
tRNA-Ile-AAT-5-3	4	5	0.43640755379885815	0.0
tRNA-Ile-AAT-5-2	4	5	0.43640755379885815	0.0
tRNA-Ile-AAT-5-1	4	5	0.43640755379885815	0.0
tRNA-Leu-CAA-3-1	3	3	0.40535714285714286	0.0
tRNA-Leu-CAA-2-1	3	3	0.40535714285714286	0.0
tRNA-Trp-CCA-5-1	1	2	0.4	0.0
tRNA-Trp-CCA-3-2	1	2	0.4	0.0
tRNA-Trp-CCA-3-1	1	2	0.4	0.0
tRNA-Trp-CCA-3-3	1	2	0.4	0.0
tRNA-Trp-CCA-1-1	1	2	0.4	0.0
tRNA-Lys-CTT-12-1	3	5	0.3981643356643357	0.0
tRNA-Lys-CTT-chr16-1	3	5	0.3981643356643357	0.0
tRNA-Asn-GTT-3-1	3	4	0.38803418803418804	0.0
tRNA-Asn-GTT-3-2	3	4	0.38803418803418804	0.0
tRNA-Asn-GTT-1-1	3	4	0.3875	0.0
tRNA-Ile-AAT-1-1	3	4	0.3364075537988581	0.0
tRNA-Ile-TAT-2-3	1	1	0.3333333333333333	0.0
tRNA-Ile-TAT-2-2	1	1	0.3333333333333333	0.0
tRNA-Ile-TAT-2-1	1	1	0.3333333333333333	0.0
tRNA-Arg-TCG-5-1	1	1	0.3333333333333333	0.0
tRNA-Arg-TCG-2-1	1	1	0.3333333333333333	0.0
tRNA-Arg-TCG-4-1	1	1	0.3333333333333333	0.0
tRNA-Sup-TTA-1-1	1	1	0.3333333333333333	0.0
tRNA-Ile-AAT-4-1	3	4	0.32529644268774704	0.0
tRNA-Arg-ACG-2-3	2	2	0.2857142857142857	0.0
tRNA-Arg-ACG-2-2	2	2	0.2857142857142857	0.0
tRNA-Arg-ACG-2-4	2	2	0.2857142857142857	0.0
tRNA-Arg-ACG-2-1	2	2	0.2857142857142857	0.0
tRNA-Lys-TTT-8-1	3	3	0.2727272727272727	0.0
tRNA-Lys-TTT-14-1	3	3	0.2727272727272727	0.0
tRNA-Asn-GTT-5-1	3	3	0.25053418803418803	0.0
tRNA-Thr-CGT-3-1	1	1	0.25	0.0
tRNA-Thr-AGT-6-1	1	1	0.25	0.0
tRNA-Und-NNN-2-1	1	1	0.25	0.0
tRNA-Arg-TCT-4-1	1	1	0.25	0.0
tRNA-Thr-AGT-2-2	1	1	0.25	0.0
tRNA-Thr-AGT-2-1	1	1	0.25	0.0
tRNA-Lys-CTT-14-1	2	3	0.24431818181818182	0.0
tRNA-Cys-GCA-18-1	4	4	0.2275	0.0
tRNA-Lys-CTT-15-1	2	3	0.21634615384615385	0.0
tRNA-Gln-CTG-12-1	1	3	0.21428571428571427	0.0
tRNA-Tyr-GTA-chr10-3	1	1	0.2	0.0
tRNA-Phe-GAA-5-1	1	2	0.2	0.0
tRNA-Arg-TCT-5-1	1	1	0.2	0.0
tRNA-Tyr-GTA-chr9-10	1	1	0.2	0.0
tRNA-Cys-GCA-12-1	3	3	0.1875	0.0
tRNA-Ile-AAT-8-1	2	2	0.15458937198067632	0.0
tRNA-Ile-AAT-7-2	2	2	0.15458937198067632	0.0
tRNA-Ile-AAT-7-1	2	2	0.15458937198067632	0.0
tRNA-Asn-GTT-4-1	2	2	0.13942307692307693	0.0
tRNA-Tyr-GTA-11-1	1	1	0.125	0.0
tRNA-Cys-GCA-21-1	2	2	0.11692307692307694	0.0
tRNA-Cys-GCA-23-1	2	2	0.11692307692307694	0.0
tRNA-Cys-GCA-24-1	2	2	0.11692307692307694	0.0
tRNA-Cys-GCA-11-1	2	2	0.11692307692307694	0.0
tRNA-Cys-GCA-25-1	2	2	0.11692307692307694	0.0
tRNA-Asn-GTT-11-2	1	1	0.07692307692307693	0.0
tRNA-Asn-GTT-11-1	1	1	0.07692307692307693	0.0
tRNA-Asn-GTT-7-1	1	1	0.07692307692307693	0.0
tRNA-Leu-CAG-chr9-7	1	1	0.0625	0.0
tRNA-Asn-GTT-16-1	1	1	0.0625	0.0
tRNA-Asn-GTT-16-2	1	1	0.0625	0.0
tRNA-Asn-GTT-16-3	1	1	0.0625	0.0
tRNA-Asn-GTT-16-4	1	1	0.0625	0.0
tRNA-Asn-GTT-16-5	1	1	0.0625	0.0
tRNA-Leu-CAA-6-1	1	1	0.0625	0.0
tRNA-Lys-CTT-13-1	1	1	0.0625	0.0
tRNA-Asn-GTT-9-2	1	1	0.0625	0.0
tRNA-Asn-GTT-9-1	1	1	0.0625	0.0
tRNA-Ser-AGA-5-1	1	1	0.04	0.0
tRNA-Pro-AGG-3-1	1	1	0.04	0.0
