ReferenceID	uniqueReadCount	totalReadCount	multimapAdjustedReadCount	multimapAdjustedBarcodeCount
tRNA-Gly-GCC-1-5	3257	92096	15351.337997066237	0.0
tRNA-Gly-GCC-1-3	3257	92096	15351.337997066237	0.0
tRNA-Gly-GCC-1-4	3257	92096	15351.337997066237	0.0
tRNA-Gly-GCC-1-1	3257	92096	15351.337997066237	0.0
tRNA-Gly-GCC-1-2	3257	92096	15351.337997066237	0.0
tRNA-Gly-CCC-1-2	2972	83539	10929.95866528674	0.0
tRNA-Gly-CCC-1-1	2972	83539	10929.95866528674	0.0
tRNA-Gly-GCC-2-1	3649	98860	9449.392536970694	0.0
tRNA-Gly-GCC-2-5	3649	98860	9449.392536970694	0.0
tRNA-Gly-GCC-2-4	3649	98860	9449.392536970694	0.0
tRNA-Gly-GCC-2-3	3649	98860	9449.392536970694	0.0
tRNA-Gly-GCC-2-2	3649	98860	9449.392536970694	0.0
tRNA-Gly-GCC-2-6	3649	98860	9449.392536970694	0.0
tRNA-Gly-GCC-3-1	3608	98783	9438.253842332	0.0
tRNA-Gly-GCC-5-1	3127	92041	8931.086520180375	0.0
tRNA-Glu-CTC-1-7	2070	36836	4566.616355866358	0.0
tRNA-Glu-CTC-1-6	2070	36836	4566.616355866358	0.0
tRNA-Glu-CTC-1-5	2070	36836	4566.616355866358	0.0
tRNA-Glu-CTC-1-4	2070	36836	4566.616355866358	0.0
tRNA-Glu-CTC-1-3	2070	36836	4566.616355866358	0.0
tRNA-Glu-CTC-1-2	2070	36836	4566.616355866358	0.0
tRNA-Glu-CTC-1-1	2070	36836	4566.616355866358	0.0
tRNA-Glu-CTC-2-1	1809	35522	4421.893123543128	0.0
tRNA-Lys-CTT-2-1	1908	25065	4035.063060550568	0.0
tRNA-Lys-CTT-2-3	1908	25065	4035.063060550568	0.0
tRNA-Lys-CTT-2-2	1908	25065	4035.063060550568	0.0
tRNA-Lys-CTT-2-5	1908	25065	4035.063060550568	0.0
tRNA-Lys-CTT-2-4	1908	25065	4035.063060550568	0.0
tRNA-His-GTG-1-4	1799	29647	3274.1111111111877	0.0
tRNA-His-GTG-1-5	1799	29647	3274.1111111111877	0.0
tRNA-His-GTG-1-2	1799	29647	3274.1111111111877	0.0
tRNA-His-GTG-1-3	1799	29647	3274.1111111111877	0.0
tRNA-His-GTG-1-1	1799	29647	3274.1111111111877	0.0
tRNA-His-GTG-1-9	1799	29647	3274.1111111111877	0.0
tRNA-His-GTG-1-8	1799	29647	3274.1111111111877	0.0
tRNA-His-GTG-1-7	1799	29647	3274.1111111111877	0.0
tRNA-His-GTG-1-6	1799	29647	3274.1111111111877	0.0
tRNA-Lys-TTT-3-4	2007	20721	3135.7518245642996	0.0
tRNA-Lys-TTT-3-5	2007	20721	3135.7518245642996	0.0
tRNA-Lys-TTT-3-2	2007	20721	3135.7518245642996	0.0
tRNA-Lys-TTT-3-3	2007	20721	3135.7518245642996	0.0
tRNA-Lys-TTT-3-1	2007	20721	3135.7518245642996	0.0
tRNA-Lys-TTT-5-1	1733	19713	3029.215749528239	0.0
tRNA-Glu-TTC-2-2	743	6186	2820.75	0.0
tRNA-Glu-TTC-2-1	743	6186	2820.75	0.0
tRNA-Lys-CTT-3-1	1082	17284	2661.259525197022	0.0
tRNA-Val-CAC-2-1	469	2602	2123.67341375944	0.0
tRNA-Lys-CTT-4-1	1066	8782	2057.895257520252	0.0
tRNA-Lys-CTT-1-1	1078	8897	2036.708449883443	0.0
tRNA-Lys-CTT-1-2	1078	8897	2036.708449883443	0.0
tRNA-Gly-CCC-6-1	1044	14553	1688.3098209936816	0.0
tRNA-Val-AAC-2-1	276	1611	1379.5547241973711	0.0
tRNA-Val-CAC-8-1	948	13506	1330.5937000918789	0.0
tRNA-Val-TAC-1-1	400	2645	1132.6482972136223	0.0
tRNA-Val-TAC-1-2	400	2645	1132.6482972136223	0.0
tRNA-Lys-TTT-4-1	983	8028	1110.6422646797612	0.0
tRNA-Glu-TTC-9-1	823	12403	1014.3625673357435	0.0
tRNA-Arg-CCT-1-1	251	3744	884.983333333335	0.0
tRNA-Arg-CCT-2-1	251	3744	884.983333333335	0.0
tRNA-Gln-CTG-5-1	503	3098	859.6004884004873	0.0
tRNA-Gly-CCC-2-2	387	1698	849.0	0.0
tRNA-Gly-CCC-2-1	387	1698	849.0	0.0
tRNA-Arg-CCT-4-1	296	3553	797.9833333333353	0.0
tRNA-Arg-CCT-3-1	282	3535	781.1500000000018	0.0
tRNA-Glu-TTC-1-2	444	2047	751.25	0.0
tRNA-Glu-TTC-1-1	444	2047	751.25	0.0
tRNA-Glu-TTC-4-1	730	4186	720.7770701520717	0.0
tRNA-Glu-TTC-4-2	730	4186	720.7770701520717	0.0
tRNA-Gln-TTG-2-1	511	2998	694.4485403485429	0.0
tRNA-Val-TAC-2-1	268	1352	658.2500000000005	0.0
tRNA-Arg-CCT-5-1	190	3286	657.2000000000004	0.0
tRNA-Leu-CAA-1-2	171	1562	610.9482142857148	0.0
tRNA-Lys-TTT-6-1	653	5003	609.6827408702408	0.0
tRNA-Leu-CAA-1-1	156	1542	591.4482142857148	0.0
tRNA-Glu-TTC-3-1	460	2851	577.3538378288392	0.0
tRNA-Glu-TTC-8-1	427	2792	563.3235347985361	0.0
tRNA-Gln-TTG-1-1	483	2843	547.7184537684534	0.0
tRNA-Val-CAC-1-5	846	7888	540.8572941807084	0.0
tRNA-Val-CAC-1-4	846	7888	540.8572941807084	0.0
tRNA-Val-CAC-1-6	846	7888	540.8572941807084	0.0
tRNA-Val-CAC-1-1	846	7888	540.8572941807084	0.0
tRNA-Val-CAC-1-3	846	7888	540.8572941807084	0.0
tRNA-Val-CAC-1-2	846	7888	540.8572941807084	0.0
tRNA-Val-CAC-4-1	827	7839	537.2803711037852	0.0
tRNA-Val-AAC-3-1	674	7230	535.9313037495704	0.0
tRNA-Val-CAC-5-1	765	7675	523.9046914729577	0.0
tRNA-Ala-TGC-2-1	132	2670	499.53055555555545	0.0
tRNA-Ala-TGC-3-2	134	2678	497.78055555555545	0.0
tRNA-Ala-TGC-3-1	134	2678	497.78055555555545	0.0
tRNA-Ala-CGC-2-1	130	2673	497.45912698412684	0.0
tRNA-Ala-CGC-1-1	125	2662	497.20912698412684	0.0
tRNA-Lys-CTT-7-1	590	3477	485.97455738705804	0.0
tRNA-Val-AAC-1-1	699	7294	470.8163850897979	0.0
tRNA-Val-AAC-1-2	699	7294	470.8163850897979	0.0
tRNA-Val-AAC-1-3	699	7294	470.8163850897979	0.0
tRNA-Val-AAC-1-4	699	7294	470.8163850897979	0.0
tRNA-Val-AAC-1-5	699	7294	470.8163850897979	0.0
tRNA-Lys-CTT-11-1	570	3453	468.03050976801006	0.0
tRNA-Val-AAC-4-1	664	7198	464.9313037495695	0.0
tRNA-Gln-CTG-2-1	673	3507	462.1318070818079	0.0
tRNA-Leu-CAA-4-1	182	907	447.61488095238076	0.0
tRNA-Gln-TTG-3-1	478	2472	424.6740093240078	0.0
tRNA-Gln-TTG-3-2	478	2472	424.6740093240078	0.0
tRNA-Gln-TTG-3-3	478	2472	424.6740093240078	0.0
tRNA-Gln-CTG-1-4	700	3580	420.62271617271676	0.0
tRNA-Gln-CTG-1-3	700	3580	420.62271617271676	0.0
tRNA-Gln-CTG-1-5	700	3580	420.62271617271676	0.0
tRNA-Gln-CTG-1-1	700	3580	420.62271617271676	0.0
tRNA-Gln-CTG-1-2	700	3580	420.62271617271676	0.0
tRNA-Ala-AGC-1-1	62	437	395.5714285714286	0.0
tRNA-Tyr-GTA-chr1-127	363	1158	377.4242424242413	0.0
tRNA-Tyr-GTA-chr21-2	363	1158	377.4242424242413	0.0
tRNA-Tyr-GTA-chr14-8	355	1149	373.4242424242413	0.0
tRNA-Lys-CTT-6-1	390	1519	353.0395826395823	0.0
tRNA-Glu-TTC-10-1	303	1724	333.47909035408975	0.0
tRNA-Met-CAT-3-2	201	2238	329.1626984126987	0.0
tRNA-Met-CAT-3-1	201	2238	329.1626984126987	0.0
tRNA-Gly-TCC-1-1	245	1083	319.4027777777778	0.0
tRNA-Met-CAT-4-3	179	2211	315.6626984126988	0.0
tRNA-Met-CAT-4-1	179	2211	315.6626984126988	0.0
tRNA-Met-CAT-4-2	179	2211	315.6626984126988	0.0
tRNA-Met-CAT-2-1	179	2211	315.6626984126988	0.0
tRNA-Met-CAT-5-1	174	2196	313.99603174603203	0.0
tRNA-Ala-TGC-4-1	126	883	305.3710317460317	0.0
tRNA-Pro-AGG-1-1	595	3145	275.2862573099415	0.0
tRNA-Leu-TAA-1-1	117	328	271.44166666666666	0.0
tRNA-Gln-TTG-4-1	139	855	266.7410256410256	0.0
tRNA-Met-CAT-1-1	131	500	256.3888888888889	0.0
tRNA-Gly-TCC-3-1	238	1018	253.90277777777786	0.0
tRNA-Met-CAT-6-1	124	492	248.5138888888889	0.0
tRNA-Val-CAC-3-1	141	455	240.47214052287572	0.0
tRNA-Lys-TTT-2-1	278	1520	238.13596958596995	0.0
tRNA-Lys-TTT-1-1	276	1516	236.3026362526366	0.0
tRNA-Gly-CCC-chr1-16	232	2610	235.3319884031555	0.0
tRNA-Gly-CCC-chr1-19	232	2610	235.3319884031555	0.0
tRNA-His-GTG-2-1	292	1846	225.9999999999996	0.0
tRNA-Thr-CGT-4-1	62	230	224.0	0.0
tRNA-Pro-TGG-3-5	692	3410	216.20409111012836	0.0
tRNA-Pro-TGG-3-3	692	3410	216.20409111012836	0.0
tRNA-Pro-TGG-3-4	692	3410	216.20409111012836	0.0
tRNA-Pro-TGG-3-1	692	3410	216.20409111012836	0.0
tRNA-Pro-TGG-3-2	692	3410	216.20409111012836	0.0
tRNA-Pro-CGG-2-1	595	3079	204.64611528822053	0.0
tRNA-Pro-CGG-1-1	640	3252	202.90647206250924	0.0
tRNA-Pro-CGG-1-2	640	3252	202.90647206250924	0.0
tRNA-Pro-CGG-1-3	640	3252	202.90647206250924	0.0
tRNA-Ala-TGC-6-1	82	558	202.7410256410257	0.0
tRNA-Gly-CCC-5-1	143	2004	201.37946753221354	0.0
tRNA-Pro-TGG-2-1	319	1073	188.32468671679234	0.0
tRNA-Leu-TAG-3-1	87	231	186.7020202020202	0.0
tRNA-Gly-CCC-4-1	145	1490	186.40084381674768	0.0
tRNA-Ala-AGC-2-1	105	766	179.48128538128555	0.0
tRNA-Ala-AGC-2-2	105	766	179.48128538128555	0.0
tRNA-Pro-AGG-2-4	615	3161	172.87869428473167	0.0
tRNA-Pro-AGG-2-3	615	3161	172.87869428473167	0.0
tRNA-Pro-AGG-2-6	615	3161	172.87869428473167	0.0
tRNA-Pro-AGG-2-5	615	3161	172.87869428473167	0.0
tRNA-Pro-AGG-2-8	615	3161	172.87869428473167	0.0
tRNA-Pro-AGG-2-7	615	3161	172.87869428473167	0.0
tRNA-Pro-AGG-2-1	615	3161	172.87869428473167	0.0
tRNA-Pro-AGG-2-2	615	3161	172.87869428473167	0.0
tRNA-Ala-AGC-3-1	94	750	172.31461871461883	0.0
tRNA-Pro-TGG-1-1	173	615	172.1725121627598	0.0
tRNA-Thr-TGT-4-1	122	622	171.08333333333331	0.0
tRNA-Val-TAC-3-1	87	261	169.58947368421056	0.0
tRNA-Thr-TGT-5-1	117	590	162.41666666666663	0.0
tRNA-Gly-CCC-3-1	94	1081	157.7020100481771	0.0
tRNA-Cys-GCA-6-1	152	577	156.85800205541585	0.0
tRNA-Lys-TTT-7-1	62	399	156.1392857142857	0.0
tRNA-Ala-CGC-3-1	78	713	151.68055555555557	0.0
tRNA-Ala-TGC-1-1	79	572	151.4574758574759	0.0
tRNA-Gly-TCC-2-6	282	1136	150.64087301587307	0.0
tRNA-Gly-TCC-2-5	282	1136	150.64087301587307	0.0
tRNA-Gly-TCC-2-4	282	1136	150.64087301587307	0.0
tRNA-Gly-TCC-2-3	282	1136	150.64087301587307	0.0
tRNA-Gly-TCC-2-2	282	1136	150.64087301587307	0.0
tRNA-Gly-TCC-2-1	282	1136	150.64087301587307	0.0
tRNA-Thr-TGT-3-1	86	535	139.33333333333331	0.0
tRNA-Thr-TGT-2-1	83	533	137.75	0.0
tRNA-Val-AAC-5-1	196	2046	131.62419590643285	0.0
tRNA-Asn-GTT-2-1	209	1286	127.33582056619129	0.0
tRNA-Asn-GTT-2-2	209	1286	127.33582056619129	0.0
tRNA-Asn-GTT-2-3	209	1286	127.33582056619129	0.0
tRNA-Asn-GTT-2-4	209	1286	127.33582056619129	0.0
tRNA-Asn-GTT-2-5	209	1286	127.33582056619129	0.0
tRNA-Asn-GTT-2-6	209	1286	127.33582056619129	0.0
tRNA-Asn-GTT-1-1	182	1255	125.54137612174686	0.0
tRNA-Asn-GTT-3-1	176	1246	124.01201479679727	0.0
tRNA-Asn-GTT-3-2	176	1246	124.01201479679727	0.0
tRNA-Asn-GTT-6-1	158	1227	121.67797659856471	0.0
tRNA-Leu-CAG-2-2	155	995	118.7926587301589	0.0
tRNA-Leu-CAG-2-1	155	995	118.7926587301589	0.0
tRNA-Asp-GTC-2-4	418	1341	114.98193473193486	0.0
tRNA-Asp-GTC-2-3	418	1341	114.98193473193486	0.0
tRNA-Asp-GTC-2-2	418	1341	114.98193473193486	0.0
tRNA-Asp-GTC-2-1	418	1341	114.98193473193486	0.0
tRNA-Asp-GTC-2-9	418	1341	114.98193473193486	0.0
tRNA-Asp-GTC-2-8	418	1341	114.98193473193486	0.0
tRNA-Asp-GTC-2-7	418	1341	114.98193473193486	0.0
tRNA-Asp-GTC-2-6	418	1341	114.98193473193486	0.0
tRNA-Asp-GTC-2-5	418	1341	114.98193473193486	0.0
tRNA-Asp-GTC-2-10	418	1341	114.98193473193486	0.0
tRNA-Asp-GTC-2-11	418	1341	114.98193473193486	0.0
tRNA-Ala-AGC-4-1	78	466	112.18055555555554	0.0
tRNA-iMet-CAT-1-8	193	1021	110.47777777777803	0.0
tRNA-iMet-CAT-1-7	193	1021	110.47777777777803	0.0
tRNA-iMet-CAT-1-6	193	1021	110.47777777777803	0.0
tRNA-iMet-CAT-1-5	193	1021	110.47777777777803	0.0
tRNA-iMet-CAT-1-4	193	1021	110.47777777777803	0.0
tRNA-iMet-CAT-1-3	193	1021	110.47777777777803	0.0
tRNA-iMet-CAT-1-2	193	1021	110.47777777777803	0.0
tRNA-iMet-CAT-1-1	193	1021	110.47777777777803	0.0
tRNA-Thr-TGT-1-1	77	301	107.59285714285713	0.0
tRNA-Asp-GTC-1-1	96	172	107.37179487179489	0.0
tRNA-Leu-CAA-2-1	121	565	104.44821428571431	0.0
tRNA-iMet-CAT-2-1	182	957	102.47777777777803	0.0
tRNA-Gln-CTG-6-1	197	1048	101.01227106227118	0.0
tRNA-Gly-GCC-4-1	152	812	99.56804647021376	0.0
tRNA-Lys-TTT-8-1	187	1076	98.38196525696536	0.0
tRNA-Leu-CAA-3-1	118	557	97.61488095238097	0.0
tRNA-Cys-GCA-4-1	173	702	96.7238518918539	0.0
tRNA-Tyr-GTA-1-1	75	225	96.43209290709291	0.0
tRNA-Cys-GCA-2-3	174	704	95.4333701513722	0.0
tRNA-Cys-GCA-2-4	174	704	95.4333701513722	0.0
tRNA-Cys-GCA-2-1	174	704	95.4333701513722	0.0
tRNA-Cys-GCA-2-2	174	704	95.4333701513722	0.0
tRNA-Arg-TCT-1-1	93	200	95.20000000000003	0.0
tRNA-Ser-GCT-3-1	136	419	92.38437761069346	0.0
tRNA-Val-CAC-7-1	70	1290	89.91397058823536	0.0
tRNA-Leu-CAG-1-7	137	793	89.57837301587315	0.0
tRNA-Leu-CAG-1-6	137	793	89.57837301587315	0.0
tRNA-Leu-CAG-1-5	137	793	89.57837301587315	0.0
tRNA-Leu-CAG-1-4	137	793	89.57837301587315	0.0
tRNA-Leu-CAG-1-3	137	793	89.57837301587315	0.0
tRNA-Leu-CAG-1-2	137	793	89.57837301587315	0.0
tRNA-Leu-CAG-1-1	137	793	89.57837301587315	0.0
tRNA-Cys-GCA-5-1	70	167	86.32975203745995	0.0
tRNA-Lys-TTT-14-1	147	921	84.42110667110678	0.0
tRNA-Thr-AGT-3-1	67	275	83.61507936507935	0.0
tRNA-Cys-GCA-chr5-2	127	589	83.16743053543256	0.0
tRNA-Leu-TAG-1-1	112	298	81.21515151515155	0.0
tRNA-Tyr-GTA-2-1	109	380	79.26542624042628	0.0
tRNA-Arg-TCT-3-1	139	263	79.23333333333333	0.0
tRNA-Arg-ACG-2-3	108	538	78.83928571428578	0.0
tRNA-Arg-ACG-2-2	108	538	78.83928571428578	0.0
tRNA-Arg-ACG-2-4	108	538	78.83928571428578	0.0
tRNA-Arg-ACG-2-1	108	538	78.83928571428578	0.0
tRNA-Gln-CTG-4-2	169	987	77.83045288045294	0.0
tRNA-Gln-CTG-4-1	169	987	77.83045288045294	0.0
tRNA-Gln-CTG-3-1	166	982	76.66378621378625	0.0
tRNA-Gln-CTG-3-2	166	982	76.66378621378625	0.0
tRNA-Arg-ACG-1-3	100	526	76.50595238095245	0.0
tRNA-Arg-ACG-1-1	100	526	76.50595238095245	0.0
tRNA-Arg-ACG-1-2	100	526	76.50595238095245	0.0
tRNA-Arg-TCT-2-1	125	243	76.23333333333333	0.0
tRNA-Arg-TCT-3-2	137	259	71.73333333333333	0.0
tRNA-Ser-GCT-5-1	122	402	69.11294903926492	0.0
tRNA-Arg-CCG-2-1	58	70	68.7	0.0
tRNA-Tyr-GTA-5-1	98	392	68.12733100233102	0.0
tRNA-Lys-CTT-5-1	149	387	67.35679320679324	0.0
tRNA-Tyr-GTA-5-5	98	389	65.12733100233099	0.0
tRNA-Gln-CTG-7-1	90	813	62.078937728937774	0.0
tRNA-Ser-GCT-4-3	127	407	61.3843776106935	0.0
tRNA-Ser-GCT-4-2	127	407	61.3843776106935	0.0
tRNA-Ser-GCT-4-1	127	407	61.3843776106935	0.0
tRNA-Tyr-GTA-5-4	94	385	60.377331002331005	0.0
tRNA-Tyr-GTA-5-3	94	385	60.377331002331005	0.0
tRNA-Gln-CTG-chr19-4	81	793	59.38525641025645	0.0
tRNA-Tyr-GTA-5-2	92	383	59.127331002331005	0.0
tRNA-Tyr-GTA-8-1	50	137	55.09875957375958	0.0
tRNA-Ile-TAT-2-1	35	170	54.68333333333332	0.0
tRNA-Thr-CGT-3-1	65	251	54.53333333333333	0.0
tRNA-Thr-CGT-1-1	75	279	54.22619047619047	0.0
tRNA-Lys-CTT-chr15-5	90	240	53.83333333333334	0.0
tRNA-Ser-GCT-2-1	106	348	53.55104427736014	0.0
tRNA-Ser-GCT-1-1	105	347	52.55104427736014	0.0
tRNA-Trp-CCA-2-1	32	54	52.285714285714285	0.0
tRNA-Ile-TAT-1-1	26	158	50.68333333333333	0.0
tRNA-Asp-GTC-5-1	152	484	49.29578754578761	0.0
tRNA-Ile-TAT-3-1	21	146	46.93333333333333	0.0
tRNA-Ser-AGA-1-1	110	420	46.68965566597148	0.0
tRNA-Tyr-GTA-3-1	61	142	46.43209290709291	0.0
tRNA-Arg-TCT-5-1	104	209	46.4	0.0
tRNA-Ser-TGA-2-1	96	406	46.272988999304815	0.0
tRNA-Cys-GCA-1-1	121	373	44.77923915165297	0.0
tRNA-Lys-TTT-11-1	81	395	44.307758907758924	0.0
tRNA-Leu-TAG-2-1	63	122	42.67229437229438	0.0
tRNA-Ala-AGC-6-1	29	43	41.142857142857146	0.0
tRNA-Leu-TAA-3-1	40	95	39.94166666666666	0.0
tRNA-Ser-AGA-3-1	87	390	39.833595059910834	0.0
tRNA-Leu-AAG-2-1	118	332	39.80007215007217	0.0
tRNA-Leu-AAG-2-3	118	332	39.80007215007217	0.0
tRNA-Leu-AAG-2-2	118	332	39.80007215007217	0.0
tRNA-Leu-AAG-2-4	118	332	39.80007215007217	0.0
tRNA-Lys-TTT-15-1	12	57	39.58333333333333	0.0
tRNA-Thr-TGT-6-1	41	94	38.41666666666668	0.0
tRNA-Ser-TGA-4-1	71	340	38.13662536294114	0.0
tRNA-Val-CAC-6-1	144	442	37.763259697818555	0.0
tRNA-Gly-TCC-4-1	71	165	36.84920634920635	0.0
tRNA-Arg-CCG-1-3	80	142	36.38452380952381	0.0
tRNA-Arg-CCG-1-2	80	142	36.38452380952381	0.0
tRNA-Arg-CCG-1-1	80	142	36.38452380952381	0.0
tRNA-Asp-GTC-3-1	132	347	36.088827838827825	0.0
tRNA-Leu-AAG-1-3	107	293	36.07626262626263	0.0
tRNA-Leu-AAG-1-1	107	293	36.07626262626263	0.0
tRNA-Leu-AAG-1-2	107	293	36.07626262626263	0.0
tRNA-Lys-CTT-16-1	57	156	36.0	0.0
tRNA-Leu-AAG-3-1	109	293	34.82229437229436	0.0
tRNA-Thr-CGT-6-1	17	347	34.7	0.0
tRNA-Ser-AGA-4-1	71	347	34.05495337995336	0.0
tRNA-Thr-AGT-1-1	83	262	33.56507936507936	0.0
tRNA-Thr-AGT-1-3	83	262	33.56507936507936	0.0
tRNA-Thr-AGT-1-2	83	262	33.56507936507936	0.0
tRNA-Thr-CGT-2-1	26	39	33.0	0.0
tRNA-Ser-AGA-2-6	93	371	32.2313223326381	0.0
tRNA-Ser-AGA-2-1	93	371	32.2313223326381	0.0
tRNA-Ser-AGA-2-3	93	371	32.2313223326381	0.0
tRNA-Ser-AGA-2-2	93	371	32.2313223326381	0.0
tRNA-Ser-AGA-2-5	93	371	32.2313223326381	0.0
tRNA-Ser-AGA-2-4	93	371	32.2313223326381	0.0
tRNA-Lys-CTT-chr7-30	123	275	32.019888444888416	0.0
tRNA-Gly-CCC-7-1	38	85	31.711111111111112	0.0
tRNA-Ser-TGA-3-1	78	354	30.314655665971433	0.0
tRNA-Lys-TTT-9-1	14	39	29.835714285714285	0.0
tRNA-Tyr-GTA-4-1	46	147	29.04399766899767	0.0
tRNA-Ile-AAT-8-1	83	282	27.608730158730157	0.0
tRNA-SeC-TCA-1-1	18	29	27.5	0.0
tRNA-Arg-TCG-3-1	69	120	27.25119047619048	0.0
tRNA-Ile-AAT-2-1	103	299	27.035245310245312	0.0
tRNA-Cys-ACA-1-1	54	175	26.47896825396824	0.0
tRNA-Tyr-GTA-6-1	44	145	26.293997668997665	0.0
tRNA-Ile-AAT-5-5	105	315	26.035245310245312	0.0
tRNA-Ile-AAT-5-4	105	315	26.035245310245312	0.0
tRNA-Ile-AAT-5-3	105	315	26.035245310245312	0.0
tRNA-Ile-AAT-5-2	105	315	26.035245310245312	0.0
tRNA-Ile-AAT-5-1	105	315	26.035245310245312	0.0
tRNA-Ala-CGC-4-1	67	253	25.905094905094902	0.0
tRNA-Ala-AGC-5-1	67	255	25.547952047952045	0.0
tRNA-Leu-TAA-2-1	35	83	25.108333333333334	0.0
tRNA-Ile-AAT-3-1	89	276	25.04357864357865	0.0
tRNA-Ala-TGC-5-1	56	235	24.714618714618716	0.0
tRNA-Ala-AGC-7-1	67	253	24.381285381285377	0.0
tRNA-Ala-AGC-11-1	24	40	24.083333333333336	0.0
tRNA-Ala-TGC-7-1	55	234	23.714618714618716	0.0
tRNA-Thr-AGT-5-1	57	199	23.672222222222224	0.0
tRNA-Arg-TCG-1-1	34	44	23.483333333333334	0.0
tRNA-Ser-ACT-1-1	38	56	23.22272727272727	0.0
tRNA-Thr-AGT-2-2	48	193	23.17222222222222	0.0
tRNA-Thr-AGT-2-1	48	193	23.17222222222222	0.0
tRNA-Ile-AAT-7-2	79	285	23.080952380952386	0.0
tRNA-Ile-AAT-7-1	79	285	23.080952380952386	0.0
tRNA-Glu-TTC-6-1	39	111	22.844047619047615	0.0
tRNA-Ile-AAT-4-1	90	278	22.21706349206349	0.0
tRNA-Ser-TGA-1-1	20	28	22.025	0.0
tRNA-Cys-GCA-9-4	113	258	21.170162035958192	0.0
tRNA-Cys-GCA-9-2	113	258	21.170162035958192	0.0
tRNA-Cys-GCA-9-3	113	258	21.170162035958192	0.0
tRNA-Cys-GCA-9-1	113	258	21.170162035958192	0.0
tRNA-Leu-AAG-4-1	40	81	20.968253968253965	0.0
tRNA-Und-NNN-3-1	36	118	20.534523809523805	0.0
tRNA-Thr-AGT-6-1	41	186	20.422222222222224	0.0
tRNA-Phe-GAA-1-6	101	158	20.239285714285725	0.0
tRNA-Phe-GAA-1-1	101	158	20.239285714285725	0.0
tRNA-Phe-GAA-1-2	101	158	20.239285714285725	0.0
tRNA-Phe-GAA-1-3	101	158	20.239285714285725	0.0
tRNA-Phe-GAA-1-4	101	158	20.239285714285725	0.0
tRNA-Phe-GAA-1-5	101	158	20.239285714285725	0.0
tRNA-Val-AAC-6-1	43	214	20.170967920967918	0.0
tRNA-Trp-CCA-4-1	25	73	20.035714285714285	0.0
tRNA-Cys-GCA-10-1	111	244	20.003495369291528	0.0
tRNA-Cys-GCA-8-1	114	258	19.803922719718862	0.0
tRNA-Lys-CTT-10-1	65	118	19.296786546786542	0.0
tRNA-Leu-TAA-4-1	27	72	18.775	0.0
tRNA-Phe-GAA-2-1	76	123	17.739285714285728	0.0
tRNA-Cys-GCA-13-1	99	205	17.307030722826866	0.0
tRNA-Cys-GCA-17-1	83	201	17.277966323174226	0.0
tRNA-Cys-GCA-7-1	48	145	17.272562494976285	0.0
tRNA-Thr-AGT-4-1	36	163	16.92222222222222	0.0
tRNA-Ala-TGC-8-1	39	208	16.809856809856807	0.0
tRNA-Trp-CCA-1-1	22	63	16.485714285714284	0.0
tRNA-Cys-GCA-15-1	92	208	15.890364056160193	0.0
tRNA-Cys-GCA-19-1	92	208	15.890364056160193	0.0
tRNA-Tyr-GTA-7-1	32	120	15.862179487179487	0.0
tRNA-Cys-GCA-14-1	92	206	15.814606480402617	0.0
tRNA-Trp-CCA-3-2	24	74	15.435714285714285	0.0
tRNA-Trp-CCA-3-1	24	74	15.435714285714285	0.0
tRNA-Trp-CCA-3-3	24	74	15.435714285714285	0.0
tRNA-Phe-GAA-3-1	56	78	15.347222222222214	0.0
tRNA-Tyr-GTA-chr10-3	35	76	15.090909090909086	0.0
tRNA-Tyr-GTA-chr9-10	35	76	15.090909090909086	0.0
tRNA-Ile-AAT-1-1	70	148	14.883766233766233	0.0
tRNA-Val-TAC-4-1	33	69	14.442401960784313	0.0
tRNA-Ile-TAT-2-2	23	41	14.35	0.0
tRNA-Cys-GCA-22-1	71	151	12.739407659615564	0.0
tRNA-Cys-GCA-20-1	71	151	12.739407659615564	0.0
tRNA-Lys-CTT-8-1	46	102	12.366317016317014	0.0
tRNA-Ile-TAT-2-3	23	39	12.350000000000001	0.0
tRNA-Sup-TTA-1-1	27	49	12.071464646464644	0.0
tRNA-Ile-GAT-1-1	19	140	11.771428571428572	0.0
tRNA-Ile-GAT-1-3	19	140	11.771428571428572	0.0
tRNA-Ile-GAT-1-2	19	140	11.771428571428572	0.0
tRNA-Arg-TCG-2-1	31	41	11.217857142857142	0.0
tRNA-Ala-AGC-8-1	17	28	11.083333333333332	0.0
tRNA-Ala-AGC-8-2	17	28	11.083333333333332	0.0
tRNA-Thr-CGT-chr1-118	26	62	10.64285714285714	0.0
tRNA-Arg-TCG-5-1	33	43	10.21785714285714	0.0
tRNA-Arg-TCG-4-1	33	43	10.21785714285714	0.0
nmt-tRNA-Val-TAC-1-1	5	10	10.0	0.0
tRNA-Cys-GCA-chr11-21	63	141	9.922849218057124	0.0
tRNA-Glu-CTC-3-1	24	79	9.734343434343431	0.0
tRNA-Ser-CGA-4-1	10	13	9.175	0.0
tRNA-Glu-TTC-5-1	6	9	9.0	0.0
tRNA-Ala-AGC-15-1	9	20	8.75	0.0
tRNA-Thr-CGT-5-1	6	8	8.0	0.0
tRNA-Asn-GTT-4-1	44	52	7.924651180022019	0.0
tRNA-Gln-CTG-12-1	15	20	7.859890109890109	0.0
tRNA-Pro-AGG-3-1	33	163	7.801002506265662	0.0
tRNA-Lys-CTT-chr16-1	46	88	7.74207459207459	0.0
tRNA-Cys-GCA-18-1	35	86	7.691824687032595	0.0
tRNA-Phe-GAA-5-1	48	66	7.677777777777776	0.0
tRNA-Cys-GCA-21-1	30	62	7.5149867374005295	0.0
tRNA-Cys-GCA-23-1	30	62	7.5149867374005295	0.0
tRNA-Ser-GCT-6-1	44	54	7.484316560632351	0.0
tRNA-Ile-AAT-6-1	36	50	7.398737373737369	0.0
tRNA-Ser-CGA-3-1	6	8	7.333333333333333	0.0
tRNA-Lys-CTT-14-1	35	75	7.249397824397822	0.0
tRNA-Asn-GTT-9-2	29	86	7.213889719260562	0.0
tRNA-Asn-GTT-9-1	29	86	7.213889719260562	0.0
tRNA-Asp-ATC-chr6-103	17	45	7.142857142857142	0.0
tRNA-Lys-CTT-12-1	41	82	6.976923076923076	0.0
tRNA-Lys-CTT-9-1	11	23	6.793589743589743	0.0
tRNA-Asn-GTT-8-1	8	14	6.753623188405797	0.0
tRNA-Cys-GCA-11-1	29	70	6.275830468832496	0.0
tRNA-Met-CAT-7-1	6	7	6.125	0.0
tRNA-Cys-GCA-25-1	22	52	5.744871794871794	0.0
tRNA-Asp-GTC-4-1	21	47	5.442307692307693	0.0
tRNA-Cys-GCA-3-1	26	51	5.364535464535464	0.0
tRNA-Phe-GAA-6-1	35	50	5.2305555555555525	0.0
tRNA-Arg-TCT-4-1	4	6	5.2	0.0
tRNA-Phe-GAA-10-1	4	9	5.142857142857142	0.0
tRNA-Phe-GAA-4-1	19	33	5.083333333333333	0.0
tRNA-Glu-TTC-7-1	15	47	4.945454545454544	0.0
tRNA-Asn-GTT-10-1	7	12	4.753623188405797	0.0
tRNA-Gly-GCC-6-1	9	14	4.716666666666666	0.0
tRNA-Asn-GTT-5-1	41	49	4.5916674970383395	0.0
tRNA-Und-NNN-4-1	18	33	4.544444444444443	0.0
nmt-tRNA-Gln-TTG-9-1	5	8	4.5	0.0
tRNA-Gln-CTG-8-2	8	9	4.5	0.0
tRNA-Gln-CTG-8-1	8	9	4.5	0.0
tRNA-Leu-CAG-chr9-3	9	10	3.9416666666666664	0.0
tRNA-Cys-GCA-24-1	21	51	3.878205128205128	0.0
tRNA-Lys-TTT-13-1	7	13	3.8636363636363633	0.0
nmt-tRNA-Gln-TTG-7-1	4	7	3.5	0.0
tRNA-Asn-GTT-7-1	15	17	3.3180337636219988	0.0
tRNA-Leu-AAG-6-1	5	5	3.190909090909091	0.0
tRNA-Cys-GCA-12-1	10	20	2.9786933739012844	0.0
tRNA-Cys-GCA-16-1	13	27	2.9736263736263733	0.0
tRNA-Gln-CTG-9-1	6	17	2.9575757575757575	0.0
tRNA-Val-CAC-10-1	5	5	2.646464646464646	0.0
tRNA-Ser-CGA-1-1	11	11	2.4810606060606064	0.0
tRNA-Lys-TTT-10-1	6	26	2.4444444444444446	0.0
tRNA-Arg-TCG-6-1	10	15	2.333333333333333	0.0
tRNA-Glu-TTC-11-1	3	3	2.125	0.0
tRNA-Val-CAC-9-1	2	2	2.0	0.0
tRNA-Ser-CGA-2-1	5	5	1.9583333333333333	0.0
tRNA-Trp-CCA-5-1	7	10	1.8857142857142857	0.0
tRNA-Ala-AGC-20-1	1	3	1.5	0.0
tRNA-SeC-TCA-2-1	3	3	1.5	0.0
tRNA-Ser-AGA-5-1	3	15	1.2575757575757573	0.0
tRNA-Phe-GAA-8-1	3	3	1.2111111111111112	0.0
tRNA-Tyr-GTA-9-1	3	3	1.1538461538461537	0.0
tRNA-Leu-AAG-5-1	3	9	1.125	0.0
tRNA-Lys-TTT-chr3-2	2	2	1.0909090909090908	0.0
tRNA-Leu-CAA-6-1	2	2	1.0625	0.0
tRNA-Ile-AAT-9-1	10	11	1.0232323232323233	0.0
tRNA-Asn-GTT-15-1	9	12	1.008221353809589	0.0
nmt-tRNA-Leu-TAA-1-1	1	1	1.0	0.0
tRNA-Ala-CGC-5-1	1	1	1.0	0.0
tRNA-Und-NNN-2-1	1	1	1.0	0.0
tRNA-Asn-GTT-17-1	1	1	1.0	0.0
tRNA-Ala-AGC-19-1	1	1	1.0	0.0
tRNA-Leu-CAA-5-1	1	2	1.0	0.0
tRNA-Gln-TTG-6-1	1	1	1.0	0.0
tRNA-Gln-TTG-chr8-10	1	1	1.0	0.0
tRNA-Ala-AGC-22-1	5	5	0.9999999999999999	0.0
tRNA-Asn-GTT-16-1	12	15	0.8341787439613526	0.0
tRNA-Asn-GTT-16-2	12	15	0.8341787439613526	0.0
tRNA-Asn-GTT-16-3	12	15	0.8341787439613526	0.0
tRNA-Asn-GTT-16-4	12	15	0.8341787439613526	0.0
tRNA-Asn-GTT-16-5	12	15	0.8341787439613526	0.0
tRNA-Asn-GTT-12-1	4	4	0.7536231884057971	0.0
tRNA-Ala-AGC-9-1	4	4	0.6666666666666666	0.0
tRNA-Ala-AGC-9-2	4	4	0.6666666666666666	0.0
tRNA-Ile-AAT-10-1	6	7	0.6287878787878789	0.0
tRNA-Glu-CTC-5-1	1	1	0.5	0.0
tRNA-Cys-GCA-chr8-6	1	1	0.5	0.0
tRNA-Val-TAC-chr17-24	1	1	0.5	0.0
tRNA-Tyr-GTA-chr9-4	1	1	0.5	0.0
tRNA-Asn-GTT-13-1	7	7	0.48693708252531775	0.0
tRNA-Asn-GTT-18-1	7	7	0.48693708252531775	0.0
tRNA-Thr-AGT-7-1	1	1	0.3333333333333333	0.0
tRNA-Ala-AGC-13-2	1	1	0.3333333333333333	0.0
tRNA-Ala-AGC-13-1	1	1	0.3333333333333333	0.0
tRNA-Tyr-GTA-11-1	3	3	0.3222222222222222	0.0
tRNA-Tyr-GTA-chr7-6	2	2	0.2909090909090909	0.0
tRNA-Tyr-GTA-chr7-1	2	2	0.2909090909090909	0.0
nmt-tRNA-Tyr-GTA-chr2-10	2	2	0.2909090909090909	0.0
tRNA-Tyr-GTA-chr2-12	2	2	0.2909090909090909	0.0
nmt-tRNA-Tyr-GTA-chr4-1	2	2	0.2909090909090909	0.0
tRNA-Asn-ATT-1-2	4	5	0.23695652173913043	0.0
tRNA-Asn-ATT-1-1	4	5	0.23695652173913043	0.0
tRNA-Asn-GTT-11-2	2	2	0.15384615384615385	0.0
tRNA-Asn-GTT-11-1	2	2	0.15384615384615385	0.0
tRNA-Asn-GTT-14-1	2	2	0.15384615384615385	0.0
tRNA-Ile-GAT-chrX-5	1	2	0.14285714285714285	0.0
tRNA-Ile-GAT-chrX-7	1	2	0.14285714285714285	0.0
tRNA-Asn-GTT-21-1	2	2	0.13025210084033612	0.0
tRNA-SeC-TCA-3-1	1	1	0.125	0.0
tRNA-Lys-CTT-13-1	1	1	0.1111111111111111	0.0
nmt-tRNA-Tyr-GTA-chr17-33	1	1	0.09090909090909091	0.0
tRNA-Leu-CAG-chr9-7	1	1	0.0625	0.0
