ReferenceID	uniqueReadCount	totalReadCount	multimapAdjustedReadCount	multimapAdjustedBarcodeCount
tRNA-Glu-CTC-1-7	2579	202443	25263.18829503826	0.0
tRNA-Glu-CTC-1-6	2579	202443	25263.18829503826	0.0
tRNA-Glu-CTC-1-5	2579	202443	25263.18829503826	0.0
tRNA-Glu-CTC-1-4	2579	202443	25263.18829503826	0.0
tRNA-Glu-CTC-1-3	2579	202443	25263.18829503826	0.0
tRNA-Glu-CTC-1-2	2579	202443	25263.18829503826	0.0
tRNA-Glu-CTC-1-1	2579	202443	25263.18829503826	0.0
tRNA-Glu-CTC-2-1	2475	202082	25223.261888111847	0.0
tRNA-Gly-GCC-1-5	1292	53906	10024.058947745854	0.0
tRNA-Gly-GCC-1-3	1292	53906	10024.058947745854	0.0
tRNA-Gly-GCC-1-4	1292	53906	10024.058947745854	0.0
tRNA-Gly-GCC-1-1	1292	53906	10024.058947745854	0.0
tRNA-Gly-GCC-1-2	1292	53906	10024.058947745854	0.0
tRNA-Gly-CCC-1-2	1167	45448	4623.785371322277	0.0
tRNA-Gly-CCC-1-1	1167	45448	4623.785371322277	0.0
tRNA-Gly-GCC-2-1	1272	46093	4405.0867227485915	0.0
tRNA-Gly-GCC-2-5	1272	46093	4405.0867227485915	0.0
tRNA-Gly-GCC-2-4	1272	46093	4405.0867227485915	0.0
tRNA-Gly-GCC-2-3	1272	46093	4405.0867227485915	0.0
tRNA-Gly-GCC-2-2	1272	46093	4405.0867227485915	0.0
tRNA-Gly-GCC-2-6	1272	46093	4405.0867227485915	0.0
tRNA-Gly-GCC-3-1	1264	46083	4404.040102701972	0.0
tRNA-Gly-GCC-5-1	1127	45621	4343.175816987689	0.0
tRNA-His-GTG-1-4	1322	36126	3992.2222222222636	0.0
tRNA-His-GTG-1-5	1322	36126	3992.2222222222636	0.0
tRNA-His-GTG-1-2	1322	36126	3992.2222222222636	0.0
tRNA-His-GTG-1-3	1322	36126	3992.2222222222636	0.0
tRNA-His-GTG-1-1	1322	36126	3992.2222222222636	0.0
tRNA-His-GTG-1-9	1322	36126	3992.2222222222636	0.0
tRNA-His-GTG-1-8	1322	36126	3992.2222222222636	0.0
tRNA-His-GTG-1-7	1322	36126	3992.2222222222636	0.0
tRNA-His-GTG-1-6	1322	36126	3992.2222222222636	0.0
tRNA-Val-CAC-2-1	183	1665	1583.631862745098	0.0
tRNA-Glu-TTC-4-1	588	6848	1491.8926240426254	0.0
tRNA-Glu-TTC-4-2	588	6848	1491.8926240426254	0.0
tRNA-Glu-TTC-3-1	499	6511	1458.2805028305045	0.0
tRNA-Glu-TTC-2-2	461	3185	1454.0	0.0
tRNA-Glu-TTC-2-1	461	3185	1454.0	0.0
tRNA-Glu-TTC-8-1	481	6488	1448.9774725274744	0.0
tRNA-His-GTG-2-1	178	2859	1094.9999999999995	0.0
tRNA-Val-AAC-2-1	98	1059	1007.3784430438842	0.0
tRNA-Val-CAC-1-5	370	9735	630.8839648139976	0.0
tRNA-Val-CAC-1-4	370	9735	630.8839648139976	0.0
tRNA-Val-CAC-1-6	370	9735	630.8839648139976	0.0
tRNA-Val-CAC-1-1	370	9735	630.8839648139976	0.0
tRNA-Val-CAC-1-3	370	9735	630.8839648139976	0.0
tRNA-Val-CAC-1-2	370	9735	630.8839648139976	0.0
tRNA-Val-CAC-4-1	368	9730	630.51491719495	0.0
tRNA-Val-CAC-5-1	359	9715	628.9243709764627	0.0
tRNA-Val-AAC-1-1	359	9710	627.8514251314581	0.0
tRNA-Val-AAC-1-2	359	9710	627.8514251314581	0.0
tRNA-Val-AAC-1-3	359	9710	627.8514251314581	0.0
tRNA-Val-AAC-1-4	359	9710	627.8514251314581	0.0
tRNA-Val-AAC-1-5	359	9710	627.8514251314581	0.0
tRNA-Val-AAC-4-1	355	9704	627.4739741510659	0.0
tRNA-Val-AAC-3-1	354	9700	627.1882598653516	0.0
tRNA-Lys-CTT-2-1	353	3588	606.0133658008659	0.0
tRNA-Lys-CTT-2-3	353	3588	606.0133658008659	0.0
tRNA-Lys-CTT-2-2	353	3588	606.0133658008659	0.0
tRNA-Lys-CTT-2-5	353	3588	606.0133658008659	0.0
tRNA-Lys-CTT-2-4	353	3588	606.0133658008659	0.0
tRNA-Glu-TTC-1-2	223	1220	471.5	0.0
tRNA-Glu-TTC-1-1	223	1220	471.5	0.0
tRNA-Lys-CTT-3-1	204	2703	451.21415945165967	0.0
tRNA-Lys-CTT-4-1	187	1058	375.03816738816704	0.0
tRNA-Lys-CTT-1-1	212	1127	363.3992784992781	0.0
tRNA-Lys-CTT-1-2	212	1127	363.3992784992781	0.0
tRNA-Val-CAC-8-1	334	4768	360.14717479653166	0.0
tRNA-Gly-CCC-6-1	306	4495	264.8489388821193	0.0
tRNA-Glu-TTC-9-1	310	4594	263.2116408859978	0.0
tRNA-Glu-TTC-10-1	155	1229	238.99499389499366	0.0
tRNA-Pro-TGG-2-1	79	238	159.60676691729327	0.0
tRNA-Val-AAC-5-1	99	2455	151.22779067767462	0.0
tRNA-Val-CAC-7-1	46	2202	145.60498366013076	0.0
tRNA-Lys-TTT-3-4	174	631	98.10362554112568	0.0
tRNA-Lys-TTT-3-5	174	631	98.10362554112568	0.0
tRNA-Lys-TTT-3-2	174	631	98.10362554112568	0.0
tRNA-Lys-TTT-3-3	174	631	98.10362554112568	0.0
tRNA-Lys-TTT-3-1	174	631	98.10362554112568	0.0
tRNA-Gly-CCC-chr1-16	122	1894	95.92291549030675	0.0
tRNA-Gly-CCC-chr1-19	122	1894	95.92291549030675	0.0
tRNA-Lys-TTT-5-1	137	580	89.47927489177499	0.0
tRNA-Cys-GCA-6-1	97	388	80.03526283657867	0.0
tRNA-Ala-CGC-3-1	47	310	72.671679197995	0.0
tRNA-Val-CAC-3-1	42	170	72.31813725490197	0.0
tRNA-Val-TAC-1-1	60	153	56.87280701754387	0.0
tRNA-Val-TAC-1-2	60	153	56.87280701754387	0.0
tRNA-Leu-CAA-4-1	29	61	54.31428571428572	0.0
tRNA-Asp-GTC-1-1	35	55	52.24358974358975	0.0
tRNA-Lys-CTT-7-1	97	356	48.80698051948052	0.0
tRNA-Pro-TGG-1-1	35	86	48.765538847117796	0.0
tRNA-Glu-CTC-3-1	36	401	48.72323232323233	0.0
tRNA-Lys-CTT-11-1	88	346	45.539123376623365	0.0
tRNA-Gly-CCC-7-1	34	159	44.30202020202022	0.0
tRNA-Ala-TGC-6-1	66	302	43.91710044341625	0.0
tRNA-Asp-GTC-2-4	160	513	43.475524475524495	0.0
tRNA-Asp-GTC-2-3	160	513	43.475524475524495	0.0
tRNA-Asp-GTC-2-2	160	513	43.475524475524495	0.0
tRNA-Asp-GTC-2-1	160	513	43.475524475524495	0.0
tRNA-Asp-GTC-2-9	160	513	43.475524475524495	0.0
tRNA-Asp-GTC-2-8	160	513	43.475524475524495	0.0
tRNA-Asp-GTC-2-7	160	513	43.475524475524495	0.0
tRNA-Asp-GTC-2-6	160	513	43.475524475524495	0.0
tRNA-Asp-GTC-2-5	160	513	43.475524475524495	0.0
tRNA-Asp-GTC-2-10	160	513	43.475524475524495	0.0
tRNA-Asp-GTC-2-11	160	513	43.475524475524495	0.0
tRNA-Val-TAC-2-1	40	92	41.916666666666664	0.0
tRNA-Lys-CTT-6-1	80	159	40.669480519480516	0.0
tRNA-Gly-CCC-2-2	39	75	37.5	0.0
tRNA-Gly-CCC-2-1	39	75	37.5	0.0
tRNA-Ala-AGC-6-1	18	38	37.07142857142857	0.0
tRNA-Ala-CGC-2-1	44	280	34.98834586466168	0.0
tRNA-Ala-TGC-3-2	44	280	34.98834586466168	0.0
tRNA-Ala-TGC-3-1	44	280	34.98834586466168	0.0
tRNA-Ala-AGC-4-1	36	272	34.671679197995	0.0
tRNA-Ala-CGC-1-1	41	277	34.07167919799501	0.0
tRNA-Ala-TGC-2-1	41	277	34.07167919799501	0.0
tRNA-Ala-TGC-4-1	37	272	33.921679197995	0.0
tRNA-Gly-CCC-4-1	56	278	32.31131042870173	0.0
tRNA-Gly-CCC-3-1	33	70	31.063966982674074	0.0
tRNA-Und-NNN-4-1	41	237	30.75757575757575	0.0
tRNA-Pro-TGG-3-5	124	465	30.114369256474554	0.0
tRNA-Pro-TGG-3-3	124	465	30.114369256474554	0.0
tRNA-Pro-TGG-3-4	124	465	30.114369256474554	0.0
tRNA-Pro-TGG-3-1	124	465	30.114369256474554	0.0
tRNA-Pro-TGG-3-2	124	465	30.114369256474554	0.0
tRNA-Ala-AGC-5-1	69	318	29.59238714501872	0.0
tRNA-Asp-GTC-3-1	119	355	29.557692307692257	0.0
tRNA-Lys-TTT-4-1	75	184	29.413546176046168	0.0
tRNA-Gln-CTG-5-1	79	179	29.183150183150172	0.0
tRNA-Ala-AGC-2-1	69	317	28.09238714501872	0.0
tRNA-Ala-AGC-2-2	69	317	28.09238714501872	0.0
tRNA-Ala-CGC-4-1	68	316	27.59238714501872	0.0
tRNA-Ala-AGC-7-1	68	316	27.59238714501872	0.0
tRNA-Ala-AGC-3-1	68	316	27.59238714501872	0.0
tRNA-Gln-CTG-2-1	82	194	27.522311022311012	0.0
tRNA-Pro-CGG-2-1	119	438	27.39770258980789	0.0
tRNA-Pro-CGG-1-1	121	443	26.731035923141224	0.0
tRNA-Pro-CGG-1-2	121	443	26.731035923141224	0.0
tRNA-Pro-CGG-1-3	121	443	26.731035923141224	0.0
tRNA-Gln-CTG-1-4	94	214	26.68897768897768	0.0
tRNA-Gln-CTG-1-3	94	214	26.68897768897768	0.0
tRNA-Gln-CTG-1-5	94	214	26.68897768897768	0.0
tRNA-Gln-CTG-1-1	94	214	26.68897768897768	0.0
tRNA-Gln-CTG-1-2	94	214	26.68897768897768	0.0
tRNA-Gly-GCC-4-1	53	193	26.002378104351802	0.0
tRNA-Gly-CCC-5-1	60	375	25.967021384412682	0.0
tRNA-Glu-TTC-6-1	36	116	24.87619047619048	0.0
tRNA-Val-AAC-6-1	58	277	24.72730777993935	0.0
tRNA-Lys-TTT-6-1	64	172	24.36863275613275	0.0
tRNA-Cys-GCA-5-1	19	35	24.17420814479638	0.0
tRNA-Arg-CCG-2-1	19	27	23.985714285714284	0.0
tRNA-Ala-TGC-1-1	58	284	23.94953000216157	0.0
tRNA-Ala-TGC-5-1	58	284	23.94953000216157	0.0
tRNA-Ala-TGC-7-1	58	284	23.94953000216157	0.0
tRNA-Pro-AGG-2-4	116	433	23.917147034252327	0.0
tRNA-Pro-AGG-2-3	116	433	23.917147034252327	0.0
tRNA-Pro-AGG-2-6	116	433	23.917147034252327	0.0
tRNA-Pro-AGG-2-5	116	433	23.917147034252327	0.0
tRNA-Pro-AGG-2-8	116	433	23.917147034252327	0.0
tRNA-Pro-AGG-2-7	116	433	23.917147034252327	0.0
tRNA-Pro-AGG-2-1	116	433	23.917147034252327	0.0
tRNA-Pro-AGG-2-2	116	433	23.917147034252327	0.0
tRNA-Pro-AGG-1-1	115	432	23.792147034252327	0.0
tRNA-Cys-GCA-4-1	51	157	21.379273504273506	0.0
tRNA-Cys-GCA-2-3	51	157	21.379273504273506	0.0
tRNA-Cys-GCA-2-4	51	157	21.379273504273506	0.0
tRNA-Cys-GCA-2-1	51	157	21.379273504273506	0.0
tRNA-Cys-GCA-2-2	51	157	21.379273504273506	0.0
tRNA-Gly-TCC-1-1	12	24	21.375	0.0
tRNA-Gln-CTG-12-1	9	21	21.0	0.0
tRNA-Ala-TGC-8-1	54	273	20.727307779939352	0.0
tRNA-Arg-CCT-4-1	34	48	19.38571428571428	0.0
tRNA-Und-NNN-3-1	33	99	18.572161172161163	0.0
tRNA-Leu-CAA-1-1	21	38	16.814285714285717	0.0
tRNA-Val-TAC-3-1	13	33	16.70614035087719	0.0
tRNA-Ser-AGA-1-1	22	189	16.158692185007975	0.0
tRNA-Ser-TGA-2-1	22	189	16.158692185007975	0.0
tRNA-Leu-CAA-1-2	20	37	15.814285714285717	0.0
tRNA-Ser-AGA-2-6	21	188	15.658692185007977	0.0
tRNA-Ser-AGA-2-1	21	188	15.658692185007977	0.0
tRNA-Ser-AGA-2-3	21	188	15.658692185007977	0.0
tRNA-Ser-AGA-2-2	21	188	15.658692185007977	0.0
tRNA-Ser-AGA-2-5	21	188	15.658692185007977	0.0
tRNA-Ser-AGA-2-4	21	188	15.658692185007977	0.0
tRNA-Ser-AGA-3-1	21	188	15.658692185007977	0.0
tRNA-Ser-TGA-3-1	21	188	15.658692185007977	0.0
tRNA-Ser-AGA-4-1	20	187	15.606060606060609	0.0
tRNA-Ser-TGA-4-1	18	185	15.385964912280702	0.0
tRNA-Cys-GCA-1-1	39	81	14.97169774669775	0.0
tRNA-Cys-GCA-chr5-2	38	103	14.024603174603172	0.0
tRNA-Met-CAT-1-1	9	22	14.0	0.0
tRNA-iMet-CAT-1-8	24	133	13.447222222222221	0.0
tRNA-iMet-CAT-1-7	24	133	13.447222222222221	0.0
tRNA-iMet-CAT-1-6	24	133	13.447222222222221	0.0
tRNA-iMet-CAT-1-5	24	133	13.447222222222221	0.0
tRNA-iMet-CAT-1-4	24	133	13.447222222222221	0.0
tRNA-iMet-CAT-1-3	24	133	13.447222222222221	0.0
tRNA-iMet-CAT-1-2	24	133	13.447222222222221	0.0
tRNA-iMet-CAT-1-1	24	133	13.447222222222221	0.0
tRNA-iMet-CAT-2-1	23	132	13.322222222222221	0.0
tRNA-Cys-GCA-8-1	48	156	12.978766086854316	0.0
tRNA-Cys-GCA-15-1	48	156	12.978766086854316	0.0
tRNA-Cys-GCA-13-1	48	156	12.978766086854316	0.0
tRNA-Cys-GCA-9-4	48	156	12.978766086854316	0.0
tRNA-Cys-GCA-9-2	48	156	12.978766086854316	0.0
tRNA-Cys-GCA-9-3	48	156	12.978766086854316	0.0
tRNA-Cys-GCA-9-1	48	156	12.978766086854316	0.0
tRNA-Cys-GCA-10-1	48	156	12.978766086854316	0.0
tRNA-Cys-GCA-14-1	46	153	12.8633814714697	0.0
tRNA-Cys-GCA-19-1	46	153	12.8633814714697	0.0
tRNA-Val-CAC-6-1	23	59	12.658415032679738	0.0
tRNA-Ser-GCT-4-3	23	86	12.359774436090223	0.0
tRNA-Ser-GCT-4-2	23	86	12.359774436090223	0.0
tRNA-Ser-GCT-4-1	23	86	12.359774436090223	0.0
tRNA-Ser-GCT-3-1	23	86	12.359774436090223	0.0
tRNA-Ser-GCT-5-1	22	85	12.109774436090223	0.0
tRNA-Thr-CGT-6-1	14	121	12.099999999999998	0.0
tRNA-Val-TAC-4-1	18	90	11.927287581699346	0.0
tRNA-Ser-GCT-2-1	21	84	11.909774436090222	0.0
tRNA-Ser-GCT-1-1	21	84	11.909774436090222	0.0
tRNA-Arg-CCT-3-1	27	40	11.885714285714283	0.0
tRNA-Gln-TTG-1-1	40	94	11.56410256410256	0.0
tRNA-Gln-TTG-3-1	39	93	11.230769230769228	0.0
tRNA-Gln-TTG-3-2	39	93	11.230769230769228	0.0
tRNA-Gln-TTG-3-3	39	93	11.230769230769228	0.0
tRNA-Gln-TTG-2-1	35	88	11.164102564102564	0.0
tRNA-Lys-CTT-10-1	14	19	11.154004329004328	0.0
tRNA-Met-CAT-6-1	7	18	10.0	0.0
tRNA-SeC-TCA-1-1	6	10	9.0	0.0
tRNA-Lys-CTT-chr15-5	18	36	8.866666666666667	0.0
tRNA-Arg-CCT-1-1	25	34	8.719047619047618	0.0
tRNA-Arg-CCT-2-1	25	34	8.719047619047618	0.0
tRNA-Leu-TAG-1-1	20	57	8.711111111111109	0.0
tRNA-Leu-AAG-3-1	16	52	8.520634920634919	0.0
tRNA-Lys-CTT-5-1	20	25	7.69963924963925	0.0
tRNA-Ala-AGC-1-1	12	52	7.218253968253969	0.0
tRNA-Leu-AAG-1-3	18	55	7.2111111111111095	0.0
tRNA-Leu-AAG-1-1	18	55	7.2111111111111095	0.0
tRNA-Leu-AAG-1-2	18	55	7.2111111111111095	0.0
tRNA-Asn-GTT-6-1	12	17	7.11111111111111	0.0
tRNA-Asp-ATC-chr6-103	11	51	7.075396825396826	0.0
tRNA-Leu-AAG-2-1	18	53	6.520634920634919	0.0
tRNA-Leu-AAG-2-3	18	53	6.520634920634919	0.0
tRNA-Leu-AAG-2-2	18	53	6.520634920634919	0.0
tRNA-Leu-AAG-2-4	18	53	6.520634920634919	0.0
tRNA-Met-CAT-3-2	14	21	6.261904761904763	0.0
tRNA-Met-CAT-3-1	14	21	6.261904761904763	0.0
tRNA-Lys-TTT-2-1	26	33	6.170633021948811	0.0
tRNA-Lys-TTT-1-1	26	33	6.170633021948811	0.0
tRNA-Sup-CTA-chr5-1	3	6	6.0	0.0
tRNA-Leu-TAG-2-1	7	9	5.90952380952381	0.0
tRNA-Cys-ACA-1-1	21	49	5.476190476190475	0.0
tRNA-Arg-TCT-2-1	7	10	5.433333333333334	0.0
tRNA-Gly-TCC-3-1	7	8	5.375	0.0
tRNA-Gln-CTG-6-1	21	32	5.167732267732269	0.0
tRNA-Cys-GCA-chr11-21	27	72	5.154290562378798	0.0
tRNA-Arg-TCG-1-1	3	5	5.0	0.0
tRNA-Leu-TAG-3-1	4	6	5.0	0.0
tRNA-Cys-GCA-17-1	25	55	4.7509938590820955	0.0
tRNA-Arg-CCT-5-1	16	23	4.733333333333334	0.0
tRNA-Cys-GCA-3-1	9	43	4.661538461538461	0.0
tRNA-Cys-GCA-16-1	9	43	4.661538461538461	0.0
tRNA-Asp-GTC-5-1	16	56	4.66025641025641	0.0
tRNA-Tyr-GTA-3-1	19	22	4.508259284575074	0.0
tRNA-Tyr-GTA-2-1	21	22	4.508259284575074	0.0
tRNA-Lys-TTT-13-1	8	11	4.424242424242424	0.0
tRNA-Cys-GCA-22-1	27	57	4.3081367162249515	0.0
tRNA-Cys-GCA-20-1	27	57	4.3081367162249515	0.0
tRNA-Thr-TGT-1-1	5	6	4.2	0.0
tRNA-Tyr-GTA-6-1	16	27	4.097222222222223	0.0
tRNA-Tyr-GTA-5-3	18	27	4.097222222222222	0.0
tRNA-Tyr-GTA-5-2	18	27	4.097222222222222	0.0
tRNA-Tyr-GTA-1-1	19	21	4.008259284575074	0.0
tRNA-Tyr-GTA-8-1	19	21	4.008259284575074	0.0
tRNA-Thr-AGT-3-1	4	4	4.0	0.0
tRNA-Ala-AGC-8-1	7	9	3.833333333333333	0.0
tRNA-Ala-AGC-8-2	7	9	3.833333333333333	0.0
tRNA-Lys-TTT-7-1	8	10	3.5238095238095237	0.0
tRNA-Leu-CAG-1-7	14	30	3.5238095238095237	0.0
tRNA-Leu-CAG-1-6	14	30	3.5238095238095237	0.0
tRNA-Leu-CAG-1-5	14	30	3.5238095238095237	0.0
tRNA-Leu-CAG-1-4	14	30	3.5238095238095237	0.0
tRNA-Leu-CAG-1-3	14	30	3.5238095238095237	0.0
tRNA-Leu-CAG-1-2	14	30	3.5238095238095237	0.0
tRNA-Leu-CAG-1-1	14	30	3.5238095238095237	0.0
tRNA-Leu-TAA-1-1	3	5	3.5	0.0
tRNA-Leu-CAG-2-2	13	29	3.380952380952381	0.0
tRNA-Leu-CAG-2-1	13	29	3.380952380952381	0.0
tRNA-Arg-TCT-3-1	8	11	3.219047619047619	0.0
tRNA-Arg-TCT-3-2	8	11	3.219047619047619	0.0
tRNA-Ile-AAT-8-1	4	5	3.2111111111111112	0.0
tRNA-Gly-TCC-2-6	14	20	3.1845238095238093	0.0
tRNA-Gly-TCC-2-5	14	20	3.1845238095238093	0.0
tRNA-Gly-TCC-2-4	14	20	3.1845238095238093	0.0
tRNA-Gly-TCC-2-3	14	20	3.1845238095238093	0.0
tRNA-Gly-TCC-2-2	14	20	3.1845238095238093	0.0
tRNA-Gly-TCC-2-1	14	20	3.1845238095238093	0.0
tRNA-Lys-CTT-16-1	4	8	3.1666666666666665	0.0
tRNA-Tyr-GTA-5-5	17	26	3.097222222222222	0.0
tRNA-Tyr-GTA-5-4	17	26	3.097222222222222	0.0
tRNA-Tyr-GTA-5-1	17	26	3.097222222222222	0.0
tRNA-Thr-TGT-4-1	6	8	3.083333333333333	0.0
tRNA-Lys-TTT-15-1	3	3	3.0	0.0
tRNA-Arg-ACG-2-3	14	17	2.8571428571428563	0.0
tRNA-Arg-ACG-2-2	14	17	2.8571428571428563	0.0
tRNA-Arg-ACG-2-4	14	17	2.8571428571428563	0.0
tRNA-Arg-ACG-2-1	14	17	2.8571428571428563	0.0
tRNA-Arg-ACG-1-3	13	16	2.8571428571428563	0.0
tRNA-Arg-ACG-1-1	13	16	2.8571428571428563	0.0
tRNA-Arg-ACG-1-2	13	16	2.8571428571428563	0.0
tRNA-Tyr-GTA-4-1	14	23	2.5972222222222223	0.0
tRNA-Tyr-GTA-7-1	14	23	2.5972222222222223	0.0
tRNA-Cys-GCA-7-1	7	8	2.4514957264957267	0.0
tRNA-Lys-CTT-chr7-30	16	21	2.3996392496392493	0.0
tRNA-Gln-CTG-3-1	15	25	2.3510656010656006	0.0
tRNA-Gln-CTG-3-2	15	25	2.3510656010656006	0.0
tRNA-Val-CAC-10-1	3	6	2.2222222222222223	0.0
tRNA-Asn-GTT-2-1	17	19	2.069444444444445	0.0
tRNA-Asn-GTT-2-2	17	19	2.069444444444445	0.0
tRNA-Asn-GTT-2-3	17	19	2.069444444444445	0.0
tRNA-Asn-GTT-2-4	17	19	2.069444444444445	0.0
tRNA-Asn-GTT-2-5	17	19	2.069444444444445	0.0
tRNA-Asn-GTT-2-6	17	19	2.069444444444445	0.0
tRNA-Sup-TTA-1-1	5	6	2.055555555555556	0.0
tRNA-Gln-CTG-4-2	14	24	2.017732267732267	0.0
tRNA-Gln-CTG-4-1	14	24	2.017732267732267	0.0
tRNA-Glu-TTC-5-1	1	2	2.0	0.0
tRNA-Ser-TGA-1-1	1	2	2.0	0.0
tRNA-Lys-TTT-12-1	2	2	2.0	0.0
tRNA-Trp-CCA-2-1	1	2	2.0	0.0
tRNA-Trp-CCA-4-1	2	2	2.0	0.0
tRNA-Cys-GCA-18-1	9	16	1.9033748114630467	0.0
tRNA-Tyr-GTA-9-1	9	17	1.8888888888888886	0.0
tRNA-Ile-TAT-2-3	5	5	1.8499999999999999	0.0
tRNA-Thr-TGT-6-1	3	4	1.8333333333333333	0.0
tRNA-Asn-GTT-3-1	15	17	1.802777777777778	0.0
tRNA-Asn-GTT-3-2	15	17	1.802777777777778	0.0
tRNA-Met-CAT-4-3	8	12	1.7619047619047616	0.0
tRNA-Met-CAT-4-1	8	12	1.7619047619047616	0.0
tRNA-Met-CAT-4-2	8	12	1.7619047619047616	0.0
tRNA-Met-CAT-2-1	8	12	1.7619047619047616	0.0
tRNA-Thr-TGT-2-1	3	4	1.75	0.0
tRNA-Gln-CTG-chr19-4	9	19	1.6465201465201462	0.0
tRNA-Thr-TGT-5-1	4	5	1.5833333333333333	0.0
tRNA-Gln-TTG-4-1	4	5	1.564102564102564	0.0
tRNA-Glu-TTC-7-1	5	7	1.5454545454545454	0.0
tRNA-Thr-CGT-4-1	2	2	1.5	0.0
tRNA-Arg-TCG-3-1	6	6	1.5	0.0
tRNA-Arg-CCG-1-3	6	6	1.5	0.0
tRNA-Arg-CCG-1-2	6	6	1.5	0.0
tRNA-Arg-CCG-1-1	6	6	1.5	0.0
tRNA-Met-CAT-5-1	7	10	1.4285714285714284	0.0
tRNA-Leu-CAA-3-1	6	8	1.3142857142857143	0.0
tRNA-Leu-CAA-2-1	6	8	1.3142857142857143	0.0
tRNA-Gln-CTG-7-1	8	18	1.313186813186813	0.0
tRNA-Ser-ACT-1-1	4	4	1.2575757575757576	0.0
tRNA-Lys-TTT-8-1	9	13	1.2469696969696968	0.0
tRNA-Phe-GAA-10-1	3	6	1.2142857142857142	0.0
tRNA-Ile-TAT-1-1	5	5	1.1833333333333333	0.0
tRNA-Ile-TAT-2-1	5	5	1.1833333333333333	0.0
tRNA-Leu-AAG-4-1	3	3	1.1428571428571428	0.0
tRNA-Lys-CTT-8-1	2	2	1.1	0.0
tRNA-Arg-TCT-5-1	4	5	1.1	0.0
tRNA-Asn-GTT-7-1	2	2	1.1	0.0
tRNA-Lys-TTT-11-1	2	2	1.0833333333333333	0.0
tRNA-Gly-GCC-6-1	3	6	1.0	0.0
tRNA-Tyr-ATA-1-1	1	1	1.0	0.0
tRNA-Tyr-GTA-chr14-8	2	3	1.0	0.0
tRNA-Lys-CTT-9-1	1	1	1.0	0.0
tRNA-SeC-TCA-2-1	2	2	1.0	0.0
tRNA-Tyr-GTA-chr1-127	2	3	1.0	0.0
tRNA-Cys-GCA-chr12-14	1	1	1.0	0.0
tRNA-Val-TAC-chr2-6	1	1	1.0	0.0
tRNA-Ala-TGC-9-1	1	1	1.0	0.0
tRNA-Tyr-GTA-chr21-2	2	3	1.0	0.0
tRNA-Ile-AAT-11-1	1	1	1.0	0.0
tRNA-Asn-GTT-1-1	9	10	0.9999999999999999	0.0
tRNA-Phe-GAA-1-6	4	7	0.9666666666666666	0.0
tRNA-Phe-GAA-1-1	4	7	0.9666666666666666	0.0
tRNA-Phe-GAA-1-2	4	7	0.9666666666666666	0.0
tRNA-Phe-GAA-1-3	4	7	0.9666666666666666	0.0
tRNA-Phe-GAA-1-4	4	7	0.9666666666666666	0.0
tRNA-Phe-GAA-1-5	4	7	0.9666666666666666	0.0
tRNA-Ile-TAT-3-1	4	4	0.9333333333333333	0.0
tRNA-Ile-TAT-2-2	4	4	0.8500000000000001	0.0
tRNA-Thr-TGT-3-1	2	3	0.75	0.0
tRNA-Asn-GTT-5-1	5	6	0.6666666666666667	0.0
tRNA-Arg-TCG-5-1	1	2	0.6666666666666666	0.0
tRNA-Arg-TCG-2-1	1	2	0.6666666666666666	0.0
tRNA-Arg-TCG-4-1	1	2	0.6666666666666666	0.0
tRNA-Ile-AAT-4-1	3	3	0.6575757575757576	0.0
tRNA-Arg-TCT-1-1	3	3	0.6000000000000001	0.0
tRNA-Lys-CTT-14-1	2	2	0.5833333333333334	0.0
tRNA-Leu-TAA-2-1	2	2	0.5	0.0
tRNA-Leu-TAA-3-1	2	2	0.5	0.0
tRNA-Leu-TAA-4-1	2	2	0.5	0.0
tRNA-Lys-TTT-14-1	5	5	0.446969696969697	0.0
tRNA-Trp-CCA-5-1	2	2	0.4	0.0
tRNA-Trp-CCA-3-2	2	2	0.4	0.0
tRNA-Trp-CCA-3-1	2	2	0.4	0.0
tRNA-Trp-CCA-3-3	2	2	0.4	0.0
tRNA-Trp-CCA-1-1	2	2	0.4	0.0
tRNA-Glu-CTC-5-1	4	4	0.3909090909090909	0.0
tRNA-Ile-AAT-5-5	4	4	0.36868686868686873	0.0
tRNA-Ile-AAT-5-4	4	4	0.36868686868686873	0.0
tRNA-Ile-AAT-5-3	4	4	0.36868686868686873	0.0
tRNA-Ile-AAT-5-2	4	4	0.36868686868686873	0.0
tRNA-Ile-AAT-5-1	4	4	0.36868686868686873	0.0
tRNA-Ile-AAT-1-1	4	4	0.36868686868686873	0.0
tRNA-Pro-AGG-3-1	5	7	0.3357142857142857	0.0
tRNA-Ala-AGC-22-1	2	2	0.3333333333333333	0.0
tRNA-Ala-AGC-9-1	2	2	0.3333333333333333	0.0
tRNA-Ala-AGC-9-2	2	2	0.3333333333333333	0.0
tRNA-Ala-AGC-11-1	2	2	0.3333333333333333	0.0
tRNA-Asp-GTC-4-1	4	4	0.3076923076923077	0.0
tRNA-Lys-CTT-12-1	3	3	0.3055555555555555	0.0
tRNA-Lys-CTT-chr16-1	3	3	0.3055555555555555	0.0
tRNA-Phe-GAA-3-1	1	3	0.3	0.0
tRNA-Phe-GAA-2-1	1	3	0.3	0.0
tRNA-Phe-GAA-5-1	1	3	0.3	0.0
tRNA-Phe-GAA-6-1	1	3	0.3	0.0
tRNA-Ile-AAT-7-2	3	3	0.2777777777777778	0.0
tRNA-Ile-AAT-7-1	3	3	0.2777777777777778	0.0
tRNA-Thr-AGT-1-1	1	2	0.2	0.0
tRNA-Thr-AGT-1-3	1	2	0.2	0.0
tRNA-Thr-AGT-1-2	1	2	0.2	0.0
tRNA-Thr-CGT-3-1	1	2	0.2	0.0
tRNA-Thr-AGT-6-1	1	2	0.2	0.0
tRNA-Thr-AGT-2-2	1	2	0.2	0.0
tRNA-Thr-AGT-2-1	1	2	0.2	0.0
tRNA-Thr-AGT-5-1	1	2	0.2	0.0
tRNA-Thr-AGT-4-1	1	2	0.2	0.0
tRNA-Ile-AAT-6-1	2	2	0.1575757575757576	0.0
tRNA-Ile-AAT-2-1	2	2	0.1575757575757576	0.0
tRNA-Gly-TCC-4-1	1	1	0.14285714285714285	0.0
tRNA-Cys-GCA-12-1	2	2	0.1213235294117647	0.0
tRNA-Cys-GCA-21-1	2	3	0.11538461538461539	0.0
tRNA-Cys-GCA-23-1	2	3	0.11538461538461539	0.0
tRNA-Cys-GCA-24-1	2	3	0.11538461538461539	0.0
tRNA-Cys-GCA-11-1	2	3	0.11538461538461539	0.0
tRNA-Cys-GCA-25-1	2	3	0.11538461538461539	0.0
tRNA-Asn-GTT-4-1	1	1	0.1	0.0
tRNA-Ile-AAT-3-1	1	1	0.09090909090909091	0.0
tRNA-Ala-CGC-5-1	1	1	0.07142857142857142	0.0
tRNA-Ser-AGA-5-1	1	1	0.06666666666666667	0.0
tRNA-Ile-GAT-1-1	1	1	0.06666666666666667	0.0
tRNA-Ile-GAT-1-3	1	1	0.06666666666666667	0.0
tRNA-Ile-GAT-1-2	1	1	0.06666666666666667	0.0
tRNA-Ser-CGA-4-1	1	1	0.05263157894736842	0.0
