GeneSymbol	uniqueReadCount	totalReadCount	multimapAdjustedReadCount	multimapAdjustedBarcodeCount
AC010970.2	143	309	304.0	0.0
LUZP2	11	273	273.0	0.0
RBBP7	9	190	190.0	0.0
KSR2	6	113	113.0	0.0
TBC1D8B	182	331	105.96071428571419	0.0
RP11-259O2.3	154	303	101.61785714285706	0.0
SLC38A6	148	295	92.95119047619043	0.0
RYK	4	73	73.0	0.0
CTD-2328D6.1	56	71	71.0	0.0
SMC1A	15	54	54.0	0.0
HSPA8P20	18	54	53.0	0.0
MT-ND5	44	56	48.5	0.0
IL16	16	45	45.00000000000001	0.0
MT-ND4	41	51	41.5	0.0
GNPDA1	6	37	37.0	0.0
KDM3B	6	33	33.0	0.0
RP4-712E4.1	8	65	32.5	0.0
RP4-712E4.2	8	65	32.5	0.0
MROH2B	9	32	32.0	0.0
PPP2R2A	10	31	31.0	0.0
TOR3A	5	31	31.0	0.0
RP11-677M14.7	11	30	30.0	0.0
TTC39B	3	28	29.0	0.0
CDC37	4	28	28.0	0.0
ESYT1	11	27	27.0	0.0
KCNQ1OT1	47	65	26.196428571428566	0.0
CASP8AP2	3	26	26.0	0.0
LURAP1L	2	25	25.0	0.0
MT-RNR2	29	38	23.75	0.0
ARHGAP39	5	21	20.999999999999996	0.0
RP11-87E22.2	4	19	19.0	0.0
HIF1AN	8	19	19.0	0.0
LRRC28	5	18	18.0	0.0
ZNF792	5	18	18.0	0.0
RP11-346D14.1	24	30	16.62857142857143	0.0
MT-ND1	16	18	15.083333333333332	0.0
MIPOL1	21	30	14.503571428571428	0.0
SFMBT2	6	14	14.0	0.0
MT-ATP6	12	17	13.5	0.0
SAFB	6	14	13.3	0.0
DNAJC11	1	13	13.0	0.0
ZSWIM3	7	13	13.0	0.0
MYO1F	5	13	13.0	0.0
MT-CYB	9	13	12.5	0.0
KIAA1328	16	17	12.011904761904761	0.0
C1orf51	2	12	12.0	0.0
SHROOM3	3	12	12.0	0.0
MT-TP	9	11	11.0	0.0
ECD	2	11	11.0	0.0
MUC12	8	11	11.0	0.0
CEP85L	2	11	10.999999999999998	0.0
NEDD4	28	29	10.069047619047621	0.0
MAMDC2-AS1	4	10	10.0	0.0
CCND3	3	10	10.0	0.0
GPR162	3	10	10.0	0.0
RP11-284J1.1	1	10	10.0	0.0
RP11-169F17.1	4	10	9.833333333333332	0.0
C12orf76	5	10	9.398809523809524	0.0
DIAPH2	6	9	9.0	0.0
ZNF859P	3	9	9.0	0.0
OR11A1	6	18	9.0	0.0
YTHDF1P1	5	9	9.0	0.0
OR5V1	6	18	9.0	0.0
MTND4P12	15	18	8.5	0.0
DEAF1	4	9	8.5	0.0
MT-CO2	8	10	8.333333333333334	0.0
HYLS1	2	8	8.0	0.0
ZNF267	4	8	8.0	0.0
TMEM68	2	8	8.0	0.0
MINK1	3	8	8.0	0.0
MT-CO1	9	15	7.5	0.0
MTMR2	5	8	7.5	0.0
AC072062.1	5	8	7.25	0.0
RP11-142G1.3	21	30	7.167857142857144	0.0
DENND1C	5	7	7.000000000000001	0.0
TPH1	4	7	7.0	0.0
ZNF296	1	7	7.0	0.0
SH3BGRL	5	7	7.0	0.0
RP1-140C12.2	3	7	7.0	0.0
HP	2	7	7.0	0.0
EHMT1	3	7	7.0	0.0
FGF8	2	7	7.0	0.0
TTI2	4	7	7.0	0.0
FAM163A	6	7	7.0	0.0
RPAP2	15	19	6.65	0.0
MAPK13	4	9	6.428571428571429	0.0
NBPF1	3	6	6.052631578947368	0.0
ABCC4	4	6	6.000000000000001	0.0
CTD-2247C11.4	2	6	6.0	0.0
RP5-998N21.7	6	6	6.0	0.0
ZNF620	2	6	6.0	0.0
RP11-727A23.10	4	6	6.0	0.0
ZBTB43	4	6	6.0	0.0
MT-CO3	8	8	6.0	0.0
TMEM131	4	6	6.0	0.0
RP11-617J18.1	3	6	6.0	0.0
MTND5P11	10	13	6.0	0.0
ADCY8	3	6	6.0	0.0
KBTBD13	3	6	6.0	0.0
SLC34A2	2	6	6.0	0.0
TCEB3	4	6	6.0	0.0
LIMS2	4	6	6.0	0.0
DNHD1	3	6	5.999999999999999	0.0
RP11-703G6.1	10	14	5.934523809523809	0.0
HHLA1	10	10	5.5476190476190474	0.0
OR1N1	6	6	5.5	0.0
REXO1L1	5	7	5.25	0.0
LINC00504	6	8	5.2250000000000005	0.0
PTPRQ	13	18	5.1000000000000005	0.0
PPP1R13B	1	5	5.0	0.0
PSMD8	4	5	5.0	0.0
LINC00174	3	5	5.0	0.0
RP11-72I8.1	4	5	5.0	0.0
RP11-155L15.1	5	5	5.0	0.0
AP000462.1	3	5	5.0	0.0
MT-TA	5	5	5.0	0.0
MT-TQ	4	5	5.0	0.0
TCEANC2	3	5	5.0	0.0
MT-ND6	5	5	5.0	0.0
MS4A15	1	5	5.0	0.0
CMTM7	3	5	5.0	0.0
RP11-501E14.1	4	5	5.0	0.0
FAM175B	4	10	5.0	0.0
NYNRIN	4	5	5.0	0.0
AMIGO1	2	5	5.0	0.0
GLI3	2	5	5.0	0.0
XXyac-YX65C7_A.3	2	5	5.0	0.0
RP11-1060J15.4	4	5	5.0	0.0
RP13-254B10.1	3	5	5.0	0.0
OIP5-AS1	2	4	5.0	0.0
MUC3A	3	5	5.0	0.0
TTC30B	1	5	5.0	0.0
U3.35	3	5	5.0	0.0
SLC12A7	3	5	5.0	0.0
DCDC2B	1	5	5.0	0.0
GLRA3	2	5	5.0	0.0
MT-TS1	3	5	5.0	0.0
RP11-374P20.4	2	5	5.0	0.0
ZFP41	3	5	5.0	0.0
CCR8	2	5	5.0	0.0
LRRC48	2	6	5.0	0.0
NXPE1	1	5	5.0	0.0
RP11-545I5.3	26	26	4.842857142857144	0.0
MORC4	26	26	4.842857142857144	0.0
DAP3	2	5	4.750000000000001	0.0
TTN	5	5	4.749999999999999	0.0
LINC00649	5	7	4.681818181818182	0.0
hsa-mir-6723.1	5	11	4.5	0.0
RP5-998N21.4	6	13	4.333333333333333	0.0
RP11-196G18.3	6	13	4.333333333333333	0.0
RP11-439A17.9	6	13	4.333333333333333	0.0
FARP2	4	4	4.25	0.0
CCDC125	6	6	4.2	0.0
AP000354.4	3	6	4.074074074074074	0.0
ZNF700	3	4	4.0	0.0
WBSCR16	4	4	4.0	0.0
KCNQ4	2	4	4.0	0.0
RP11-723O4.3	3	4	4.0	0.0
KIAA1875	1	3	4.0	0.0
RPH3AL	2	4	4.0	0.0
BAI2	2	4	4.0	0.0
CHEK1	2	4	4.0	0.0
LYPD3	3	4	4.0	0.0
KMT2C	3	4	4.0	0.0
RNF6P1	4	4	4.0	0.0
ALOX5	1	4	4.0	0.0
PILRA	1	3	4.0	0.0
CTD-2540B15.6	1	4	4.0	0.0
FLCN	3	4	4.0	0.0
AC018890.4	3	4	4.0	0.0
AP4S1	2	3	4.0	0.0
RPGRIP1	1	4	4.0	0.0
ERVW-1	2	4	4.0	0.0
ICK	2	4	4.0	0.0
AP002387.1	2	4	4.0	0.0
NBEAL1	4	4	4.0	0.0
TNFRSF19	2	4	4.0	0.0
LPL	1	4	4.0	0.0
IFT57	3	4	4.0	0.0
B3GALT5	3	4	4.0	0.0
DYNC1LI2	3	4	4.0	0.0
ANGPTL2	3	4	4.0	0.0
RP11-89M16.1	2	4	4.0	0.0
ZNF493	1	4	4.0	0.0
MT-RNR1	3	4	4.0	0.0
ARAP1	2	4	4.0	0.0
SEL1L3	1	4	4.0	0.0
ZNF829	2	2	4.0	0.0
MYO5A	2	4	4.0	0.0
C4orf36	5	5	4.0	0.0
WWOX	3	4	4.0	0.0
CTD-2583A14.8	2	4	4.0	0.0
RP1-168L15.5	3	4	4.0	0.0
MT-ND4L	3	4	4.0	0.0
ABHD2	3	4	4.0	0.0
RP1-96H9.5	1	4	4.0	0.0
HSD17B12	1	3	4.0	0.0
TP53BP1	3	4	3.9999999999999996	0.0
NCALD	2	4	3.999999999999999	0.0
PRUNE2	1	4	3.999999999999999	0.0
UGDH-AS1	8	9	3.9166666666666665	0.0
UBR5	3	4	3.8333333333333335	0.0
MTRNR2L8	10	13	3.833333333333333	0.0
AC007743.1	22	22	3.809523809523809	0.0
NUP43	4	4	3.6666666666666665	0.0
AL590867.1	21	21	3.6428571428571423	0.0
ATP9B	4	5	3.6000000000000005	0.0
MT-ND3	4	4	3.5	0.0
MTATP6P1	4	7	3.5	0.0
ESRG	4	4	3.5	0.0
C4orf29	2	5	3.5	0.0
EML6	3	4	3.333333333333333	0.0
POM121L10P	4	4	3.333333333333333	0.0
CTB-151G24.1	4	6	3.25	0.0
GGTLC1	3	5	3.222222222222222	0.0
LINC00969	3	3	3.1666666666666665	0.0
MAB21L3	6	6	3.1666666666666665	0.0
NDUFA7	1	3	3.142857142857143	0.0
WDPCP	3	3	3.125	0.0
PSMD9	3	4	3.1	0.0
C18orf8	2	7	3.08695652173913	0.0
MTRNR2L1	6	8	3.083333333333333	0.0
MAGEA4	1	3	3.0000000000000004	0.0
GABARAPL1	2	3	3.0000000000000004	0.0
SLC19A1	3	3	3.0000000000000004	0.0
SLC11A1	3	3	3.0000000000000004	0.0
SLFN12	3	3	3.0000000000000004	0.0
RP11-909B2.1	2	3	3.0	0.0
C19orf67	1	3	3.0	0.0
ANKAR	2	3	3.0	0.0
RP11-831F12.2	2	3	3.0	0.0
ENTPD7	1	3	3.0	0.0
SOX6	2	3	3.0	0.0
ANKRD39	3	3	3.0	0.0
FAT3	1	3	3.0	0.0
TPH2	1	3	3.0	0.0
WASF2	2	3	3.0	0.0
LAMA2	1	3	3.0	0.0
MT-TC	2	3	3.0	0.0
NAV2	2	3	3.0	0.0
BCL7B	1	3	3.0	0.0
CHD3	2	3	3.0	0.0
NBPF3	1	3	3.0	0.0
PRADC1	1	3	3.0	0.0
KCNA5	2	3	3.0	0.0
ASPH	2	3	3.0	0.0
OLFML1	1	3	3.0	0.0
AC144450.2	1	3	3.0	0.0
RP11-715J22.2	1	3	3.0	0.0
TRIP12	2	3	3.0	0.0
PLEKHG2	2	3	3.0	0.0
ZNF655	2	3	3.0	0.0
GSTTP2	1	3	3.0	0.0
MPC2	2	3	3.0	0.0
RPS23	2	3	3.0	0.0
ZNF616	2	3	3.0	0.0
SPIRE2	1	3	3.0	0.0
RP11-188P20.3	2	3	3.0	0.0
RP11-108M9.5	2	3	3.0	0.0
TIGD6	2	3	3.0	0.0
UBE3C	2	3	3.0	0.0
PGM5P2	3	3	3.0	0.0
FAM83F	2	3	3.0	0.0
PPIP5K2	2	3	3.0	0.0
SORL1	1	2	3.0	0.0
CSMD2	2	3	3.0	0.0
ITGB2-AS1	1	3	3.0	0.0
TEX10	2	3	3.0	0.0
C12orf50	2	2	3.0	0.0
VIT	2	3	3.0	0.0
RP11-1036E20.7	1	3	3.0	0.0
RAF1	1	3	3.0	0.0
SLC1A3	1	3	3.0	0.0
RAI1	2	3	3.0	0.0
GABRE	1	3	3.0	0.0
GABRP	2	3	3.0	0.0
RN7SL575P	1	3	3.0	0.0
SCRG1	2	3	3.0	0.0
ZNF121	2	3	3.0	0.0
RECQL5	1	3	3.0	0.0
RAE1	1	3	3.0	0.0
CENPP	2	3	3.0	0.0
NR6A1	1	3	3.0	0.0
C8orf44	1	3	3.0	0.0
NADK2	1	3	3.0	0.0
TFB1M	1	3	3.0	0.0
UHRF2P1	2	3	3.0	0.0
C20orf96	1	3	3.0	0.0
XKR4	1	3	3.0	0.0
PAPL	1	3	3.0	0.0
MECR	2	3	3.0	0.0
DCLRE1C	2	3	3.0	0.0
TRAK2	2	3	3.0	0.0
RP11-380O24.1	2	3	3.0	0.0
TRAF6	1	3	3.0	0.0
CRB1	1	3	3.0	0.0
SESN3	3	3	3.0	0.0
AL022393.7	1	3	3.0	0.0
PHRF1	1	3	3.0	0.0
CAPN2	2	3	3.0	0.0
RUSC1-AS1	2	3	3.0	0.0
EML4	1	2	3.0	0.0
AC016903.1	2	3	3.0	0.0
FAM222A	1	3	3.0	0.0
RP11-725M22.1	1	3	3.0	0.0
FAM199X	3	3	3.0	0.0
JAKMIP3	3	3	3.0	0.0
CLSPN	1	3	3.0	0.0
DLX1	3	3	3.0	0.0
TKT	2	3	3.0	0.0
RP11-680F20.10	2	3	3.0	0.0
AHRR	2	3	3.0	0.0
RP13-270P17.2	1	3	3.0	0.0
SULT1B1	3	3	3.0	0.0
APOE	1	3	3.0	0.0
NRGN	2	3	3.0	0.0
STXBP1	1	3	3.0	0.0
ACADS	1	3	3.0	0.0
SMAGP	3	3	3.0	0.0
IGDCC3	2	3	3.0	0.0
ZNF316	2	3	3.0	0.0
PASK	2	3	3.0	0.0
NNAT	2	3	3.0	0.0
EIF4A1	3	4	3.0	0.0
FANCD2	1	2	3.0	0.0
RP11-315I20.1	2	3	3.0	0.0
SPP1	1	3	3.0	0.0
RP11-867G23.3	2	3	3.0	0.0
LPHN3	3	3	3.0	0.0
ANO2	1	2	2.9999999999999996	0.0
KLHL42	2	3	2.9999999999999996	0.0
ZNF423	2	3	2.9999999999999996	0.0
TMEM212	4	5	2.9999999999999996	0.0
FRYL	1	2	2.9999999999999996	0.0
SNX29P2	3	3	2.9999999999999996	0.0
RGS7	1	3	2.9999999999999996	0.0
ADAMTSL3	5	7	2.928571428571429	0.0
RP11-158I9.7	4	5	2.8666666666666667	0.0
LCLAT1	3	3	2.8666666666666663	0.0
MTRNR2L12	7	10	2.833333333333333	0.0
ENTPD1	3	3	2.8	0.0
RBFADN	1	4	2.6666666666666665	0.0
AC159540.1	2	3	2.6666666666666665	0.0
NFAT5	1	3	2.625	0.0
MTRNR2L2	8	10	2.583333333333333	0.0
TIMM50	3	3	2.5476190476190474	0.0
ZSCAN30	4	4	2.533333333333333	0.0
MX2	1	1	2.5	0.0
MCC	2	3	2.5	0.0
NCAPH2	2	4	2.5	0.0
CDH6	2	2	2.5	0.0
CRB3	2	3	2.5	0.0
AC000036.4	2	4	2.5	0.0
BAD	2	3	2.5	0.0
GAN	2	3	2.5	0.0
EFCAB11	1	2	2.5	0.0
MYADM	2	3	2.4444444444444446	0.0
NEDD4L	2	3	2.4	0.0
MICAL3	1	2	2.375	0.0
YWHAQP5	3	3	2.333333333333333	0.0
CLCN3	1	2	2.333333333333333	0.0
FBRSL1	2	4	2.2857142857142856	0.0
SLC12A9	2	2	2.25	0.0
GLIPR1	2	5	2.25	0.0
ACO1	2	3	2.25	0.0
RP11-946L20.4	4	4	2.25	0.0
ZNF396	4	4	2.25	0.0
GGT1	3	4	2.1781803542673104	0.0
SETD7	3	5	2.125	0.0
RP11-483P21.3	2	3	2.125	0.0
SFXN5	1	2	2.1	0.0
MTND1P23	5	5	2.083333333333333	0.0
PPFIA1	1	2	2.0000000000000004	0.0
MTRR	2	2	2.0000000000000004	0.0
UQCC1	2	2	2.0000000000000004	0.0
DMPK	2	2	2.0000000000000004	0.0
CA1	1	2	2.0000000000000004	0.0
LINC00514	2	3	2.0	0.0
RP11-752L20.5	1	2	2.0	0.0
A2ML1	1	2	2.0	0.0
AC019109.1	1	2	2.0	0.0
RP11-80H5.9	1	2	2.0	0.0
C7orf55-LUC7L2	2	2	2.0	0.0
C10orf76	1	2	2.0	0.0
IFNAR1	1	2	2.0	0.0
NECAP2	1	2	2.0	0.0
MCM7	1	2	2.0	0.0
ITK	2	2	2.0	0.0
HAVCR2	1	2	2.0	0.0
B3GNT2	1	2	2.0	0.0
ELK3	1	2	2.0	0.0
AC107079.1	1	2	2.0	0.0
PDDC1	1	2	2.0	0.0
ORC4	1	2	2.0	0.0
UBQLN1	1	2	2.0	0.0
JMJD6	1	2	2.0	0.0
SPEG	2	3	2.0	0.0
DNAJC22	1	2	2.0	0.0
SPEN	1	2	2.0	0.0
FAR2	1	2	2.0	0.0
RP5-857K21.11	4	4	2.0	0.0
GTPBP10	1	2	2.0	0.0
AHSA2	1	2	2.0	0.0
GLTSCR1L	1	2	2.0	0.0
LAMA4	1	2	2.0	0.0
LCMT2	1	2	2.0	0.0
AGBL3	1	2	2.0	0.0
MT-TT	2	2	2.0	0.0
ALDH16A1	2	2	2.0	0.0
C2orf61	1	2	2.0	0.0
GGA1	1	3	2.0	0.0
CCDC116	2	2	2.0	0.0
NF2	2	2	2.0	0.0
MORN4	2	2	2.0	0.0
TERF2	1	2	2.0	0.0
RP11-692C24.2	1	2	2.0	0.0
GALNT7	1	2	2.0	0.0
MT-ND2	3	3	2.0	0.0
EMC1	1	2	2.0	0.0
ZFYVE26	2	2	2.0	0.0
EMC3	2	2	2.0	0.0
C1orf158	1	2	2.0	0.0
LRWD1	1	2	2.0	0.0
DCAF10	1	1	2.0	0.0
ZFYVE20	2	2	2.0	0.0
DDX54	1	2	2.0	0.0
SPTA1	2	2	2.0	0.0
RP1-228P16.3	1	2	2.0	0.0
PSD3	1	2	2.0	0.0
UQCR11	1	2	2.0	0.0
STYX	1	2	2.0	0.0
SLC6A20	1	2	2.0	0.0
RNMT	2	2	2.0	0.0
EIF6	2	2	2.0	0.0
NARFL	2	2	2.0	0.0
RP11-114H7.1	1	2	2.0	0.0
CELA1	1	2	2.0	0.0
VTA1	2	2	2.0	0.0
SNORD10	3	4	2.0	0.0
RP11-182I10.3	2	3	2.0	0.0
GBX2	1	2	2.0	0.0
DGKG	2	2	2.0	0.0
RP11-641A6.2	1	2	2.0	0.0
Y_RNA.734	1	2	2.0	0.0
TUG1	1	2	2.0	0.0
RP11-96B5.4	1	2	2.0	0.0
DARS2	2	2	2.0	0.0
ZNF284	2	2	2.0	0.0
STX2	1	2	2.0	0.0
DPP6	1	1	2.0	0.0
SNAI3-AS1	2	2	2.0	0.0
H3F3A	1	2	2.0	0.0
ADAP2	1	2	2.0	0.0
PCDH12	1	2	2.0	0.0
CROCCP3	1	2	2.0	0.0
FAHD2A	1	2	2.0	0.0
ST18	1	2	2.0	0.0
TGIF2	2	2	2.0	0.0
ZNHIT1	2	2	2.0	0.0
RP11-163N6.2	1	2	2.0	0.0
SLC5A6	2	2	2.0	0.0
CTA-398F10.1	2	2	2.0	0.0
UBE4A	1	2	2.0	0.0
CLEC16A	1	2	2.0	0.0
PRKCD	1	2	2.0	0.0
RP11-688I9.2	1	2	2.0	0.0
LDOC1	1	2	2.0	0.0
CTC-490E21.10	2	2	2.0	0.0
TCL6	1	2	2.0	0.0
PRR3	2	2	2.0	0.0
RABGAP1L	1	1	2.0	0.0
ERP27	2	2	2.0	0.0
KIAA1984	1	2	2.0	0.0
RP11-38P22.2	2	2	2.0	0.0
DSTYK	2	2	2.0	0.0
AC025165.8	1	2	2.0	0.0
RP11-234K24.3	1	2	2.0	0.0
TEX15	2	2	2.0	0.0
TEX14	1	2	2.0	0.0
BIRC6	2	2	2.0	0.0
RP11-462D18.2	1	2	2.0	0.0
APBA2	2	2	2.0	0.0
ATG13	1	2	2.0	0.0
LINC00473	1	2	2.0	0.0
MBTD1	1	2	2.0	0.0
RP11-593P24.2	1	2	2.0	0.0
GLI1	1	2	2.0	0.0
AC011718.1	1	2	2.0	0.0
NCOR2	1	1	2.0	0.0
CNIH3	1	2	2.0	0.0
ATP2A2	1	2	2.0	0.0
CELSR3	2	2	2.0	0.0
LHX9	1	1	2.0	0.0
RSPH3	1	2	2.0	0.0
TRMT1L	2	2	2.0	0.0
NFATC3	1	2	2.0	0.0
PTCHD4	1	2	2.0	0.0
RP1-1J6.2	1	2	2.0	0.0
CTD-2332E11.2	1	2	2.0	0.0
MARK2P4	2	2	2.0	0.0
R3HDM2	2	2	2.0	0.0
FKRP	1	2	2.0	0.0
ARPC5	2	2	2.0	0.0
RP11-301L8.2	2	2	2.0	0.0
STAM2	1	2	2.0	0.0
ANKZF1	1	2	2.0	0.0
AQP4-AS1	1	2	2.0	0.0
AC090587.2	1	2	2.0	0.0
RP11-286E11.1	2	2	2.0	0.0
WAC	1	2	2.0	0.0
AC091948.1	1	2	2.0	0.0
VCAN	1	2	2.0	0.0
PI4KA	2	2	2.0	0.0
CEACAM21	1	2	2.0	0.0
TMEM104	2	2	2.0	0.0
DPEP2	1	2	2.0	0.0
CEACAM3	1	2	2.0	0.0
CEACAM16	1	2	2.0	0.0
SPAG17	1	2	2.0	0.0
ELF3	2	2	2.0	0.0
GS1-256O22.1	1	2	2.0	0.0
SMURF1	1	2	2.0	0.0
U3.77	1	2	2.0	0.0
SRSF4	2	2	2.0	0.0
ZNF521	1	2	2.0	0.0
Z95114.7	1	2	2.0	0.0
TMEM140	1	2	2.0	0.0
AC024592.9	1	2	2.0	0.0
MUC19	1	2	2.0	0.0
RP11-621H8.2	1	2	2.0	0.0
KRT7	1	1	2.0	0.0
SOX10	1	2	2.0	0.0
AKT3	2	2	2.0	0.0
TM9SF3	2	2	2.0	0.0
SLC30A3	1	2	2.0	0.0
PI4K2A	1	2	2.0	0.0
TIAL1	1	2	2.0	0.0
VMAC	1	2	2.0	0.0
GPRIN3	2	2	2.0	0.0
RNF39	2	2	2.0	0.0
OR4C4P	1	2	2.0	0.0
XKR9	1	2	2.0	0.0
RP11-404G16.2	1	2	2.0	0.0
SET	1	2	2.0	0.0
AC093818.1	1	2	2.0	0.0
NR2F2	1	2	2.0	0.0
AC092171.4	2	2	2.0	0.0
AC131025.8	2	2	2.0	0.0
FAM57A	1	2	2.0	0.0
ADPRH	1	2	2.0	0.0
TAX1BP1	1	2	2.0	0.0
RP4-569D19.5	1	2	2.0	0.0
RP11-122C21.1	2	2	2.0	0.0
CYP51P3	1	2	2.0	0.0
ASPHD2	2	2	2.0	0.0
NUDT12	1	2	2.0	0.0
DEPDC1B	1	2	2.0	0.0
MTND5P28	1	2	2.0	0.0
SCAND1	1	2	2.0	0.0
TSPAN17	1	2	2.0	0.0
PRDM14	1	2	2.0	0.0
ADPRHL2	2	2	2.0	0.0
ADAMTS15	1	2	2.0	0.0
BTAF1	1	2	2.0	0.0
INPP4B	1	2	2.0	0.0
FRMD4A	1	2	2.0	0.0
ACADVL	1	2	2.0	0.0
PIP5K1B	1	2	2.0	0.0
WIPI2	1	1	2.0	0.0
METTL3	1	2	2.0	0.0
CCBL2	1	2	2.0	0.0
KBTBD12	1	2	2.0	0.0
LA16c-358B7.3	2	2	2.0	0.0
AL359195.1	1	2	2.0	0.0
AC096669.1	1	2	2.0	0.0
AJAP1	1	2	2.0	0.0
PGLYRP2	1	2	2.0	0.0
ODF2L	2	3	2.0	0.0
ZNF451	1	2	2.0	0.0
BNIP3L	1	2	2.0	0.0
CXorf23	1	2	2.0	0.0
NUP214	1	2	2.0	0.0
SRGAP3	1	1	2.0	0.0
GRHPR	1	2	2.0	0.0
ERLIN2	1	2	2.0	0.0
SIK2	1	2	2.0	0.0
NUBP2	1	2	2.0	0.0
RP11-1099M24.8	2	2	2.0	0.0
MAP4	1	2	2.0	0.0
HSPA12A	1	2	2.0	0.0
RPL5P13	1	2	2.0	0.0
RP11-339B21.8	1	2	2.0	0.0
KIAA1671	1	2	2.0	0.0
WFDC1	1	2	2.0	0.0
MASP2	2	2	2.0	0.0
SLC9A4	2	2	2.0	0.0
C16orf91	1	2	2.0	0.0
AC007620.3	1	2	2.0	0.0
ATXN2	1	2	2.0	0.0
LARS2	2	2	2.0	0.0
ARHGAP40	1	2	2.0	0.0
AP000350.4	1	2	2.0	0.0
DNAH3	2	2	2.0	0.0
ENDOV	2	2	2.0	0.0
KIAA0232	2	2	2.0	0.0
FOXK1	2	2	2.0	0.0
LINC00664	2	2	2.0	0.0
PPID	1	2	2.0	0.0
SLC25A13	1	2	2.0	0.0
OOEP	2	2	2.0	0.0
CARD8	1	2	2.0	0.0
ASRGL1	1	2	2.0	0.0
AF013593.1	1	2	2.0	0.0
RP11-182J23.1	2	2	2.0	0.0
MRPS14	1	2	2.0	0.0
GBP3	2	2	2.0	0.0
FECH	1	2	2.0	0.0
RP11-480G7.2	2	2	2.0	0.0
FCGR2A	2	2	2.0	0.0
TEX2	1	2	2.0	0.0
THAP3	2	2	2.0	0.0
VWA8	2	2	2.0	0.0
RP11-215P8.3	1	2	2.0	0.0
GREB1	2	2	2.0	0.0
OR10A5	2	2	2.0	0.0
SUPT16H	1	2	2.0	0.0
BACH1-IT2	1	2	2.0	0.0
snoU13.294	1	2	2.0	0.0
FTO	1	2	2.0	0.0
TMCO5B	1	2	2.0	0.0
IDH1	2	2	2.0	0.0
DNMBP-AS1	2	2	2.0	0.0
NEK1	1	2	2.0	0.0
FAM177A1	2	2	2.0	0.0
RNA5SP136	1	2	2.0	0.0
LHFPL4	1	2	2.0	0.0
AC005562.1	1	2	2.0	0.0
CBL	1	2	2.0	0.0
WDFY2	1	2	2.0	0.0
XAF1	1	2	2.0	0.0
RP11-838N2.3	2	2	2.0	0.0
RP11-797H7.1	1	2	2.0	0.0
SH2D3A	1	2	2.0	0.0
IMPDH2	2	2	2.0	0.0
RP11-65G9.1	1	2	2.0	0.0
GRWD1	1	2	2.0	0.0
HTN1	1	2	2.0	0.0
PAX5	1	2	2.0	0.0
E2F7	2	2	2.0	0.0
KRTAP19-8	2	2	2.0	0.0
ADRA1B	2	2	2.0	0.0
COA5	1	2	2.0	0.0
NMT2	1	2	2.0	0.0
XXbac-BPG308K3.6	1	2	2.0	0.0
FBXO41	1	2	2.0	0.0
SNORA1.4	1	2	2.0	0.0
MIA3	1	1	2.0	0.0
CERS3	2	2	2.0	0.0
MICB	2	2	2.0	0.0
PHF14	2	2	2.0	0.0
ERI2	2	2	2.0	0.0
TEKT4P2	2	2	2.0	0.0
RP11-24J23.2	2	2	2.0	0.0
USP28	2	2	2.0	0.0
RP11-482M8.1	1	2	2.0	0.0
RP11-231K24.2	1	2	2.0	0.0
SCIMP	2	2	2.0	0.0
RP3-429O6.1	1	2	2.0	0.0
RP11-344E13.3	2	2	2.0	0.0
ACACB	2	2	2.0	0.0
AC103828.1	1	2	2.0	0.0
ARHGEF33	1	2	2.0	0.0
MIR663A	1	2	2.0	0.0
RP11-106M7.1	2	2	2.0	0.0
DDX60L	1	2	2.0	0.0
ACAA1	1	2	2.0	0.0
RP11-3J10.4	1	2	2.0	0.0
MTND5P1	1	2	2.0	0.0
CTB-180A7.8	1	2	2.0	0.0
EFCAB13	2	2	2.0	0.0
VPS53	1	1	2.0	0.0
AIF1	1	2	2.0	0.0
CEP350	2	2	1.9999999999999998	0.0
PARP10	2	2	1.9999999999999998	0.0
MUC4	1	2	1.9999999999999998	0.0
METTL1	2	2	1.9999999999999998	0.0
RUNDC3A	1	2	1.9999999999999998	0.0
ADM	2	2	1.9999999999999998	0.0
PDE4DIP	1	2	1.9999999999999998	0.0
RPUSD3	1	1	1.9999999999999998	0.0
CD3G	3	4	1.9999999999999998	0.0
THADA	1	2	1.9999999999999998	0.0
MTMR4	1	2	1.9999999999999998	0.0
CNOT6L	2	2	1.9999999999999996	0.0
AGTRAP	2	2	1.9999999999999996	0.0
ANO1	1	2	1.9999999999999996	0.0
NSUN4	1	2	1.9999999999999996	0.0
TNFRSF25	1	2	1.9999999999999993	0.0
TPTEP1	4	4	1.976190476190476	0.0
TRIM22	7	7	1.9666666666666666	0.0
STON1-GTF2A1L	1	3	1.875	0.0
FAM228B	4	6	1.8571428571428572	0.0
TATDN1	1	2	1.7999999999999998	0.0
OR2H1	2	2	1.777777777777778	0.0
CAP2	1	2	1.714285714285714	0.0
WDR90	1	1	1.6666666666666667	0.0
MAGI3	1	1	1.6666666666666665	0.0
AL109763.2	3	5	1.6666666666666665	0.0
CD1C	2	2	1.6666666666666665	0.0
TFPI	2	3	1.6666666666666665	0.0
ISG20L2	3	3	1.6333333333333333	0.0
ATMIN	2	2	1.6	0.0
INADL	1	2	1.5999999999999999	0.0
IQCJ-SCHIP1	1	6	1.565217391304348	0.0
TESC	1	6	1.565217391304348	0.0
BLOC1S6	5	6	1.55	0.0
SLAIN1	1	2	1.5294117647058825	0.0
ANKRD30BP2	1	1	1.5	0.0
LINC00963	1	1	1.5	0.0
SKA1	2	2	1.5	0.0
ESCO2	1	1	1.5	0.0
AKR1D1	1	3	1.5	0.0
KIAA1456	2	2	1.5	0.0
PCDHB10	1	3	1.5	0.0
ZNF271	1	2	1.5	0.0
RP11-630D6.5	1	3	1.5	0.0
ZNF19	2	2	1.5	0.0
NME7	3	4	1.5	0.0
LTA4H	1	1	1.5	0.0
RP1-274L7.1	2	2	1.5	0.0
RP11-65L19.4	1	3	1.5	0.0
EIF4E	2	2	1.5	0.0
MT-ATP8	2	3	1.5	0.0
AAED1	1	2	1.5	0.0
RP11-326C3.11	1	1	1.5	0.0
DMD	1	1	1.5	0.0
RP11-14I2.2	1	3	1.5	0.0
GDAP2	2	2	1.5	0.0
R3HDM1	2	2	1.5	0.0
FGFBP3	2	2	1.5	0.0
PIGC	1	2	1.5	0.0
RP11-314D7.2	2	2	1.5	0.0
MTATP8P1	2	3	1.5	0.0
CIR1	2	2	1.5	0.0
CDS1	2	2	1.5	0.0
RP11-94L15.2	2	2	1.5	0.0
IPO9	2	3	1.5	0.0
RP3-475N16.1	1	3	1.5	0.0
SLC37A3	1	1	1.5	0.0
LRRC37A16P	2	2	1.5	0.0
AL163952.1	3	4	1.5	0.0
PCDHB9	1	3	1.5	0.0
ANAPC5	1	1	1.5	0.0
CCBE1	2	2	1.5	0.0
SAMD14	2	2	1.5	0.0
PHLPP2	1	1	1.5	0.0
ADRA1A	1	2	1.5	0.0
FAM154B	1	2	1.5	0.0
SNORD103A	1	3	1.5	0.0
SNORD103B	1	3	1.5	0.0
RORB	2	2	1.5	0.0
CCDC144A	2	3	1.3571428571428572	0.0
SOX2	1	2	1.3333333333333333	0.0
ANKH	2	2	1.3333333333333333	0.0
STRN	1	2	1.3333333333333333	0.0
POFUT2	1	2	1.3333333333333333	0.0
MPI	2	2	1.3333333333333333	0.0
CLIP1	1	1	1.3333333333333333	0.0
TTLL10-AS1	2	2	1.3333333333333333	0.0
CTD-2031P19.3	2	2	1.3333333333333333	0.0
RP11-506N2.1	2	2	1.3333333333333333	0.0
AP000347.2	1	2	1.3333333333333333	0.0
RP11-12A20.7	1	2	1.3333333333333333	0.0
FAM98C	2	2	1.3333333333333333	0.0
C9orf9	1	2	1.3333333333333333	0.0
ZFHX2	1	4	1.3333333333333333	0.0
RAP1GAP2	2	2	1.3333333333333333	0.0
RP5-857K21.7	3	3	1.3333333333333333	0.0
PPARD	1	1	1.3	0.0
TMEM45A	4	4	1.2678571428571428	0.0
MSI2	3	3	1.25	0.0
STARD8	2	2	1.25	0.0
RP11-17A4.2	2	2	1.25	0.0
SSR2	2	2	1.25	0.0
YWHAG	2	2	1.25	0.0
FGF7	2	2	1.25	0.0
TMEM191A	1	2	1.25	0.0
CNKSR3	2	2	1.25	0.0
ACYP2	2	2	1.2352941176470589	0.0
UGGT2	2	2	1.2	0.0
SPATA31E3P	2	3	1.2	0.0
SPATA31E2P	2	3	1.2	0.0
MTRNR2L10	3	4	1.1666666666666665	0.0
CCDC149	1	1	1.1428571428571428	0.0
STON1	1	3	1.125	0.0
NDUFV3	2	2	1.125	0.0
ZNF814	1	1	1.125	0.0
GSN	2	2	1.1000000000000005	0.0
EXOC4	1	1	1.0909090909090908	0.0
RP11-398H6.1	4	6	1.0833333333333333	0.0
CCDC144B	2	3	1.0714285714285714	0.0
LINC-ROR	2	2	1.0588235294117647	0.0
LDB3	1	1	1.0000000000000002	0.0
CLASP1	1	1	1.0000000000000002	0.0
NUSAP1	1	1	1.0000000000000002	0.0
SEC13	1	1	1.0000000000000002	0.0
CHTF18	1	1	1.0000000000000002	0.0
ATP2C1	1	1	1.0000000000000002	0.0
SS18	1	1	1.0000000000000002	0.0
MEN1	1	1	1.0000000000000002	0.0
LIMD2	1	1	1.0000000000000002	0.0
ROGDI	1	1	1.0000000000000002	0.0
ERC1	1	1	1.0000000000000002	0.0
RETSAT	1	1	1.0	0.0
CYB5D1	1	1	1.0	0.0
SLC6A8	1	1	1.0	0.0
ACTRT3	1	1	1.0	0.0
SLC17A8	1	1	1.0	0.0
ELFN1	1	1	1.0	0.0
SHC1P2	1	1	1.0	0.0
NAV2-AS4	1	1	1.0	0.0
RP13-279N23.2	2	2	1.0	0.0
PLCD3	2	3	1.0	0.0
RP11-177B4.1	1	1	1.0	0.0
RASGRP1	1	2	1.0	0.0
VDAC1P11	1	1	1.0	0.0
FAM13A-AS1	1	2	1.0	0.0
SBNO2	1	1	1.0	0.0
CTD-2383I20.1	1	1	1.0	0.0
PPP1R15B	1	1	1.0	0.0
KIAA0895L	1	1	1.0	0.0
ZNF714	1	1	1.0	0.0
RAB39A	1	1	1.0	0.0
ELP2	1	1	1.0	0.0
ATP8B4	1	1	1.0	0.0
DUS1L	1	1	1.0	0.0
URAD	1	1	1.0	0.0
SV2B	1	1	1.0	0.0
PSMD3	1	1	1.0	0.0
RP11-326C3.2	1	1	1.0	0.0
AC073236.3	1	1	1.0	0.0
CTTN	1	1	1.0	0.0
C10orf68	1	1	1.0	0.0
RP13-122B23.8	1	1	1.0	0.0
ZNF84	1	1	1.0	0.0
ARL13A	1	1	1.0	0.0
KCTD11	1	1	1.0	0.0
CTD-2066L21.2	1	1	1.0	0.0
PSMB9	1	1	1.0	0.0
CASC7	1	1	1.0	0.0
LINC00562	1	1	1.0	0.0
RP11-517B11.7	1	1	1.0	0.0
RP11-848P1.9	1	1	1.0	0.0
RP11-544M22.1	1	1	1.0	0.0
RP5-940J5.6	1	1	1.0	0.0
RP11-431N15.2	1	1	1.0	0.0
ENTPD5	1	1	1.0	0.0
B3GNT6	1	1	1.0	0.0
GCLM	1	1	1.0	0.0
RP11-50E11.3	1	1	1.0	0.0
CTSA	1	1	1.0	0.0
EFCAB3	1	1	1.0	0.0
RP11-189B4.6	1	1	1.0	0.0
CD300LB	1	1	1.0	0.0
ABHD17B	1	1	1.0	0.0
MAP4K4	1	1	1.0	0.0
SUZ12	1	1	1.0	0.0
NUMBL	1	1	1.0	0.0
KIAA0753	1	1	1.0	0.0
RP11-383C12.2	1	1	1.0	0.0
TFPI2	1	1	1.0	0.0
SRRM2	1	1	1.0	0.0
SRRM5	1	1	1.0	0.0
SRRM4	1	2	1.0	0.0
STARD3	1	1	1.0	0.0
UBQLN4	1	1	1.0	0.0
WNT3A	1	1	1.0	0.0
THRA	1	1	1.0	0.0
ABCC8	1	1	1.0	0.0
PBX2	1	1	1.0	0.0
NLN	1	1	1.0	0.0
SAMD9	1	1	1.0	0.0
ANKRD49	1	1	1.0	0.0
SAMD5	1	1	1.0	0.0
STAT2	1	1	1.0	0.0
AC005154.6	1	1	1.0	0.0
AP5S1	1	1	1.0	0.0
DOCK4-AS1	1	1	1.0	0.0
CTD-2293H3.1	1	1	1.0	0.0
GLIPR1L1	1	1	1.0	0.0
THBS1	1	1	1.0	0.0
GNPTAB	1	1	1.0	0.0
GALK1	1	1	1.0	0.0
CLDN15	1	1	1.0	0.0
RP11-355F16.1	1	1	1.0	0.0
EHF	1	1	1.0	0.0
AC069547.1	1	1	1.0	0.0
CDPF1	1	1	1.0	0.0
CYB5A	1	1	1.0	0.0
HERC4	1	1	1.0	0.0
CTD-2058B24.2	2	2	1.0	0.0
SARDH	1	1	1.0	0.0
IP6K1	1	1	1.0	0.0
RN7SL26P	1	1	1.0	0.0
RP11-510D21.1	1	1	1.0	0.0
NHSL1	1	1	1.0	0.0
NARS	1	1	1.0	0.0
DZIP1L	1	1	1.0	0.0
NOTCH4	1	1	1.0	0.0
FAM101B	1	1	1.0	0.0
GGT5	1	1	1.0	0.0
CBLC	1	1	1.0	0.0
AC104654.1	1	1	1.0	0.0
STEAP1B	1	1	1.0	0.0
S100A10	1	1	1.0	0.0
MT-TE	1	1	1.0	0.0
KANSL1	1	1	1.0	0.0
OSBPL2	1	1	1.0	0.0
FAXC	1	1	1.0	0.0
LCMT1	1	1	1.0	0.0
SDR16C6P	1	1	1.0	0.0
RP11-428K3.1	1	1	1.0	0.0
RP11-118E18.4	1	1	1.0	0.0
MT-TW	1	1	1.0	0.0
MACF1	1	1	1.0	0.0
OSTM1-AS1	1	1	1.0	0.0
LAMB4	1	1	1.0	0.0
SLC32A1	1	1	1.0	0.0
QRSL1P3	1	1	1.0	0.0
GPBP1L1	1	1	1.0	0.0
PFKFB4	1	1	1.0	0.0
LPPR4	1	1	1.0	0.0
RP11-528A4.2	1	1	1.0	0.0
ENPP7	1	1	1.0	0.0
USP8P1	1	1	1.0	0.0
ACTL7B	1	1	1.0	0.0
TTPAL	1	1	1.0	0.0
RFC5	1	1	1.0	0.0
ICA1L	1	1	1.0	0.0
NAV3	2	2	1.0	0.0
TRIM51HP	1	1	1.0	0.0
CLNS1A	1	1	1.0	0.0
HTRA4	1	1	1.0	0.0
GXYLT2	1	1	1.0	0.0
RP11-236B18.2	1	1	1.0	0.0
AC016722.4	1	1	1.0	0.0
H2AFV	1	1	1.0	0.0
HOOK1	1	1	1.0	0.0
ZBTB11-AS1	1	1	1.0	0.0
RP11-145O15.2	1	1	1.0	0.0
PTPN21	1	1	1.0	0.0
STAR	1	1	1.0	0.0
SLC36A2	1	1	1.0	0.0
MRPL40	1	1	1.0	0.0
SLC14A2	1	1	1.0	0.0
KDM4D	1	1	1.0	0.0
RP1-14D6.2	2	2	1.0	0.0
PWP2	1	1	1.0	0.0
HOXB-AS4	1	1	1.0	0.0
ANXA5	1	1	1.0	0.0
RP11-338K13.1	1	1	1.0	0.0
PAFAH1B2	1	1	1.0	0.0
ACVR2B-AS1	1	1	1.0	0.0
CHD2	1	1	1.0	0.0
RP11-259P15.3	1	1	1.0	0.0
SEC22A	1	1	1.0	0.0
CCDC127	1	2	1.0	0.0
CTB-131B5.2	1	1	1.0	0.0
CHD8	1	1	1.0	0.0
PKD1L2	1	1	1.0	0.0
TKTL1	1	1	1.0	0.0
RPS15A	1	1	1.0	0.0
PGS1	1	1	1.0	0.0
GALNT2	1	1	1.0	0.0
HOXA-AS2	1	1	1.0	0.0
ALDH9A1	1	1	1.0	0.0
LCOR	1	1	1.0	0.0
RP11-658F2.8	1	1	1.0	0.0
ALDH1B1	1	1	1.0	0.0
RECQL	1	1	1.0	0.0
C14orf79	1	1	1.0	0.0
LRP2BP	1	1	1.0	0.0
ZFY	1	1	1.0	0.0
CTD-2319I12.2	1	1	1.0	0.0
OR51R1P	1	1	1.0	0.0
NDUFS1	1	1	1.0	0.0
DCAF17	1	1	1.0	0.0
RASL10B	1	1	1.0	0.0
RTF1	1	1	1.0	0.0
AC108004.2	1	1	1.0	0.0
ZFYVE19	1	1	1.0	0.0
FEV	1	1	1.0	0.0
RP11-981P6.1	1	1	1.0	0.0
FER	1	1	1.0	0.0
SLFN5	1	1	1.0	0.0
SKIV2L2	1	1	1.0	0.0
SAT1	1	1	1.0	0.0
C14orf182	1	1	1.0	0.0
HDHD3	1	1	1.0	0.0
SLC7A1	1	1	1.0	0.0
HERPUD2	1	1	1.0	0.0
ARMC5	1	1	1.0	0.0
FRG1B	1	1	1.0	0.0
SH3TC2	1	1	1.0	0.0
NUMB	1	1	1.0	0.0
DDX3X	1	1	1.0	0.0
CTD-2521M24.9	1	1	1.0	0.0
DDX47	1	1	1.0	0.0
ZNF699	1	1	1.0	0.0
LINC00940	1	1	1.0	0.0
TIMP2	1	1	1.0	0.0
XRN1	1	2	1.0	0.0
FLAD1	1	1	1.0	0.0
RP11-558A11.1	1	1	1.0	0.0
RN7SL322P	1	1	1.0	0.0
CECR6	1	1	1.0	0.0
CHAC2	1	1	1.0	0.0
LINC00936	1	1	1.0	0.0
C1orf112	1	1	1.0	0.0
PQLC1	1	1	1.0	0.0
RGR	1	1	1.0	0.0
SAR1B	1	1	1.0	0.0
SMARCD3	1	1	1.0	0.0
RP11-63B13.1	2	2	1.0	0.0
ENPEP	1	1	1.0	0.0
TSPAN7	1	1	1.0	0.0
PDE3B	1	1	1.0	0.0
AC079807.4	1	1	1.0	0.0
HTR2A	1	1	1.0	0.0
CMTM4	1	1	1.0	0.0
RP11-488I20.9	1	1	1.0	0.0
AC104024.1	1	1	1.0	0.0
RASSF6	1	1	1.0	0.0
APOPT1	1	1	1.0	0.0
MAGIX	1	1	1.0	0.0
MARCH1	1	1	1.0	0.0
PCK1	1	1	1.0	0.0
TTC18	1	1	1.0	0.0
RP11-527H14.2	1	2	1.0	0.0
CPT1A	1	1	1.0	0.0
NID2	1	1	1.0	0.0
ZNF26	1	1	1.0	0.0
NMD3	1	1	1.0	0.0
TRIP11	1	1	1.0	0.0
MYOM1	1	1	1.0	0.0
PCSK7	1	1	1.0	0.0
GALNT15	1	1	1.0	0.0
AC005330.2	1	1	1.0	0.0
DGKB	1	1	1.0	0.0
ZNF780B	1	1	1.0	0.0
KANSL1L	1	1	1.0	0.0
XXbac-B33L19.6	1	1	1.0	0.0
RP11-523O18.5	1	1	1.0	0.0
CHSY1	1	1	1.0	0.0
SCN11A	1	1	1.0	0.0
UNC80	2	2	1.0	0.0
ARVCF	1	1	1.0	0.0
MXD4	1	1	1.0	0.0
RP11-331F9.3	1	1	1.0	0.0
CTD-2587M2.1	1	1	1.0	0.0
RP11-445F12.1	1	1	1.0	0.0
ZNF282	1	1	1.0	0.0
TTC31	1	1	1.0	0.0
SPG20	1	1	1.0	0.0
CREG2	1	1	1.0	0.0
GRIPAP1	1	1	1.0	0.0
AP1S3	1	1	1.0	0.0
RASAL2-AS1	1	1	1.0	0.0
MTND4P24	2	3	1.0	0.0
CMYA5	1	1	1.0	0.0
CCDC150	1	1	1.0	0.0
KCNK4	1	1	1.0	0.0
PPFIBP1	1	1	1.0	0.0
RASEF	1	1	1.0	0.0
TCF7	1	1	1.0	0.0
LY6G5C	1	1	1.0	0.0
MGAT4B	1	1	1.0	0.0
TCF3	1	1	1.0	0.0
ZNF70	1	1	1.0	0.0
OR52N4	1	1	1.0	0.0
ADAP1	1	1	1.0	0.0
HADHA	1	1	1.0	0.0
AP001464.4	1	1	1.0	0.0
ERBB2	1	1	1.0	0.0
ERBB4	1	1	1.0	0.0
ZNF614	1	1	1.0	0.0
MKS1	1	1	1.0	0.0
ZNF234	1	1	1.0	0.0
GAPDHP27	1	1	1.0	0.0
SSPO	1	1	1.0	0.0
C1orf63	1	2	1.0	0.0
SKP1	1	1	1.0	0.0
RXRB	1	1	1.0	0.0
TADA2A	1	1	1.0	0.0
RP11-522L3.5	1	1	1.0	0.0
DDRGK1	1	1	1.0	0.0
CDCA5	1	1	1.0	0.0
C19orf40	1	1	1.0	0.0
FAP	1	1	1.0	0.0
RP11-390E23.6	1	1	1.0	0.0
MAGED1	1	1	1.0	0.0
RP11-350G8.5	1	1	1.0	0.0
CTD-2278I10.4	1	1	1.0	0.0
MEF2BNB	1	1	1.0	0.0
ZNF638	1	1	1.0	0.0
CMTR2	1	1	1.0	0.0
ZNF250	1	1	1.0	0.0
LINC00265	1	1	1.0	0.0
KLHL34	1	1	1.0	0.0
SH3BP1	1	1	1.0	0.0
IGFBP1	1	1	1.0	0.0
LUCAT1	1	1	1.0	0.0
LSM11	1	1	1.0	0.0
SLC18A2	1	1	1.0	0.0
PHB2	1	1	1.0	0.0
RP11-666I19.2	1	1	1.0	0.0
PRLR	1	1	1.0	0.0
VWF	1	1	1.0	0.0
PHAX	1	1	1.0	0.0
MON2	1	1	1.0	0.0
MTL5	1	1	1.0	0.0
L3MBTL2	1	1	1.0	0.0
USP2-AS1	1	1	1.0	0.0
PIK3R6	1	1	1.0	0.0
MR1	1	1	1.0	0.0
ZNF609	1	1	1.0	0.0
PALM2	1	1	1.0	0.0
TMEM33	1	1	1.0	0.0
LINC00293	1	1	1.0	0.0
ZNF600	1	1	1.0	0.0
TEX264	1	1	1.0	0.0
PATL1	1	1	1.0	0.0
GPR1	1	2	1.0	0.0
RP11-184I16.4	1	1	1.0	0.0
PALMD	1	1	1.0	0.0
HCFC1	1	1	1.0	0.0
UBE3B	1	1	1.0	0.0
ZBTB8B	1	1	1.0	0.0
NGFR	1	1	1.0	0.0
COMMD1	1	1	1.0	0.0
COMMD2	1	1	1.0	0.0
UBE2W	1	1	1.0	0.0
BPTF	1	1	1.0	0.0
MYT1L	1	1	1.0	0.0
CCDC50	1	1	1.0	0.0
RP1-63G5.7	1	1	1.0	0.0
OR10AE3P	1	1	1.0	0.0
CTD-2626G11.2	1	1	1.0	0.0
RP11-340B18.1	1	1	1.0	0.0
MYCT1	1	1	1.0	0.0
MPV17L	1	1	1.0	0.0
INSL6	1	1	1.0	0.0
RP11-669I1.1	1	1	1.0	0.0
RP11-701P16.2	1	1	1.0	0.0
ITGA5	1	1	1.0	0.0
ITGA2	1	1	1.0	0.0
ZNF192P2	1	1	1.0	0.0
PRSS55	1	1	1.0	0.0
TMEM78	1	1	1.0	0.0
LMTK2	1	1	1.0	0.0
EIF3F	1	1	1.0	0.0
ITGAX	1	1	1.0	0.0
CSMD3	1	1	1.0	0.0
SNX1	1	1	1.0	0.0
RP11-674I16.1	1	1	1.0	0.0
PEAK1	1	1	1.0	0.0
CCDC18	1	1	1.0	0.0
SNX9	1	1	1.0	0.0
SEPT6	1	1	1.0	0.0
NRSN1	1	1	1.0	0.0
MVK	1	1	1.0	0.0
SERHL2	1	1	1.0	0.0
RP4-803A2.1	1	1	1.0	0.0
CARF	1	1	1.0	0.0
FIBCD1	1	1	1.0	0.0
AC139099.5	1	1	1.0	0.0
C2CD2	1	1	1.0	0.0
MTO1	1	1	1.0	0.0
TTTY14	1	1	1.0	0.0
RP11-126O22.1	1	1	1.0	0.0
MMRN2	1	1	1.0	0.0
SLC22A11	1	1	1.0	0.0
TBC1D3P7	1	1	1.0	0.0
PLXNA4	1	1	1.0	0.0
KIF20A	1	1	1.0	0.0
ELOVL2-AS1	1	1	1.0	0.0
VLDLR	1	1	1.0	0.0
APBB2	1	1	1.0	0.0
CMA1	1	1	1.0	0.0
C9orf89	1	1	1.0	0.0
ERP44	1	1	1.0	0.0
SOD2	1	1	1.0	0.0
RP11-363E7.4	1	1	1.0	0.0
KIF21B	1	1	1.0	0.0
CTB-58E17.1	1	1	1.0	0.0
C9orf96	1	1	1.0	0.0
RP1-130L23.1	1	1	1.0	0.0
ZBTB14	1	1	1.0	0.0
PPFIA3	1	1	1.0	0.0
PREP	1	1	1.0	0.0
CAPS	2	2	1.0	0.0
CHL1	1	1	1.0	0.0
PLA2G5	1	2	1.0	0.0
PLA2G6	1	1	1.0	0.0
GRM6	1	1	1.0	0.0
DACT3	1	1	1.0	0.0
RP11-728E14.3	1	1	1.0	0.0
RP11-277B15.3	1	1	1.0	0.0
ZDHHC15	1	1	1.0	0.0
TRBV7-5	1	1	1.0	0.0
INCA1	1	1	1.0	0.0
RBBP4	1	1	1.0	0.0
C12orf43	1	1	1.0	0.0
AGAP1	1	1	1.0	0.0
TUBB1	1	1	1.0	0.0
RP11-488L18.1	1	2	1.0	0.0
LONP2	1	1	1.0	0.0
GPX1	1	1	1.0	0.0
MCCC2	1	2	1.0	0.0
RP11-134P9.1	1	1	1.0	0.0
TAS1R2	2	2	1.0	0.0
TTLL6	1	1	1.0	0.0
RP11-627H22.5	1	1	1.0	0.0
LINC00881	1	1	1.0	0.0
ZBTB32	1	1	1.0	0.0
GOSR1	1	1	1.0	0.0
CTD-2179L22.1	1	1	1.0	0.0
GOSR2	1	1	1.0	0.0
GRK4	1	1	1.0	0.0
PLA2G4F	1	1	1.0	0.0
ATP2A3	1	1	1.0	0.0
ETS1	1	1	1.0	0.0
LINC00883	1	1	1.0	0.0
NTRK3	1	1	1.0	0.0
ZBTB44	1	1	1.0	0.0
UTS2B	1	1	1.0	0.0
OACYLP	1	1	1.0	0.0
HILPDA	1	1	1.0	0.0
RHBDF1	1	1	1.0	0.0
ZBTB46	1	1	1.0	0.0
RP11-217B1.2	1	1	1.0	0.0
C21orf90	1	1	1.0	0.0
MN1	1	1	1.0	0.0
LINC00491	1	1	1.0	0.0
RP11-19D2.2	1	1	1.0	0.0
AC005022.1	1	1	1.0	0.0
HCG18	1	1	1.0	0.0
CTD-2012K14.6	1	1	1.0	0.0
TMEM150A	1	1	1.0	0.0
HCG11	1	1	1.0	0.0
GTPBP2	1	1	1.0	0.0
AC015849.16	1	1	1.0	0.0
AC112693.2	1	1	1.0	0.0
RP11-243A14.1	1	1	1.0	0.0
TPD52	1	1	1.0	0.0
LUZP1	1	1	1.0	0.0
ACTN4P2	1	1	1.0	0.0
DENND4C	1	1	1.0	0.0
AC004899.1	1	1	1.0	0.0
GMDS	1	1	1.0	0.0
KLK2	1	1	1.0	0.0
RP11-4O1.2	1	1	1.0	0.0
NOX4	1	1	1.0	0.0
RP11-359P5.1	1	1	1.0	0.0
SMOC1	1	1	1.0	0.0
SMOC2	1	1	1.0	0.0
EGLN1	1	1	1.0	0.0
EGLN3	1	1	1.0	0.0
OR9M1P	1	1	1.0	0.0
IFT81	1	1	1.0	0.0
CNTN2	1	1	1.0	0.0
PMM2	2	2	1.0	0.0
RP11-14K3.2	1	1	1.0	0.0
PTGER1	1	1	1.0	0.0
OCA2	1	1	1.0	0.0
DENND5B	1	1	1.0	0.0
CASP1	1	2	1.0	0.0
PLRG1	1	1	1.0	0.0
CASP4	1	1	1.0	0.0
NDUFAF3	1	1	1.0	0.0
ACSF3	1	1	1.0	0.0
PODNL1	1	1	1.0	0.0
PTGES2	1	1	1.0	0.0
SLC5A10	1	1	1.0	0.0
SLC13A3	1	1	1.0	0.0
SYT14	1	1	1.0	0.0
RP5-1101C3.1	1	1	1.0	0.0
EBF2	1	1	1.0	0.0
DSG2	1	1	1.0	0.0
P2RX4	1	1	1.0	0.0
ABCB4	1	1	1.0	0.0
DNMBP	1	1	1.0	0.0
CYB561	1	1	1.0	0.0
NR4A1	1	1	1.0	0.0
SYAP1	1	1	1.0	0.0
TTC5	1	2	1.0	0.0
RP11-165F24.3	1	1	1.0	0.0
RP5-1172A22.1	1	1	1.0	0.0
RP11-690D19.3	1	1	1.0	0.0
PNPLA5	1	1	1.0	0.0
RPH3A	1	1	1.0	0.0
DFFA	1	1	1.0	0.0
BEND6	1	1	1.0	0.0
POU2AF1	1	1	1.0	0.0
SND1	1	1	1.0	0.0
LINC00319	1	1	1.0	0.0
RP11-44L9.3	1	1	1.0	0.0
CNDP2	1	1	1.0	0.0
KATNAL2	1	1	1.0	0.0
POLDIP2	1	1	1.0	0.0
LMX1A	1	1	1.0	0.0
RMDN1	1	1	1.0	0.0
ZNF566	1	1	1.0	0.0
IL6	1	1	1.0	0.0
KIAA1551	1	1	1.0	0.0
RP4-635E18.8	1	1	1.0	0.0
LINC00341	1	2	1.0	0.0
C9	1	1	1.0	0.0
RP11-421L10.1	1	1	1.0	0.0
EEF1D	1	1	1.0	0.0
ZSCAN18	1	1	1.0	0.0
OSBPL10	1	1	1.0	0.0
SERPINB8	1	1	1.0	0.0
KIAA1161	1	1	1.0	0.0
ZNF142	1	1	1.0	0.0
HIST1H1C	1	1	1.0	0.0
RP1-78O14.1	2	2	1.0	0.0
KDELR3	1	1	1.0	0.0
KDELR1	1	1	1.0	0.0
IL13RA1	1	1	1.0	0.0
MAP1LC3B	1	1	1.0	0.0
EIF2D	1	1	1.0	0.0
RP11-80F22.4	1	1	1.0	0.0
LY9	1	1	1.0	0.0
TCOF1	1	1	1.0	0.0
LDLR	1	1	1.0	0.0
KCNAB2	1	1	1.0	0.0
SLC20A1	1	1	1.0	0.0
LINC00362	1	1	1.0	0.0
OPRM1	1	1	1.0	0.0
RP11-334C17.5	1	1	1.0	0.0
RP11-384P7.7	1	1	1.0	0.0
ARF4	1	1	1.0	0.0
RP11-686D16.1	1	1	1.0	0.0
SERPINI2	1	1	1.0	0.0
ZNF526	1	1	1.0	0.0
NUGGC	1	1	1.0	0.0
EMILIN3	1	2	1.0	0.0
GOLGA6L4	1	1	1.0	0.0
EMILIN2	1	1	1.0	0.0
SEPT14	1	1	1.0	0.0
ZNF124	1	1	1.0	0.0
RP5-1063M23.2	1	1	1.0	0.0
PABPC3	1	1	1.0	0.0
SPATS2	1	1	1.0	0.0
FAM212A	1	1	1.0	0.0
RP11-573D15.9	1	1	1.0	0.0
ZNF131	1	1	1.0	0.0
KIAA1109	1	1	1.0	0.0
CMIP	1	1	1.0	0.0
RYR3	1	1	1.0	0.0
MED15	1	1	1.0	0.0
PROX1	1	1	1.0	0.0
MECOM	1	1	1.0	0.0
F9	1	2	1.0	0.0
ZNF501	1	1	1.0	0.0
CRTAP	1	1	1.0	0.0
RP11-20B7.1	1	1	1.0	0.0
HSPA8P5	1	2	1.0	0.0
AC004112.7	1	1	1.0	0.0
RREB1	1	1	1.0	0.0
GSTT2B	1	2	1.0	0.0
HSPA8P9	2	2	1.0	0.0
ZNF101	1	1	1.0	0.0
STAG2	1	1	1.0	0.0
LRRC37A2	1	1	1.0	0.0
MED26	1	1	1.0	0.0
SH3YL1	1	1	1.0	0.0
TMEM147	1	1	1.0	0.0
ITSN1	1	1	1.0	0.0
LDHA	1	1	1.0	0.0
LIPH	1	1	1.0	0.0
RP11-69C13.1	1	1	1.0	0.0
RP5-966M1.4	1	1	1.0	0.0
PTPRE	1	1	1.0	0.0
GSTO2	1	1	1.0	0.0
CNN2	1	1	1.0	0.0
SUCNR1	1	1	1.0	0.0
KRT8	1	1	1.0	0.0
ACTG1P9	1	1	1.0	0.0
N4BP1	1	1	1.0	0.0
CRNN	1	1	1.0	0.0
KPNA5	1	1	1.0	0.0
KPNA7	1	1	1.0	0.0
HIPK2	1	1	1.0	0.0
KIAA0100	1	1	1.0	0.0
AC097467.2	1	1	1.0	0.0
SOX13	1	1	1.0	0.0
CTC-349C3.2	1	1	1.0	0.0
FAM27D1	1	1	1.0	0.0
P2RX5-TAX1BP3	1	1	1.0	0.0
TTC39A	1	1	1.0	0.0
CNTNAP1	1	1	1.0	0.0
MTND2P28	2	2	1.0	0.0
AC098617.1	1	1	1.0	0.0
PIGF	1	1	1.0	0.0
ARHGAP6	1	1	1.0	0.0
MTND2P31	1	1	1.0	0.0
RHOT1	1	1	1.0	0.0
HOXB8	1	1	1.0	0.0
RP11-44M6.3	1	1	1.0	0.0
HIST2H3C	1	2	1.0	0.0
AP001057.1	1	1	1.0	0.0
DMP1	1	1	1.0	0.0
RP11-202G11.2	1	1	1.0	0.0
HIST2H3A	1	2	1.0	0.0
TBC1D31	1	1	1.0	0.0
RP11-460N20.7	1	1	1.0	0.0
SCARB1	1	1	1.0	0.0
SLC30A5	1	1	1.0	0.0
RP11-448K10.1	1	1	1.0	0.0
SRC	1	1	1.0	0.0
C8orf37	1	1	1.0	0.0
TFAP4	1	1	1.0	0.0
TSHZ2	1	1	1.0	0.0
ANAPC16	1	1	1.0	0.0
BTNL10	1	1	1.0	0.0
SLITRK5	1	1	1.0	0.0
LAT2	1	1	1.0	0.0
SOCS7	1	1	1.0	0.0
UBIAD1	1	1	1.0	0.0
CA12	1	1	1.0	0.0
VAC14-AS1	1	1	1.0	0.0
SATB1	1	1	1.0	0.0
RAB5CP1	1	1	1.0	0.0
TBC1D16	1	1	1.0	0.0
C5orf20	2	2	1.0	0.0
PI4K2B	1	1	1.0	0.0
GPRIN2	1	1	1.0	0.0
BCAR3	1	1	1.0	0.0
TJP2	1	1	1.0	0.0
SLC50A1	1	1	1.0	0.0
YAF2	1	1	1.0	0.0
ADCY9	1	1	1.0	0.0
BRMS1	1	1	1.0	0.0
POLR3E	1	1	1.0	0.0
SPATA31B1	1	2	1.0	0.0
POLR3F	1	1	1.0	0.0
ELMOD1	1	1	1.0	0.0
AGO2	1	1	1.0	0.0
SQSTM1	1	1	1.0	0.0
U82671.12	2	2	1.0	0.0
CIC	1	1	1.0	0.0
STARD10	1	1	1.0	0.0
SLC19A3	1	1	1.0	0.0
RP11-288H12.4	1	1	1.0	0.0
RP11-423H2.1	1	2	1.0	0.0
PRPF38A	1	1	1.0	0.0
GMPS	1	2	1.0	0.0
ADAM10	1	1	1.0	0.0
TFIP11	1	1	1.0	0.0
RP13-60M5.2	1	1	1.0	0.0
ACTR3	1	1	1.0	0.0
RP11-219B17.1	1	1	1.0	0.0
SLC16A12	1	1	1.0	0.0
TIMM17A	1	1	1.0	0.0
ZNRD1-AS1	1	1	1.0	0.0
HIP1R	1	1	1.0	0.0
ADAR	1	1	1.0	0.0
AC005307.3	1	1	1.0	0.0
YY1AP1	1	1	1.0	0.0
RP11-84E24.3	1	1	1.0	0.0
RP11-324I22.4	1	1	1.0	0.0
ECM2	1	1	1.0	0.0
SMAD1	1	1	1.0	0.0
CPSF1P1	1	1	1.0	0.0
SMAD5	1	1	1.0	0.0
MTND5P10	3	3	1.0	0.0
TRPC2	1	1	1.0	0.0
NUP54	1	1	1.0	0.0
RP11-484O2.1	1	1	1.0	0.0
KIAA0930	1	1	1.0	0.0
NUP50	1	1	1.0	0.0
SERINC1	1	1	1.0	0.0
SCAND2P	1	1	1.0	0.0
CTC-455F18.3	1	1	1.0	0.0
GAD2	1	1	1.0	0.0
ADRBK1	1	1	1.0	0.0
RBM26-AS1	1	1	1.0	0.0
HOXA13	1	1	1.0	0.0
NUPL1P1	1	1	1.0	0.0
KIAA0947	1	1	1.0	0.0
ADD2	1	1	1.0	0.0
HS3ST3B1	1	1	1.0	0.0
NANOGP5	1	1	1.0	0.0
CGN	1	1	1.0	0.0
PRELP	1	1	1.0	0.0
GSTT2	1	2	1.0	0.0
S100A1	1	1	1.0	0.0
PRRT1	1	1	1.0	0.0
BDNF	1	1	1.0	0.0
AQP2	1	1	1.0	0.0
TAF7L	1	1	1.0	0.0
KLRAP1	1	1	1.0	0.0
CDX1	1	1	1.0	0.0
ADCY1	1	1	1.0	0.0
ADCY3	1	1	1.0	0.0
KATNBL1	1	1	1.0	0.0
RP11-1096D5.1	1	1	1.0	0.0
DBP	1	1	1.0	0.0
FZD10	1	1	1.0	0.0
MAN1C1	1	1	1.0	0.0
RP11-1094H24.4	1	1	1.0	0.0
C15orf27	1	1	1.0	0.0
XXbac-BPG299F13.17	1	1	1.0	0.0
BZRAP1	1	1	1.0	0.0
XXbac-BPG154L12.4	1	1	1.0	0.0
CCP110	1	1	1.0	0.0
SLC12A1	1	1	1.0	0.0
RP11-124K4.1	1	1	1.0	0.0
RP11-572M11.3	1	2	1.0	0.0
CDH4	1	1	1.0	0.0
MKRNP2	1	1	1.0	0.0
MFSD11	1	1	1.0	0.0
PPM1L	1	1	1.0	0.0
RCN1P1	1	1	1.0	0.0
RP11-435D7.3	1	1	1.0	0.0
LA16c-2F2.8	2	2	1.0	0.0
PADI1	1	1	1.0	0.0
HMGA2	1	1	1.0	0.0
TOPORS	1	1	1.0	0.0
PADI4	1	1	1.0	0.0
CDK8	1	1	1.0	0.0
ESR1	1	1	1.0	0.0
METTL4	1	1	1.0	0.0
RP11-667K14.5	1	1	1.0	0.0
TRPM4	1	1	1.0	0.0
NFX1	1	2	1.0	0.0
CSF2RB	1	2	1.0	0.0
TSIX	1	1	1.0	0.0
RP11-27N21.3	1	1	1.0	0.0
RP11-38O23.4	1	1	1.0	0.0
ACOX3	1	1	1.0	0.0
ZKSCAN5	1	1	1.0	0.0
MFSD2B	1	1	1.0	0.0
PEX6	1	1	1.0	0.0
MIR3916	1	1	1.0	0.0
AC016251.1	1	1	1.0	0.0
TMEM220	1	1	1.0	0.0
PABPC1L	1	1	1.0	0.0
RHBDL1	1	1	1.0	0.0
CRBN	1	1	1.0	0.0
DOCK5	1	1	1.0	0.0
SMG1	1	1	1.0	0.0
TAF8	1	1	1.0	0.0
VSTM4	1	1	1.0	0.0
B4GALT1	1	1	1.0	0.0
ANGPTL4	1	1	1.0	0.0
ANGPTL5	1	1	1.0	0.0
TRAF5	1	1	1.0	0.0
LIPT2	1	1	1.0	0.0
RPL4	1	1	1.0	0.0
OTOP2	1	1	1.0	0.0
RP4-656G21.1	1	1	1.0	0.0
C15orf61	1	1	1.0	0.0
DSCR8	1	1	1.0	0.0
DEFB125	1	1	1.0	0.0
BPIFB2	1	1	1.0	0.0
ACHE	1	1	1.0	0.0
RP4-565E6.1	1	1	1.0	0.0
COPG2	1	1	1.0	0.0
NCAM1	1	1	1.0	0.0
HES7	1	1	1.0	0.0
REV3L-IT1	1	1	1.0	0.0
RP11-382J12.1	1	1	1.0	0.0
TWF1	1	1	1.0	0.0
DAO	1	1	1.0	0.0
SMIM9	1	1	1.0	0.0
CTB-131K11.1	1	1	1.0	0.0
HAS2-AS1	1	1	1.0	0.0
CAPZA2	1	1	1.0	0.0
XPO5	1	1	1.0	0.0
CTC-347C20.2	1	1	1.0	0.0
RP11-480I12.7	1	1	1.0	0.0
HSPA4L	1	1	1.0	0.0
MCFD2	1	1	1.0	0.0
SELT	1	1	1.0	0.0
GPR78	1	1	1.0	0.0
CTD-2553L13.4	1	1	1.0	0.0
RP13-379O24.2	1	1	1.0	0.0
RP11-857B24.2	1	1	1.0	0.0
KB-1208A12.3	1	1	1.0	0.0
SLC4A7	1	1	1.0	0.0
RQCD1	1	1	1.0	0.0
PER2	1	1	1.0	0.0
WIPF2	1	1	1.0	0.0
COL6A3	1	1	1.0	0.0
RP11-54O7.11	1	1	1.0	0.0
FFAR4	1	1	1.0	0.0
RP11-467K18.2	1	1	1.0	0.0
CLOCK	1	1	1.0	0.0
OTOA	1	1	1.0	0.0
XPR1	1	1	1.0	0.0
AC008074.4	1	1	1.0	0.0
RP11-466F5.8	1	1	1.0	0.0
ERLIN1	1	1	1.0	0.0
EXOSC7	1	1	1.0	0.0
AC096664.1	1	1	1.0	0.0
ARHGEF1	1	1	1.0	0.0
SRPK3	1	1	1.0	0.0
FBXL18	1	1	1.0	0.0
RP11-174G6.5	1	1	1.0	0.0
OR2A3P	1	1	1.0	0.0
GUCY1A2	1	1	1.0	0.0
RP1-232P20.1	1	1	1.0	0.0
COPB1	1	1	1.0	0.0
RP11-1029J19.2	1	1	1.0	0.0
BOD1L1	1	2	1.0	0.0
NFYAP1	1	1	1.0	0.0
LIMA1	1	1	1.0	0.0
RP11-327J17.2	1	1	1.0	0.0
RP11-333A23.4	1	1	1.0	0.0
CTD-2373H9.5	1	1	1.0	0.0
KIAA1279	1	1	1.0	0.0
BCORP1	1	1	1.0	0.0
DVL1	1	1	1.0	0.0
ACPP	1	1	1.0	0.0
UBA6-AS1	1	1	1.0	0.0
RP11-107P7.4	1	1	1.0	0.0
MKI67	1	1	1.0	0.0
RP3-467K16.4	1	1	1.0	0.0
PTGR2	1	1	1.0	0.0
UNC45A	1	1	1.0	0.0
PRPF40A	1	1	1.0	0.0
RPTN	1	1	1.0	0.0
DNM1P47	1	1	1.0	0.0
HSPA1L	1	1	1.0	0.0
ATP6V0B	1	1	1.0	0.0
VENTX	1	1	1.0	0.0
MYEF2	1	1	1.0	0.0
CTC-241F20.3	1	1	1.0	0.0
ACADSB	2	2	1.0	0.0
CTB-176F20.3	1	1	1.0	0.0
CTDSPL2	1	1	1.0	0.0
TMEM132E	1	1	1.0	0.0
CDHR2	1	1	1.0	0.0
CDHR1	1	1	1.0	0.0
YARS	1	1	1.0	0.0
SYK	1	1	1.0	0.0
GNG2	1	1	1.0	0.0
AIF1L	1	1	1.0	0.0
FLI1	1	1	1.0	0.0
SYP	1	1	1.0	0.0
TESPA1	1	1	1.0	0.0
ACBD6	1	1	1.0	0.0
HSD17B7P2	1	1	1.0	0.0
AF196972.3	1	1	1.0	0.0
RP11-793L10.1	1	1	1.0	0.0
LTBP4	1	1	1.0	0.0
SLC9A9	1	1	1.0	0.0
ARAP3	1	1	1.0	0.0
RSRC1	1	1	1.0	0.0
RP11-184D12.1	1	1	1.0	0.0
WSB1	1	1	1.0	0.0
OR10H2	1	1	1.0	0.0
CTB-73N10.1	1	1	1.0	0.0
TXNIP	1	1	1.0	0.0
MAGEA10	1	1	1.0	0.0
CAMK2B	1	1	1.0	0.0
POU2F1	1	1	1.0	0.0
MZT1	1	1	1.0	0.0
ZNF804B	1	1	1.0	0.0
LINC00641	1	1	1.0	0.0
FRK	1	1	1.0	0.0
MDM4	1	1	1.0	0.0
ARHGAP26	1	1	1.0	0.0
UBN2	1	1	1.0	0.0
RP11-146F11.1	1	1	1.0	0.0
NPPA-AS1	1	1	1.0	0.0
AC007308.6	1	1	1.0	0.0
ACOT13	1	1	1.0	0.0
AC139100.3	1	1	1.0	0.0
ACOT11	1	1	1.0	0.0
C6orf99	1	1	1.0	0.0
ITIH1	1	1	1.0	0.0
TP53I3	1	1	1.0	0.0
RP11-571F15.3	1	1	1.0	0.0
CDK18	1	1	1.0	0.0
RP11-178F10.1	1	1	1.0	0.0
RP11-351J23.2	1	1	1.0	0.0
FLG	1	1	1.0	0.0
KCTD8	1	1	1.0	0.0
KAT5	1	1	1.0	0.0
AK2	1	1	1.0	0.0
BMX	1	1	1.0	0.0
AK1	1	1	1.0	0.0
LINC00618	1	1	1.0	0.0
SPTBN5	1	1	1.0	0.0
TBC1D10B	1	1	1.0	0.0
GABRA2	1	1	1.0	0.0
RP13-578N3.3	1	1	1.0	0.0
CSF1R	1	1	1.0	0.0
AC007099.1	1	1	1.0	0.0
DAZAP1	1	1	1.0	0.0
HEXDC	1	1	1.0	0.0
RP5-1052I5.1	1	2	1.0	0.0
RP5-1052I5.2	1	2	1.0	0.0
ZNF841	1	1	1.0	0.0
LINC00608	1	1	1.0	0.0
MAP7D1	1	1	1.0	0.0
RAD18	1	1	1.0	0.0
PYGO2	1	1	1.0	0.0
SLC25A36	1	1	1.0	0.0
FOXN3	1	1	1.0	0.0
MYBPHL	1	1	1.0	0.0
FOXN2	1	1	1.0	0.0
OLIG2	1	1	1.0	0.0
MCOLN1	1	1	1.0	0.0
SLC25A24	1	1	1.0	0.0
DMXL2	1	1	1.0	0.0
SLC16A1	1	1	1.0	0.0
CT64	1	1	1.0	0.0
CEP78	1	1	1.0	0.0
FTCDNL1	1	1	1.0	0.0
AC011525.2	1	1	1.0	0.0
ATP8A2P1	1	1	1.0	0.0
YJEFN3	1	1	1.0	0.0
COG8	1	1	1.0	0.0
GBA2	1	1	1.0	0.0
SLC16A3	1	1	1.0	0.0
SNAI2	1	1	1.0	0.0
MSRB1	1	1	1.0	0.0
OR5AW1P	1	1	1.0	0.0
AGA	1	1	1.0	0.0
WASH4P	1	1	1.0	0.0
HSF2BP	1	1	1.0	0.0
OR2G6	1	1	1.0	0.0
RP11-244H18.3	2	2	1.0	0.0
NCAPH	1	1	1.0	0.0
XXbac-B461K10.4	1	2	1.0	0.0
HSH2D	1	1	1.0	0.0
RP4-798P15.3	1	1	1.0	0.0
WARS2-IT1	2	2	1.0	0.0
BID	1	1	1.0	0.0
MON1A	1	1	1.0	0.0
RP3-402G11.27	1	1	1.0	0.0
MAP3K13	1	1	1.0	0.0
CD163	1	1	1.0	0.0
STX1B	1	1	1.0	0.0
RAD52	1	1	1.0	0.0
RP11-613F22.8	1	1	1.0	0.0
PCDHB3	1	1	1.0	0.0
RP11-503C24.4	1	1	1.0	0.0
RP4-665J23.4	1	1	1.0	0.0
LRRC37B	1	1	1.0	0.0
JAKMIP2	1	1	1.0	0.0
TUBB4BP5	1	1	1.0	0.0
CTC-436P18.3	1	1	1.0	0.0
SENP6	1	1	1.0	0.0
GJA5	1	1	1.0	0.0
AC110926.4	1	1	1.0	0.0
HSBP1	1	1	1.0	0.0
RP11-12D24.7	1	1	1.0	0.0
AP005019.4	1	1	1.0	0.0
CPEB3	1	1	1.0	0.0
AHDC1	1	1	1.0	0.0
ZFHX3	1	1	1.0	0.0
RBM22P2	1	1	1.0	0.0
CHAF1A	1	1	1.0	0.0
C4orf32	1	1	1.0	0.0
C11orf58	1	1	1.0	0.0
DESI1	1	1	1.0	0.0
ATP6V0E2	1	1	1.0	0.0
CD55	1	1	1.0	0.0
RP11-379P15.1	1	2	1.0	0.0
ALMS1	1	1	1.0	0.0
AC104651.2	1	1	1.0	0.0
PRR25	1	1	1.0	0.0
GPR158	1	1	1.0	0.0
TSEN54	1	1	1.0	0.0
PLAT	1	1	1.0	0.0
FBXO7	1	1	1.0	0.0
SEMA5A	1	1	1.0	0.0
TK1	1	1	1.0	0.0
RP11-14I17.3	1	1	1.0	0.0
KAZN	1	1	1.0	0.0
TMX2	1	1	1.0	0.0
PIAS1	1	1	1.0	0.0
RNA5SP135	1	1	1.0	0.0
CD37	1	1	1.0	0.0
ZFP82	1	1	1.0	0.0
WASH5P	1	1	1.0	0.0
UBR1	1	1	1.0	0.0
RP11-351I21.11	1	2	1.0	0.0
C5AR2	1	1	1.0	0.0
EIF4HP2	1	1	1.0	0.0
PLD3	1	1	1.0	0.0
RP11-644F5.10	1	1	1.0	0.0
IZUMO1	1	1	1.0	0.0
GRID2	1	1	1.0	0.0
CREB3L2	1	1	1.0	0.0
SEMA7A	1	1	1.0	0.0
DNAJB14	1	1	1.0	0.0
STAT5A	1	2	1.0	0.0
PRR12	1	1	1.0	0.0
FAM110C	1	1	1.0	0.0
AL138847.1	1	1	1.0	0.0
UBE2Q1	1	1	1.0	0.0
NFRKB	1	1	1.0	0.0
COBLL1	1	1	1.0	0.0
EHD2	1	1	1.0	0.0
RP11-749H20.3	1	1	1.0	0.0
AMZ2P1	1	1	1.0	0.0
FIGN	1	1	1.0	0.0
TMED5	1	1	1.0	0.0
PTP4A2P2	1	1	1.0	0.0
ARID2	1	1	1.0	0.0
CNTNAP3B	1	3	1.0	0.0
HS3ST5	1	1	1.0	0.0
RP11-393I2.4	1	1	1.0	0.0
MAPRE3	1	1	1.0	0.0
JMJD1C	1	1	1.0	0.0
RP11-393I2.2	1	1	1.0	0.0
ERN1	1	1	1.0	0.0
CAPN14	1	1	1.0	0.0
TBCD	1	1	1.0	0.0
TTC28-AS1	1	1	1.0	0.0
HOXC11	1	1	1.0	0.0
SDC1	1	1	1.0	0.0
NRDE2	1	1	1.0	0.0
SIGLEC15	1	1	1.0	0.0
NEXN	1	1	1.0	0.0
TIMM23	1	1	1.0	0.0
DDA1	1	1	1.0	0.0
ALS2CR12	1	1	1.0	0.0
FSIP2	1	1	1.0	0.0
PRMT8	1	1	1.0	0.0
RP11-909N17.3	1	1	1.0	0.0
SDC3	1	1	1.0	0.0
PTMA	1	1	1.0	0.0
RP11-410N8.3	1	1	1.0	0.0
OGDHL	1	1	1.0	0.0
AC092619.1	1	1	1.0	0.0
PDZD2	1	1	1.0	0.0
ZNF318	1	1	1.0	0.0
ST8SIA6	1	1	1.0	0.0
HDAC2	1	1	1.0	0.0
APEH	1	1	1.0	0.0
TRAF3IP1	1	1	1.0	0.0
RP11-206L10.9	1	1	1.0	0.0
SHPRH	1	1	1.0	0.0
UNKL	1	1	1.0	0.0
IL12RB1	1	1	1.0	0.0
SYCP2	1	1	1.0	0.0
ST8SIA2	1	1	1.0	0.0
LRBA	1	1	1.0	0.0
RPL21P132	1	1	1.0	0.0
MAMDC2	1	1	1.0	0.0
CRHR1-IT1	1	1	1.0	0.0
SSC5D	1	1	1.0	0.0
SMARCA2	1	1	1.0	0.0
TIMELESS	1	1	1.0	0.0
NRD1	1	1	1.0	0.0
CTD-3184A7.4	1	1	1.0	0.0
HHIPL1	1	1	1.0	0.0
SAMD4A	1	1	1.0	0.0
CDKN2C	1	1	1.0	0.0
GLYATL1	1	1	1.0	0.0
RP11-707M3.3	1	1	1.0	0.0
RP11-738B7.1	1	1	1.0	0.0
GRIK3	1	1	1.0	0.0
ENAH	1	1	1.0	0.0
LRP8	1	1	1.0	0.0
USP46	1	1	1.0	0.0
SECISBP2L	1	1	1.0	0.0
ZNF761	1	1	1.0	0.0
GANC	1	1	1.0	0.0
TIFAB	2	2	1.0	0.0
LRRC47	1	1	1.0	0.0
FSCB	1	1	1.0	0.0
CWC27	1	1	1.0	0.0
MLTK	1	1	1.0	0.0
FEN1	1	1	1.0	0.0
ABCA13	1	1	1.0	0.0
KNDC1	1	1	1.0	0.0
ARMCX4	1	1	1.0	0.0
DHX15	1	1	1.0	0.0
SF3B1	1	1	1.0	0.0
IGSF10	1	1	1.0	0.0
TRIM13	1	1	1.0	0.0
LRRC36	1	1	1.0	0.0
MKNK2	1	1	1.0	0.0
RP11-473E2.2	1	1	1.0	0.0
CTA-211A9.5	1	1	1.0	0.0
PARVA	1	1	1.0	0.0
THOC3	1	2	1.0	0.0
LRMP	1	1	1.0	0.0
RP11-125B21.2	1	1	1.0	0.0
ARHGEF12	1	1	1.0	0.0
ARHGEF17	1	1	1.0	0.0
SDK1	1	1	1.0	0.0
AMY2B	1	1	1.0	0.0
LRRC15	1	1	1.0	0.0
SPANXN1	1	1	1.0	0.0
SIMC1	1	1	1.0	0.0
RP11-69L16.6	1	1	1.0	0.0
EZH1	1	1	1.0	0.0
NUAK1	1	1	1.0	0.0
TSGA10	1	1	1.0	0.0
DUSP27	1	1	1.0	0.0
SULT6B1	1	1	1.0	0.0
BRI3BP	1	1	1.0	0.0
TMEM120A	1	1	1.0	0.0
TECTA	1	1	1.0	0.0
RP11-452L6.7	1	1	1.0	0.0
RP13-631K18.2	1	1	1.0	0.0
IMPG1	1	1	1.0	0.0
SRP72P2	1	1	1.0	0.0
RCC1	1	1	1.0	0.0
CACNB3	1	1	1.0	0.0
NFKBIB	1	1	1.0	0.0
ZNF382	1	1	1.0	0.0
SCYL2	1	1	1.0	0.0
PTRF	1	1	1.0	0.0
RPS20P15	1	1	1.0	0.0
EIF2AK1	1	1	1.0	0.0
RP11-354M1.2	1	1	1.0	0.0
RP11-274B21.3	1	1	1.0	0.0
BSN	1	1	1.0	0.0
LRRC2	1	1	1.0	0.0
RP11-1217F2.15	1	1	1.0	0.0
GATM	1	1	1.0	0.0
RP11-100L22.2	1	1	1.0	0.0
ACAA2	1	1	1.0	0.0
HIGD1A	1	1	1.0	0.0
DHX30	1	1	1.0	0.0
PDHA1	1	2	1.0	0.0
ZNF772	1	1	1.0	0.0
FOXF1	1	1	1.0	0.0
PIP5KL1	1	1	1.0	0.0
ZNF778	1	1	1.0	0.0
RP11-347P5.1	1	1	1.0	0.0
AC007285.6	1	1	1.0	0.0
NAV1	1	1	0.9999999999999999	0.0
RNF213	1	1	0.9999999999999999	0.0
SEC31B	1	1	0.9999999999999999	0.0
C1orf159	1	1	0.9999999999999999	0.0
LINC00925	1	1	0.9999999999999999	0.0
SPG11	1	1	0.9999999999999999	0.0
GALNT10	1	1	0.9999999999999999	0.0
TNRC6B	1	1	0.9999999999999999	0.0
UBAP2L	1	1	0.9999999999999999	0.0
AMBRA1	1	1	0.9999999999999999	0.0
KLF7	1	1	0.9999999999999999	0.0
IL17RE	1	1	0.9999999999999999	0.0
ZNF532	1	1	0.9999999999999999	0.0
FAM211B	1	1	0.9999999999999999	0.0
SCARF1	1	1	0.9999999999999999	0.0
KHDRBS3	1	1	0.9999999999999999	0.0
PNLDC1	1	1	0.9999999999999999	0.0
ABTB1	1	1	0.9999999999999999	0.0
NCOA4	1	1	0.9999999999999999	0.0
TRAF7	1	1	0.9999999999999999	0.0
DOCK2	1	1	0.9999999999999999	0.0
RFX2	1	1	0.9999999999999999	0.0
FN1	1	1	0.9999999999999999	0.0
WNK1	1	1	0.9999999999999999	0.0
INO80B	1	1	0.9999999999999999	0.0
SNTG1	1	1	0.9999999999999999	0.0
PKD1	1	1	0.9999999999999999	0.0
CDC42BPA	1	1	0.9999999999999999	0.0
RORA	1	1	0.9999999999999999	0.0
SUGP1	1	1	0.9999999999999998	0.0
NDUFA6-AS1	1	1	0.9999999999999998	0.0
ZNF177	1	1	0.9999999999999998	0.0
C7orf43	1	1	0.9999999999999998	0.0
FCGRT	1	1	0.9999999999999998	0.0
SLC12A8	1	1	0.9999999999999998	0.0
ZFP1	1	1	0.9999999999999998	0.0
SLC25A35	1	1	0.9999999999999998	0.0
HIF1A	1	1	0.9999999999999998	0.0
PCBP4	1	1	0.9999999999999997	0.0
CREM	1	1	0.9999999999999996	0.0
RP11-564C4.6	2	2	0.9	0.0
BEND3	2	2	0.9	0.0
LINC01088	2	2	0.9	0.0
MORF4L1	1	1	0.875	0.0
SRPK1	1	1	0.875	0.0
TYW5	3	3	0.8666666666666667	0.0
CCDC157	3	3	0.8666666666666667	0.0
SRCIN1	1	3	0.8571428571428571	0.0
DDT	1	1	0.857142857142857	0.0
CDC27	1	1	0.8333333333333333	0.0
STK24	1	1	0.8333333333333333	0.0
NCF1	2	2	0.8333333333333333	0.0
ABCC9	3	4	0.8	0.0
AFF2	1	1	0.8	0.0
GLRB	1	1	0.8	0.0
APOO	1	1	0.8	0.0
HMGN1	1	1	0.7999999999999999	0.0
MTRF1L	1	1	0.7999999999999999	0.0
APC2	1	6	0.7826086956521738	0.0
TPM4	1	1	0.75	0.0
PPP1CB	1	1	0.75	0.0
RBM26	1	1	0.75	0.0
CD209	1	1	0.75	0.0
GGCX	1	1	0.75	0.0
SSH1	1	1	0.75	0.0
AC023490.1	1	2	0.75	0.0
LPAR6	1	1	0.75	0.0
SLIT1	1	1	0.75	0.0
HMGA1	1	1	0.75	0.0
NSMCE4A	1	1	0.75	0.0
IL6ST	1	1	0.75	0.0
COX17	1	1	0.7142857142857142	0.0
MYO1D	1	1	0.7142857142857142	0.0
RP11-266E8.2	1	7	0.7	0.0
WNT4	2	2	0.7	0.0
RP11-400N13.2	1	1	0.6666666666666666	0.0
RABL6	1	1	0.6666666666666666	0.0
WDR3	1	2	0.6666666666666666	0.0
ANO6	1	2	0.6666666666666666	0.0
FAM208A	1	1	0.6666666666666666	0.0
DGKZ	2	2	0.6666666666666666	0.0
TTC17	1	1	0.6666666666666666	0.0
HIST2H2AC	1	2	0.6666666666666666	0.0
CCDC93	1	1	0.6666666666666666	0.0
C3orf62	1	1	0.6666666666666666	0.0
RP11-446E24.4	1	1	0.6666666666666666	0.0
TNFAIP8L1	1	1	0.6666666666666666	0.0
MX1	1	1	0.6666666666666666	0.0
EIF5B	1	1	0.6666666666666666	0.0
BHLHE40-AS1	1	1	0.6666666666666666	0.0
LINC00886	1	2	0.6666666666666666	0.0
CSNK1G2-AS1	1	2	0.6666666666666666	0.0
KIF1B	1	1	0.6666666666666666	0.0
SLC43A2	1	1	0.6666666666666666	0.0
RP11-448A19.1	1	2	0.6666666666666666	0.0
KIAA1919	2	2	0.6666666666666666	0.0
RP11-2E17.2	1	2	0.6666666666666666	0.0
AKT2	1	1	0.6666666666666666	0.0
NCF1B	2	2	0.6666666666666666	0.0
GUSBP11	1	2	0.6666666666666666	0.0
RPL37	1	1	0.6666666666666666	0.0
RP11-505K9.4	1	1	0.6666666666666666	0.0
RP11-548K12.2	1	2	0.6666666666666666	0.0
HIST2H2AA4	1	2	0.6666666666666666	0.0
HIST2H2AA3	1	2	0.6666666666666666	0.0
POU2F2	1	1	0.6666666666666666	0.0
TUBGCP3	1	1	0.6666666666666666	0.0
MSRB3	1	1	0.6666666666666666	0.0
MTRNR2L11	2	2	0.6666666666666666	0.0
RP11-750B16.1	1	2	0.6666666666666666	0.0
RP11-383J24.2	1	2	0.6666666666666666	0.0
LRRC37A4P	1	1	0.6666666666666666	0.0
RNF138	1	1	0.6666666666666666	0.0
ZNFX1	1	1	0.6666666666666666	0.0
ORAI3	1	1	0.6666666666666666	0.0
ZNF733P	2	2	0.65	0.0
AGBL2	1	1	0.625	0.0
FAM219B	1	1	0.625	0.0
LAMB1	1	1	0.6000000000000001	0.0
ABCA9	1	1	0.6000000000000001	0.0
COL6A5	1	1	0.6000000000000001	0.0
FBXO44	1	2	0.6000000000000001	0.0
MTRNR2L6	3	3	0.5833333333333333	0.0
TOR1AIP1	1	1	0.5714285714285714	0.0
CCDC180	1	1	0.5555555555555556	0.0
TRMT10B	1	1	0.5555555555555556	0.0
RP11-380P13.2	4	4	0.5238095238095238	0.0
GGT2	3	4	0.5026570048309179	0.0
ARL17B	1	1	0.5	0.0
RP11-326C3.7	1	1	0.5	0.0
AMZ2	1	1	0.5	0.0
CELF1	1	1	0.5	0.0
TPT1	1	1	0.5	0.0
PMPCA	1	1	0.5	0.0
RP5-905H7.5	1	1	0.5	0.0
HHIP	1	1	0.5	0.0
SREK1	1	1	0.5	0.0
RP11-474J18.1	1	2	0.5	0.0
KCNMB1	1	2	0.5	0.0
BAK1	1	1	0.5	0.0
RNU6-874P	1	1	0.5	0.0
FAM105B	1	1	0.5	0.0
FDX1P1	1	1	0.5	0.0
RP3-477M7.5	1	2	0.5	0.0
AC009234.1	1	1	0.5	0.0
ZNF208	1	2	0.5	0.0
PDE7B	1	1	0.5	0.0
RP11-100K18.1	1	1	0.5	0.0
OAZ2	1	1	0.5	0.0
CTD-2218K11.2	1	1	0.5	0.0
RP11-379K22.2	1	1	0.5	0.0
MARCH8	1	1	0.5	0.0
ACTG1P11	1	1	0.5	0.0
SOS1	1	1	0.5	0.0
NUMA1	1	2	0.5	0.0
CAND1	1	1	0.5	0.0
DHTKD1	1	1	0.5	0.0
MTATP6P7	1	1	0.5	0.0
MTATP6P4	1	1	0.5	0.0
TTC22	1	2	0.5	0.0
RP11-464D20.6	1	1	0.5	0.0
RP5-859M6.1	1	1	0.5	0.0
ERGIC3	1	1	0.5	0.0
C1orf64	1	1	0.5	0.0
LINC00263	1	1	0.5	0.0
XRCC3	1	1	0.5	0.0
HGSNAT	1	1	0.5	0.0
RP11-294O2.2	1	1	0.5	0.0
UBE4B	1	1	0.5	0.0
CTD-2313D3.1	1	1	0.5	0.0
HECA	1	1	0.5	0.0
CACTIN-AS1	1	1	0.5	0.0
LINC00410	2	3	0.5	0.0
RP11-448N11.1	1	1	0.5	0.0
FAM138D	1	1	0.5	0.0
AP005901.1	1	1	0.5	0.0
MAPT-AS1	1	1	0.5	0.0
LA16c-313D11.12	1	2	0.5	0.0
AFAP1	1	1	0.5	0.0
RAB11FIP4	1	1	0.5	0.0
LRRC37BP1	1	1	0.5	0.0
RAB6A	1	1	0.5	0.0
ARSD	1	1	0.5	0.0
ALG14	1	1	0.5	0.0
RP11-39K24.4	1	1	0.5	0.0
BTN3A2	1	1	0.5	0.0
RP11-267M23.3	1	1	0.5	0.0
RP4-601P9.2	1	1	0.5	0.0
PROSER2-AS1	1	1	0.5	0.0
AC005522.7	1	1	0.5	0.0
RP11-114H20.1	1	1	0.5	0.0
AC007078.4	1	1	0.5	0.0
HAUS1	1	1	0.5	0.0
RP11-45F15.2	1	1	0.5	0.0
HIST1H4J	1	1	0.5	0.0
TTYH1	1	1	0.5	0.0
HIST1H4K	1	1	0.5	0.0
ETFB	1	1	0.5	0.0
PAICSP5	1	1	0.5	0.0
PAICSP6	1	1	0.5	0.0
TTF2	1	1	0.5	0.0
RP1-239B22.5	1	1	0.5	0.0
RP3-508I15.9	1	1	0.5	0.0
FGF5	1	1	0.5	0.0
MOBP	1	1	0.5	0.0
TNRC18	1	1	0.5	0.0
RP11-63H19.2	1	1	0.5	0.0
RNU6-476P	1	1	0.5	0.0
MUC16	1	1	0.5	0.0
RP11-7F17.1	1	1	0.5	0.0
ACTG1P2	1	1	0.5	0.0
RP11-798G7.5	1	1	0.5	0.0
MOAP1	1	1	0.5	0.0
PIGX	1	1	0.5	0.0
WRAP73	1	1	0.5	0.0
CTC-431G16.2	1	1	0.5	0.0
RP11-21M24.3	1	1	0.5	0.0
PKD2L2	1	1	0.5	0.0
GLT8D1	1	1	0.5	0.0
AGXT	1	1	0.5	0.0
C8orf17	1	1	0.5	0.0
FAM99A	1	1	0.5	0.0
FAM127B	1	1	0.5	0.0
NCF1C	2	2	0.5	0.0
RP11-73B2.5	1	1	0.5	0.0
PIGCP1	1	2	0.5	0.0
FAM57B	1	1	0.5	0.0
AP006285.1	1	1	0.5	0.0
ARSDP1	1	1	0.5	0.0
MTND5P12	2	2	0.5	0.0
RGPD1	1	1	0.5	0.0
RGPD2	1	1	0.5	0.0
SRSF12	1	1	0.5	0.0
GSDMB	1	1	0.5	0.0
DEPDC4	1	1	0.5	0.0
PIM2	1	1	0.5	0.0
TAB3	1	1	0.5	0.0
NAALADL2	1	1	0.5	0.0
RP11-363G10.2	1	1	0.5	0.0
ODF3B	1	1	0.5	0.0
ARID3B	1	1	0.5	0.0
CTB-36O1.3	1	1	0.5	0.0
RP5-1000K24.2	1	1	0.5	0.0
TECR	1	1	0.5	0.0
FMO9P	1	1	0.5	0.0
GOLT1B	1	1	0.5	0.0
KLHL6-AS1	1	1	0.5	0.0
RP11-342A23.1	1	2	0.5	0.0
RP11-315A17.1	1	1	0.5	0.0
RN7SL398P	1	1	0.5	0.0
GPR63	1	1	0.5	0.0
AP3S1	1	1	0.5	0.0
TRPV1	1	1	0.5	0.0
ZNF585B	1	1	0.5	0.0
CTD-2507G9.1	1	1	0.5	0.0
GOLGA6A	1	1	0.5	0.0
TRAPPC9	1	1	0.5	0.0
RCOR3	1	1	0.5	0.0
RP11-933H2.4	1	1	0.5	0.0
GOLGA8I	1	1	0.5	0.0
FHIT	1	1	0.5	0.0
OR10H3	1	1	0.5	0.0
OR10H4	1	1	0.5	0.0
KRTAP9-8	1	1	0.5	0.0
KRTAP9-2	1	1	0.5	0.0
AC002128.4	1	1	0.5	0.0
TYMP	1	1	0.5	0.0
LINC00092	1	2	0.5	0.0
CAMK1D	1	1	0.5	0.0
NADSYN1	1	2	0.5	0.0
Z73979.1	1	1	0.5	0.0
RP11-7K24.3	1	1	0.5	0.0
REXO1L10P	2	2	0.5	0.0
RNFT2	1	1	0.5	0.0
AC006547.13	1	1	0.5	0.0
AC005086.1	1	1	0.5	0.0
SFT2D2	1	2	0.5	0.0
PCDH11Y	1	1	0.5	0.0
COX15	1	2	0.5	0.0
SAA1	1	1	0.5	0.0
SAA2	1	1	0.5	0.0
CD151	1	1	0.5	0.0
CASC10	1	1	0.5	0.0
FDX1	1	1	0.5	0.0
RP11-34P13.13	1	1	0.5	0.0
MDH1	1	1	0.5	0.0
CCR4	1	1	0.5	0.0
CCR6	1	1	0.5	0.0
APOD	1	1	0.5	0.0
DDX18	1	1	0.5	0.0
THOP1	1	1	0.5	0.0
AF127936.3	1	1	0.5	0.0
HIF3A	1	1	0.5	0.0
TMC5	1	1	0.5	0.0
HSFX1	1	1	0.5	0.0
HSFX2	1	1	0.5	0.0
SEC16A	1	1	0.5	0.0
UBAP2	1	1	0.5	0.0
RP11-206L10.3	1	1	0.5	0.0
RP11-475J5.5	1	2	0.5	0.0
ZNF304	1	1	0.5	0.0
GRIK2	1	2	0.5	0.0
PART1	1	1	0.5	0.0
DDI2	1	1	0.5	0.0
AC055811.5	1	1	0.5	0.0
AC105339.1	1	1	0.5	0.0
RP1-102H19.8	1	1	0.5	0.0
GATSL1	1	1	0.5	0.0
GATSL2	1	1	0.5	0.0
DOC2A	1	1	0.5	0.0
PCBD2	1	1	0.5	0.0
IGHVII-20-1	1	1	0.5	0.0
SLC25A23	1	1	0.49999999999999994	0.0
SLC25A25	1	1	0.49999999999999994	0.0
CASC15	1	2	0.47058823529411764	0.0
RP11-23J9.4	1	1	0.4444444444444444	0.0
MIR205HG	1	1	0.42857142857142855	0.0
RFC2	1	1	0.42857142857142855	0.0
C5orf56	1	3	0.42857142857142855	0.0
ST3GAL2	1	1	0.4	0.0
ZC3H6	1	2	0.4	0.0
SZT2	1	1	0.4	0.0
ZNF550	1	1	0.4	0.0
RP11-173G21.1	2	2	0.4	0.0
C20orf203	1	2	0.4	0.0
CSPG4P4Y	1	1	0.4	0.0
RAB3GAP1	1	1	0.4	0.0
CAPG	1	1	0.39999999999999997	0.0
RP11-536I6.2	2	2	0.38095238095238093	0.0
AGBL1	1	1	0.375	0.0
KCNIP3	1	3	0.375	0.0
ZNF551	1	1	0.375	0.0
FAM127A	1	1	0.375	0.0
NXF5	1	1	0.375	0.0
GGTLC2	2	3	0.3526570048309179	0.0
GGT3P	3	4	0.3351046698872786	0.0
GGTLC3	3	4	0.3351046698872786	0.0
KCNN3	1	1	0.3333333333333333	0.0
KCTD19	1	1	0.3333333333333333	0.0
NDRG3	1	1	0.3333333333333333	0.0
RP11-776H12.1	1	1	0.3333333333333333	0.0
RP11-277P12.20	1	1	0.3333333333333333	0.0
AC008132.13	1	1	0.3333333333333333	0.0
HHLA2	1	1	0.3333333333333333	0.0
AC009133.17	1	1	0.3333333333333333	0.0
RP11-216L13.19	1	1	0.3333333333333333	0.0
LINC00910	1	1	0.3333333333333333	0.0
DPF2	1	1	0.3333333333333333	0.0
AC115618.1	1	1	0.3333333333333333	0.0
NMNAT1	1	1	0.3333333333333333	0.0
DUSP8P4	1	1	0.3333333333333333	0.0
DUSP8P3	1	1	0.3333333333333333	0.0
DUSP8P1	1	1	0.3333333333333333	0.0
RP11-111M22.2	1	1	0.3333333333333333	0.0
KB-1592A4.15	1	1	0.3333333333333333	0.0
HECW2	1	1	0.3333333333333333	0.0
WHAMMP3	1	1	0.3333333333333333	0.0
LINC00431	1	1	0.3333333333333333	0.0
FYTTD1	1	1	0.3333333333333333	0.0
BIRC3	1	1	0.3333333333333333	0.0
LINC00857	1	1	0.3333333333333333	0.0
RP11-13E5.2	1	1	0.3333333333333333	0.0
LINC00476	1	1	0.3333333333333333	0.0
CDCP2	1	1	0.3333333333333333	0.0
RP11-1103G16.1	1	1	0.3333333333333333	0.0
DENND4A	1	1	0.3333333333333333	0.0
RP11-320M16.1	1	1	0.3333333333333333	0.0
MAN2B1	1	1	0.3333333333333333	0.0
P2RY6	1	1	0.3333333333333333	0.0
RP11-59E19.4	1	1	0.3333333333333333	0.0
RP11-289H16.1	1	1	0.3333333333333333	0.0
PPP2R5C	1	1	0.3333333333333333	0.0
ANXA13	1	1	0.3333333333333333	0.0
SLC38A1	1	1	0.3333333333333333	0.0
RP11-815M8.1	1	1	0.3333333333333333	0.0
CTC-558O2.1	1	1	0.3333333333333333	0.0
KLHL8	1	1	0.3333333333333333	0.0
RP11-445N18.7	1	1	0.3333333333333333	0.0
SPATA31A4	1	1	0.3333333333333333	0.0
SDS	1	1	0.3333333333333333	0.0
RFPL1S	1	1	0.3333333333333333	0.0
RP11-313C15.1	1	1	0.3333333333333333	0.0
PRRT3	1	1	0.3333333333333333	0.0
DOCK7	1	1	0.3333333333333333	0.0
AC135048.13	1	1	0.3333333333333333	0.0
BAK1P1	1	1	0.3333333333333333	0.0
RP11-380M21.2	1	1	0.3333333333333333	0.0
RP11-343N15.1	1	1	0.3333333333333333	0.0
CTC-277H1.7	1	1	0.3333333333333333	0.0
SRGAP2-AS1	1	1	0.3333333333333333	0.0
AP000974.1	1	1	0.3333333333333333	0.0
C4orf50	1	1	0.3333333333333333	0.0
KCTD1	1	1	0.3333333333333333	0.0
LRRC37A17P	1	1	0.3333333333333333	0.0
CTD-2306M5.1	1	1	0.3333333333333333	0.0
AC093690.1	1	1	0.3333333333333333	0.0
RP5-971N18.3	1	1	0.3333333333333333	0.0
SPINT2	1	1	0.3333333333333333	0.0
FBXO27	1	1	0.3333333333333333	0.0
TRIM24	1	1	0.3333333333333333	0.0
FAM153B	1	1	0.3333333333333333	0.0
USP13	1	1	0.3333333333333333	0.0
MTND1P14	1	1	0.3333333333333333	0.0
ARHGEF39	1	1	0.3333333333333333	0.0
EIF2AK2	1	1	0.3333333333333333	0.0
SIPA1L3	1	1	0.3333333333333333	0.0
PTBP2	1	1	0.3333333333333333	0.0
ZNF734P	2	2	0.325	0.0
RP11-561N12.2	2	2	0.325	0.0
ZNF479	2	2	0.325	0.0
ABHD12B	3	3	0.3214285714285714	0.0
NXF2B	1	1	0.3125	0.0
NXF2	1	1	0.3125	0.0
CCDC120	1	1	0.30000000000000004	0.0
CCDC144CP	1	2	0.2857142857142857	0.0
COX17P1	1	1	0.2857142857142857	0.0
RRP36	1	1	0.2857142857142857	0.0
CAP2P1	1	2	0.2857142857142857	0.0
ZMAT1	1	2	0.2857142857142857	0.0
CTC-490G23.2	3	3	0.2738095238095238	0.0
AC074289.1	3	3	0.2738095238095238	0.0
NBPF11	1	1	0.2631578947368421	0.0
NDUFB5	1	1	0.25	0.0
RP11-384D10.1	1	1	0.25	0.0
GCLC	1	1	0.25	0.0
FLOT1	1	1	0.25	0.0
MTRNR2L3	1	1	0.25	0.0
MTRNR2L4	1	1	0.25	0.0
MRPL46	1	1	0.25	0.0
C2orf81	1	1	0.25	0.0
MLXIP	1	1	0.25	0.0
REL	1	1	0.25	0.0
RP11-113C12.4	1	1	0.25	0.0
ARHGAP19-SLIT1	1	1	0.25	0.0
SOAT1	1	1	0.25	0.0
RP11-111F5.5	1	1	0.25	0.0
ZNF679	1	1	0.25	0.0
RP11-478P10.1	1	1	0.25	0.0
ZNF624	1	1	0.25	0.0
LINC00276	1	1	0.25	0.0
RP11-373L24.1	1	1	0.25	0.0
RP11-475I24.1	1	1	0.25	0.0
PROSC	1	1	0.25	0.0
PPIP5K1	1	1	0.25	0.0
PDS5A	1	1	0.25	0.0
AC090425.1	1	1	0.25	0.0
RAB6C	1	1	0.25	0.0
POLR2J4	1	1	0.25	0.0
TXLNB	1	1	0.25	0.0
C7orf50	1	1	0.25	0.0
MUC20	1	1	0.25	0.0
REXO1L9P	2	2	0.25	0.0
RP11-433J20.1	1	1	0.25	0.0
AGO3	1	1	0.25	0.0
RP11-281P23.1	1	1	0.25	0.0
MTND1P6	1	1	0.25	0.0
MTND1P9	1	1	0.25	0.0
CLEC4M	1	1	0.25	0.0
LYRM4	1	1	0.25	0.0
ZNF474	1	1	0.25	0.0
ZNF850	1	1	0.25	0.0
GNAL	1	1	0.25	0.0
REXO1L8P	2	2	0.25	0.0
REXO1L2P	2	2	0.25	0.0
REXO1L3P	2	2	0.25	0.0
REXO1L11P	2	2	0.25	0.0
YIPF6	1	1	0.25	0.0
RP11-697E2.7	1	1	0.25	0.0
GPR125	1	1	0.25	0.0
AC073869.1	1	1	0.25	0.0
RP11-179A16.2	1	1	0.25	0.0
CACNG8	1	1	0.25	0.0
RP11-475O6.1	1	1	0.25	0.0
RP11-204M4.2	1	1	0.25	0.0
CCSER1	1	1	0.25	0.0
AC138035.2	1	1	0.2222222222222222	0.0
LINC01001	1	1	0.2222222222222222	0.0
OLFML2A	1	1	0.2222222222222222	0.0
RP4-669L17.10	1	1	0.2222222222222222	0.0
CTSS	1	1	0.2	0.0
TLN1	1	1	0.2	0.0
RP11-117D22.2	1	1	0.2	0.0
DLG5	1	1	0.2	0.0
PHTF1	1	1	0.2	0.0
SALL3	1	1	0.2	0.0
AL356356.1	1	1	0.2	0.0
RNF4	1	1	0.2	0.0
TRAPPC3L	1	1	0.2	0.0
RP11-47I22.4	1	1	0.2	0.0
RP11-47I22.3	1	1	0.2	0.0
NSUN5	1	1	0.2	0.0
SUCLG2P4	1	2	0.2	0.0
CYSLTR1	1	1	0.2	0.0
RP11-756P10.3	1	1	0.2	0.0
RP11-143K11.1	1	2	0.2	0.0
RP1-90L6.2	1	1	0.2	0.0
TATDN1P1	1	2	0.2	0.0
AC006273.5	1	1	0.2	0.0
RP11-1042B17.3	1	1	0.2	0.0
AC011294.3	1	2	0.2	0.0
BEND3P2	1	1	0.2	0.0
CFLAR	1	1	0.2	0.0
CSPG4P3Y	1	1	0.2	0.0
RP11-706O15.7	1	1	0.2	0.0
RP11-706O15.5	1	1	0.2	0.0
RP11-706O15.3	1	1	0.2	0.0
TP53RK	1	2	0.2	0.0
CSPG4P1Y	1	1	0.2	0.0
CSPG4P2Y	1	1	0.2	0.0
METTL16	1	1	0.2	0.0
SLC7A14	1	1	0.2	0.0
ADAMTSL4	1	1	0.2	0.0
RPL36A	1	1	0.2	0.0
APOOP4	1	1	0.2	0.0
RP11-634B22.4	1	2	0.2	0.0
SCRN3	1	1	0.18181818181818182	0.0
SSBP2	1	1	0.18181818181818182	0.0
CTD-2501M5.1	1	1	0.1764705882352941	0.0
PBRM1	1	1	0.16666666666666666	0.0
AP000539.3	1	1	0.16666666666666666	0.0
LY6G5B	1	1	0.16666666666666666	0.0
RP11-535K18.2	1	1	0.16666666666666666	0.0
AL583842.3	1	1	0.16666666666666666	0.0
CR383657.1	1	1	0.16666666666666666	0.0
USP17L13	1	1	0.16666666666666666	0.0
CR392039.1	1	1	0.16666666666666666	0.0
AC134878.1	1	1	0.16666666666666666	0.0
IPO5	1	1	0.16666666666666666	0.0
BAK1P2	1	1	0.16666666666666666	0.0
STEAP4	1	1	0.16666666666666666	0.0
AC118282.1	1	1	0.16666666666666666	0.0
CDC27P1	1	1	0.16666666666666666	0.0
RP11-517H2.6	1	1	0.16666666666666666	0.0
RP11-23E10.3	1	1	0.16666666666666666	0.0
NBPF10	1	1	0.15789473684210525	0.0
FAM90A21P	1	1	0.14705882352941177	0.0
ERVMER34-1	1	1	0.14285714285714285	0.0
NKIRAS2	1	1	0.14285714285714285	0.0
RP11-426L16.8	1	1	0.14285714285714285	0.0
DDTL	1	1	0.14285714285714285	0.0
ZNF716	1	1	0.125	0.0
SMYD4	1	1	0.125	0.0
AC079781.7	1	1	0.125	0.0
MLLT6	1	1	0.125	0.0
RP11-489M13.3	1	1	0.125	0.0
VWA3B	1	1	0.125	0.0
RP11-382N13.4	1	1	0.125	0.0
RP11-303G3.9	1	1	0.125	0.0
RP11-52B19.10	1	1	0.125	0.0
SLC38A3	1	1	0.125	0.0
FAM127C	1	1	0.125	0.0
MIR24-2	1	1	0.125	0.0
TMOD3	1	1	0.125	0.0
METTL6	1	1	0.125	0.0
POU5F1B	1	1	0.125	0.0
C6orf141	1	1	0.125	0.0
MORF4L1P1	1	1	0.125	0.0
AF228730.5	1	1	0.125	0.0
SHPK	1	1	0.125	0.0
SPATA33	1	1	0.125	0.0
MIR4454	1	1	0.11764705882352941	0.0
ANXA4	1	1	0.1111111111111111	0.0
OR2H5P	1	1	0.1111111111111111	0.0
RP11-384K6.6	1	1	0.1111111111111111	0.0
AL627309.1	1	1	0.1111111111111111	0.0
AP003068.23	1	1	0.1111111111111111	0.0
SPATA31A6	1	1	0.1111111111111111	0.0
SPATA31A7	1	1	0.1111111111111111	0.0
SPATA31A5	1	1	0.1111111111111111	0.0
SPATA31A2	1	1	0.1111111111111111	0.0
SPATA31A3	1	1	0.1111111111111111	0.0
SPATA31A1	1	1	0.1111111111111111	0.0
RP1-90J20.11	1	1	0.1111111111111111	0.0
OR2H2	1	1	0.1111111111111111	0.0
LRRC37A5P	1	1	0.1111111111111111	0.0
RP11-274B21.2	1	1	0.1111111111111111	0.0
NBPF12	1	1	0.10526315789473684	0.0
NBPF15	1	1	0.10526315789473684	0.0
NBPF14	1	1	0.10526315789473684	0.0
RP5-1021I20.5	1	1	0.1	0.0
HMGN1P38	1	1	0.1	0.0
PSD4	1	1	0.1	0.0
RP11-252A24.2	1	1	0.1	0.0
TCP11L2	1	1	0.1	0.0
COPS5	1	1	0.1	0.0
SMN1	1	1	0.1	0.0
SMN2	1	1	0.1	0.0
CPED1	1	1	0.1	0.0
SAMD4B	1	1	0.1	0.0
DDX19A	1	1	0.1	0.0
THOC5	1	1	0.1	0.0
CASP10	1	1	0.09523809523809523	0.0
RAB3IP	1	1	0.09090909090909091	0.0
FSTL4	1	1	0.09090909090909091	0.0
DUX4L15	1	1	0.09090909090909091	0.0
DUX4L13	1	1	0.09090909090909091	0.0
DUX4L11	1	1	0.09090909090909091	0.0
DUX4L6	1	1	0.09090909090909091	0.0
DUX4L5	1	1	0.09090909090909091	0.0
DUX4L4	1	1	0.09090909090909091	0.0
DUX4L3	1	1	0.09090909090909091	0.0
DUX4L2	1	1	0.09090909090909091	0.0
DUX4L8	1	1	0.09090909090909091	0.0
DUX4L7	1	1	0.09090909090909091	0.0
BCAS3	1	1	0.09090909090909091	0.0
CHRM3	1	1	0.09090909090909091	0.0
DUX4	1	1	0.09090909090909091	0.0
FAM90A3P	1	1	0.08823529411764705	0.0
FAM90A18P	1	1	0.08823529411764705	0.0
FAM90A17P	1	1	0.08823529411764705	0.0
USP17L16P	1	1	0.08333333333333333	0.0
USP17L11	1	1	0.08333333333333333	0.0
USP17L12	1	1	0.08333333333333333	0.0
USP17L15	1	1	0.08333333333333333	0.0
USP17L17	1	1	0.08333333333333333	0.0
USP17L19	1	1	0.08333333333333333	0.0
USP17L20	1	1	0.08333333333333333	0.0
USP17L21	1	1	0.08333333333333333	0.0
USP17L22	1	1	0.08333333333333333	0.0
USP17L9P	1	1	0.08333333333333333	0.0
RP11-277P12.10	1	1	0.058823529411764705	0.0
FAM90A5P	1	1	0.058823529411764705	0.0
CTD-2354A18.1	1	1	0.058823529411764705	0.0
RP11-1144P22.1	1	1	0.058823529411764705	0.0
RP11-359M6.1	1	1	0.058823529411764705	0.0
RP11-297P16.4	1	1	0.058823529411764705	0.0
FAM90A15P	1	1	0.058823529411764705	0.0
FAM90A13P	1	1	0.058823529411764705	0.0
RP11-3B12.3	1	1	0.058823529411764705	0.0
RPL39L	1	1	0.058823529411764705	0.0
WI2-3658N16.1	1	1	0.05263157894736842	0.0
NBPF16	1	1	0.05263157894736842	0.0
NBPF20	1	1	0.05263157894736842	0.0
NBPF24	1	1	0.05263157894736842	0.0
RP11-561I11.3	1	1	0.047619047619047616	0.0
LINC01057	1	1	0.047619047619047616	0.0
DNAL1	1	1	0.047619047619047616	0.0
FAM90A2P	1	1	0.029411764705882353	0.0
FAM90A4P	1	1	0.029411764705882353	0.0
FAM90A6P	1	1	0.029411764705882353	0.0
FAM90A8P	1	1	0.029411764705882353	0.0
FAM90A7P	1	1	0.029411764705882353	0.0
FAM90A20P	1	1	0.029411764705882353	0.0
FAM90A23P	1	1	0.029411764705882353	0.0
FAM90A22P	1	1	0.029411764705882353	0.0
FAM90A19P	1	1	0.029411764705882353	0.0
FAM90A16P	1	1	0.029411764705882353	0.0
FAM90A14P	1	1	0.029411764705882353	0.0
FAM90A12P	1	1	0.029411764705882353	0.0
FAM90A11P	1	1	0.029411764705882353	0.0
FAM90A10P	1	1	0.029411764705882353	0.0
