ReferenceID	uniqueReadCount	totalReadCount	multimapAdjustedReadCount	multimapAdjustedBarcodeCount
tRNA-Gly-GCC-1-5	4414	492621	90496.27855892015	0.0
tRNA-Gly-GCC-1-3	4414	492621	90496.27855892015	0.0
tRNA-Gly-GCC-1-4	4414	492621	90496.27855892015	0.0
tRNA-Gly-GCC-1-1	4414	492621	90496.27855892015	0.0
tRNA-Gly-GCC-1-2	4414	492621	90496.27855892015	0.0
tRNA-Gly-CCC-1-2	3571	278269	26710.485364891643	0.0
tRNA-Gly-CCC-1-1	3571	278269	26710.485364891643	0.0
tRNA-Gly-GCC-2-1	3910	285771	26262.081647497806	0.0
tRNA-Gly-GCC-2-5	3910	285771	26262.081647497806	0.0
tRNA-Gly-GCC-2-4	3910	285771	26262.081647497806	0.0
tRNA-Gly-GCC-2-3	3910	285771	26262.081647497806	0.0
tRNA-Gly-GCC-2-2	3910	285771	26262.081647497806	0.0
tRNA-Gly-GCC-2-6	3910	285771	26262.081647497806	0.0
tRNA-Gly-GCC-3-1	3833	285659	26253.85691556307	0.0
tRNA-Gly-GCC-5-1	3624	285136	26208.053985160197	0.0
tRNA-Glu-CTC-1-7	3539	191692	23894.290690975624	0.0
tRNA-Glu-CTC-1-6	3539	191692	23894.290690975624	0.0
tRNA-Glu-CTC-1-5	3539	191692	23894.290690975624	0.0
tRNA-Glu-CTC-1-4	3539	191692	23894.290690975624	0.0
tRNA-Glu-CTC-1-3	3539	191692	23894.290690975624	0.0
tRNA-Glu-CTC-1-2	3539	191692	23894.290690975624	0.0
tRNA-Glu-CTC-1-1	3539	191692	23894.290690975624	0.0
tRNA-Glu-CTC-2-1	3302	190425	23756.687804972742	0.0
tRNA-Glu-TTC-2-2	1466	23921	10934.033333333333	0.0
tRNA-Glu-TTC-2-1	1466	23921	10934.033333333333	0.0
tRNA-His-GTG-1-4	2591	84060	9276.955555555764	0.0
tRNA-His-GTG-1-5	2591	84060	9276.955555555764	0.0
tRNA-His-GTG-1-2	2591	84060	9276.955555555764	0.0
tRNA-His-GTG-1-3	2591	84060	9276.955555555764	0.0
tRNA-His-GTG-1-1	2591	84060	9276.955555555764	0.0
tRNA-His-GTG-1-9	2591	84060	9276.955555555764	0.0
tRNA-His-GTG-1-8	2591	84060	9276.955555555764	0.0
tRNA-His-GTG-1-7	2591	84060	9276.955555555764	0.0
tRNA-His-GTG-1-6	2591	84060	9276.955555555764	0.0
tRNA-Val-CAC-2-1	629	9133	8747.078285173724	0.0
tRNA-Val-CAC-8-1	1559	53539	4255.933912178653	0.0
tRNA-Glu-TTC-1-2	770	9110	3528.5333333333333	0.0
tRNA-Glu-TTC-1-1	770	9110	3528.5333333333333	0.0
tRNA-Glu-TTC-9-1	1493	51916	3492.2725485422848	0.0
tRNA-His-GTG-2-1	419	8477	3370.3999999999896	0.0
tRNA-Val-AAC-2-1	356	3398	3020.997277271232	0.0
tRNA-Gly-CCC-6-1	1363	49739	2918.3354051301253	0.0
tRNA-Lys-CTT-2-1	853	14610	2460.492438770372	0.0
tRNA-Lys-CTT-2-3	853	14610	2460.492438770372	0.0
tRNA-Lys-CTT-2-2	853	14610	2460.492438770372	0.0
tRNA-Lys-CTT-2-5	853	14610	2460.492438770372	0.0
tRNA-Lys-CTT-2-4	853	14610	2460.492438770372	0.0
tRNA-Lys-TTT-3-4	750	12903	2082.1316897971333	0.0
tRNA-Lys-TTT-3-5	750	12903	2082.1316897971333	0.0
tRNA-Lys-TTT-3-2	750	12903	2082.1316897971333	0.0
tRNA-Lys-TTT-3-3	750	12903	2082.1316897971333	0.0
tRNA-Lys-TTT-3-1	750	12903	2082.1316897971333	0.0
tRNA-Lys-TTT-5-1	662	12728	2060.3463362617827	0.0
tRNA-Lys-CTT-3-1	526	11114	1940.8492416896852	0.0
tRNA-Val-CAC-1-5	1020	26281	1709.132270391283	0.0
tRNA-Val-CAC-1-4	1020	26281	1709.132270391283	0.0
tRNA-Val-CAC-1-6	1020	26281	1709.132270391283	0.0
tRNA-Val-CAC-1-1	1020	26281	1709.132270391283	0.0
tRNA-Val-CAC-1-3	1020	26281	1709.132270391283	0.0
tRNA-Val-CAC-1-2	1020	26281	1709.132270391283	0.0
tRNA-Val-CAC-4-1	1011	26265	1707.9767758857886	0.0
tRNA-Val-CAC-5-1	1001	26248	1706.410620064486	0.0
tRNA-Val-AAC-3-1	971	26170	1702.195111553389	0.0
tRNA-Val-AAC-1-1	984	26196	1699.2366354706483	0.0
tRNA-Val-AAC-1-2	984	26196	1699.2366354706483	0.0
tRNA-Val-AAC-1-3	984	26196	1699.2366354706483	0.0
tRNA-Val-AAC-1-4	984	26196	1699.2366354706483	0.0
tRNA-Val-AAC-1-5	984	26196	1699.2366354706483	0.0
tRNA-Val-AAC-4-1	972	26178	1698.1189210771986	0.0
tRNA-Glu-TTC-4-1	957	8323	1660.4655466755476	0.0
tRNA-Glu-TTC-4-2	957	8323	1660.4655466755476	0.0
tRNA-Glu-TTC-3-1	697	7012	1522.2014052614074	0.0
tRNA-Glu-TTC-8-1	645	6913	1505.5098901098927	0.0
tRNA-Lys-CTT-4-1	563	4414	1370.4889900132493	0.0
tRNA-Lys-CTT-1-1	562	4453	1361.391745591005	0.0
tRNA-Lys-CTT-1-2	562	4453	1361.391745591005	0.0
tRNA-Val-CAC-3-1	206	1484	1191.3881879944956	0.0
tRNA-Val-TAC-1-1	380	2336	1071.0400584795325	0.0
tRNA-Val-TAC-1-2	380	2336	1071.0400584795325	0.0
tRNA-Gly-CCC-chr1-16	478	18670	940.6519464834655	0.0
tRNA-Gly-CCC-chr1-19	478	18670	940.6519464834655	0.0
tRNA-Pro-TGG-2-1	294	1386	739.0882205513784	0.0
tRNA-Cys-GCA-6-1	246	3065	709.4520330546652	0.0
tRNA-Gly-CCC-2-2	311	1342	669.4	0.0
tRNA-Gly-CCC-2-1	311	1342	669.4	0.0
tRNA-Val-TAC-2-1	203	755	502.9166666666664	0.0
tRNA-Asp-GTC-1-1	174	546	486.025641025641	0.0
tRNA-Val-AAC-5-1	248	6284	396.9860079119367	0.0
tRNA-Ala-CGC-3-1	116	2123	352.09285714285716	0.0
tRNA-Glu-TTC-10-1	297	1859	346.98296703296666	0.0
tRNA-Asp-GTC-2-4	670	3702	311.87004662004716	0.0
tRNA-Asp-GTC-2-3	670	3702	311.87004662004716	0.0
tRNA-Asp-GTC-2-2	670	3702	311.87004662004716	0.0
tRNA-Asp-GTC-2-1	670	3702	311.87004662004716	0.0
tRNA-Asp-GTC-2-9	670	3702	311.87004662004716	0.0
tRNA-Asp-GTC-2-8	670	3702	311.87004662004716	0.0
tRNA-Asp-GTC-2-7	670	3702	311.87004662004716	0.0
tRNA-Asp-GTC-2-6	670	3702	311.87004662004716	0.0
tRNA-Asp-GTC-2-5	670	3702	311.87004662004716	0.0
tRNA-Asp-GTC-2-10	670	3702	311.87004662004716	0.0
tRNA-Asp-GTC-2-11	670	3702	311.87004662004716	0.0
tRNA-Val-CAC-7-1	90	4407	297.42470760233925	0.0
tRNA-Lys-TTT-4-1	288	1629	296.65101646719273	0.0
tRNA-Cys-GCA-4-1	223	2009	294.2346299125715	0.0
tRNA-Cys-GCA-2-3	230	2017	293.0713626243042	0.0
tRNA-Cys-GCA-2-4	230	2017	293.0713626243042	0.0
tRNA-Cys-GCA-2-1	230	2017	293.0713626243042	0.0
tRNA-Cys-GCA-2-2	230	2017	293.0713626243042	0.0
tRNA-Pro-TGG-3-5	575	4501	277.9765547447036	0.0
tRNA-Pro-TGG-3-3	575	4501	277.9765547447036	0.0
tRNA-Pro-TGG-3-4	575	4501	277.9765547447036	0.0
tRNA-Pro-TGG-3-1	575	4501	277.9765547447036	0.0
tRNA-Pro-TGG-3-2	575	4501	277.9765547447036	0.0
tRNA-Gly-TCC-1-1	164	361	267.81666666666666	0.0
tRNA-Ala-AGC-4-1	96	2041	265.9928571428571	0.0
tRNA-Ala-AGC-6-1	67	266	262.2142857142858	0.0
tRNA-Ala-TGC-4-1	91	2035	258.8261904761904	0.0
tRNA-Ala-CGC-2-1	103	2047	258.67619047619036	0.0
tRNA-Ala-TGC-3-2	103	2047	258.67619047619036	0.0
tRNA-Ala-TGC-3-1	103	2047	258.67619047619036	0.0
tRNA-Ala-AGC-2-1	207	2720	257.1611600387912	0.0
tRNA-Ala-AGC-2-2	207	2720	257.1611600387912	0.0
tRNA-Ala-CGC-1-1	94	2037	255.9261904761904	0.0
tRNA-Ala-TGC-2-1	94	2037	255.9261904761904	0.0
tRNA-Pro-CGG-1-1	548	4355	252.95988807803766	0.0
tRNA-Pro-CGG-1-2	548	4355	252.95988807803766	0.0
tRNA-Pro-CGG-1-3	548	4355	252.95988807803766	0.0
tRNA-Pro-CGG-2-1	538	4345	252.39962406014982	0.0
tRNA-Pro-AGG-1-1	524	4286	237.25196324143639	0.0
tRNA-Ala-AGC-3-1	188	2679	236.99449337212465	0.0
tRNA-Pro-AGG-2-4	530	4293	236.77933252248212	0.0
tRNA-Pro-AGG-2-3	530	4293	236.77933252248212	0.0
tRNA-Pro-AGG-2-6	530	4293	236.77933252248212	0.0
tRNA-Pro-AGG-2-5	530	4293	236.77933252248212	0.0
tRNA-Pro-AGG-2-8	530	4293	236.77933252248212	0.0
tRNA-Pro-AGG-2-7	530	4293	236.77933252248212	0.0
tRNA-Pro-AGG-2-1	530	4293	236.77933252248212	0.0
tRNA-Pro-AGG-2-2	530	4293	236.77933252248212	0.0
tRNA-Ala-AGC-5-1	182	2671	234.96116003879132	0.0
tRNA-Ala-CGC-4-1	180	2669	233.627826705458	0.0
tRNA-Ala-AGC-7-1	180	2669	233.627826705458	0.0
tRNA-Gly-GCC-4-1	179	1932	232.88922371488167	0.0
tRNA-Ala-TGC-6-1	145	2281	228.6575525351839	0.0
tRNA-Lys-CTT-7-1	270	1552	217.63854699222316	0.0
tRNA-Gly-CCC-5-1	268	3349	208.38058830947816	0.0
tRNA-Asp-GTC-3-1	466	2444	205.14743589743722	0.0
tRNA-Lys-CTT-11-1	256	1526	203.59655565023186	0.0
tRNA-Lys-TTT-6-1	232	1477	201.18959023003146	0.0
tRNA-Gln-CTG-5-1	263	1308	199.72005494505478	0.0
tRNA-Gly-CCC-4-1	185	2251	198.97021242804988	0.0
tRNA-Ala-TGC-1-1	145	2399	196.96473146736298	0.0
tRNA-Gln-CTG-2-1	343	1418	192.00946553446545	0.0
tRNA-Pro-TGG-1-1	142	278	191.93539977394462	0.0
tRNA-Ala-TGC-5-1	132	2386	190.43139813402962	0.0
tRNA-Ala-TGC-7-1	131	2384	188.43139813402962	0.0
tRNA-Val-AAC-6-1	125	2374	186.6786203562518	0.0
tRNA-Ala-TGC-8-1	121	2370	184.44250924514068	0.0
tRNA-Cys-GCA-chr5-2	177	1216	181.81330956625064	0.0
tRNA-Cys-GCA-5-1	66	357	172.6776418026418	0.0
tRNA-Ala-AGC-1-1	76	831	151.3757936507936	0.0
tRNA-Gln-CTG-1-4	332	1400	150.84279886779885	0.0
tRNA-Gln-CTG-1-3	332	1400	150.84279886779885	0.0
tRNA-Gln-CTG-1-5	332	1400	150.84279886779885	0.0
tRNA-Gln-CTG-1-1	332	1400	150.84279886779885	0.0
tRNA-Gln-CTG-1-2	332	1400	150.84279886779885	0.0
tRNA-Ser-TGA-4-1	106	1735	150.32406015037608	0.0
tRNA-Cys-GCA-15-1	193	1661	150.19779215882147	0.0
tRNA-Cys-GCA-8-1	201	1671	150.1254339614633	0.0
tRNA-Cys-GCA-13-1	194	1663	149.82279215882147	0.0
tRNA-Cys-GCA-9-4	193	1661	149.29779215882147	0.0
tRNA-Cys-GCA-9-2	193	1661	149.29779215882147	0.0
tRNA-Cys-GCA-9-3	193	1661	149.29779215882147	0.0
tRNA-Cys-GCA-9-1	193	1661	149.29779215882147	0.0
tRNA-Cys-GCA-10-1	193	1661	149.29779215882147	0.0
tRNA-Cys-GCA-14-1	193	1661	149.28870124973056	0.0
tRNA-Cys-GCA-19-1	192	1660	149.19779215882147	0.0
tRNA-Ser-AGA-1-1	110	1740	148.96951469583064	0.0
tRNA-Ser-TGA-2-1	110	1740	148.96951469583064	0.0
tRNA-Ser-AGA-4-1	95	1719	148.80779220779235	0.0
tRNA-Ser-AGA-2-6	99	1726	144.00328092959685	0.0
tRNA-Ser-AGA-2-1	99	1726	144.00328092959685	0.0
tRNA-Ser-AGA-2-3	99	1726	144.00328092959685	0.0
tRNA-Ser-AGA-2-2	99	1726	144.00328092959685	0.0
tRNA-Ser-AGA-2-5	99	1726	144.00328092959685	0.0
tRNA-Ser-AGA-2-4	99	1726	144.00328092959685	0.0
tRNA-Ser-TGA-3-1	99	1726	144.00328092959685	0.0
tRNA-Ser-AGA-3-1	95	1722	143.59808612440204	0.0
tRNA-Gly-CCC-3-1	117	378	143.42323995607748	0.0
tRNA-Val-TAC-3-1	76	254	140.87631578947372	0.0
tRNA-iMet-CAT-1-8	175	1315	138.30277777777786	0.0
tRNA-iMet-CAT-1-7	175	1315	138.30277777777786	0.0
tRNA-iMet-CAT-1-6	175	1315	138.30277777777786	0.0
tRNA-iMet-CAT-1-5	175	1315	138.30277777777786	0.0
tRNA-iMet-CAT-1-4	175	1315	138.30277777777786	0.0
tRNA-iMet-CAT-1-3	175	1315	138.30277777777786	0.0
tRNA-iMet-CAT-1-2	175	1315	138.30277777777786	0.0
tRNA-iMet-CAT-1-1	175	1315	138.30277777777786	0.0
tRNA-iMet-CAT-2-1	171	1310	137.67777777777786	0.0
tRNA-Lys-CTT-6-1	205	557	134.16767399267405	0.0
tRNA-Cys-GCA-1-1	147	856	130.1610750360751	0.0
tRNA-Ala-AGC-11-1	33	133	130.0	0.0
tRNA-Gln-TTG-2-1	184	907	125.03315018315016	0.0
tRNA-Asp-ATC-chr6-103	45	772	106.12454212454213	0.0
tRNA-Ser-GCT-3-1	76	523	100.71096491228066	0.0
tRNA-SeC-TCA-1-1	40	105	98.5	0.0
tRNA-Gln-TTG-3-1	160	871	95.64743589743601	0.0
tRNA-Gln-TTG-3-2	160	871	95.64743589743601	0.0
tRNA-Gln-TTG-3-3	160	871	95.64743589743601	0.0
tRNA-Und-NNN-3-1	80	493	94.999938949939	0.0
tRNA-Gln-TTG-1-1	163	870	94.747435897436	0.0
tRNA-Leu-TAG-2-1	58	134	85.09177489177489	0.0
tRNA-Gly-CCC-7-1	78	373	82.59000000000003	0.0
tRNA-Leu-CAA-4-1	73	142	80.73095238095236	0.0
tRNA-Ser-GCT-5-1	46	489	72.10025062656638	0.0
tRNA-Ser-GCT-4-3	52	496	71.71096491228066	0.0
tRNA-Ser-GCT-4-2	52	496	71.71096491228066	0.0
tRNA-Ser-GCT-4-1	52	496	71.71096491228066	0.0
tRNA-Thr-CGT-6-1	56	709	70.89999999999999	0.0
tRNA-Ser-GCT-2-1	45	483	70.67763157894733	0.0
tRNA-Ser-GCT-1-1	44	482	69.17763157894733	0.0
tRNA-Arg-CCG-2-1	58	72	67.74285714285713	0.0
tRNA-Leu-AAG-3-1	89	567	64.54101731601737	0.0
tRNA-Leu-AAG-2-1	90	570	64.0743506493507	0.0
tRNA-Leu-AAG-2-3	90	570	64.0743506493507	0.0
tRNA-Leu-AAG-2-2	90	570	64.0743506493507	0.0
tRNA-Leu-AAG-2-4	90	570	64.0743506493507	0.0
tRNA-Ala-AGC-8-1	40	130	64.0	0.0
tRNA-Ala-AGC-8-2	40	130	64.0	0.0
tRNA-Leu-TAG-1-1	77	549	63.59696969696975	0.0
tRNA-Glu-TTC-6-1	87	310	62.25728715728719	0.0
tRNA-Asp-GTC-5-1	118	736	62.0192307692308	0.0
tRNA-Gly-TCC-3-1	97	155	61.81666666666667	0.0
tRNA-Leu-CAG-2-2	98	551	61.319841269841355	0.0
tRNA-Leu-CAG-2-1	98	551	61.319841269841355	0.0
tRNA-Leu-CAG-1-7	97	549	61.03412698412708	0.0
tRNA-Leu-CAG-1-6	97	549	61.03412698412708	0.0
tRNA-Leu-CAG-1-5	97	549	61.03412698412708	0.0
tRNA-Leu-CAG-1-4	97	549	61.03412698412708	0.0
tRNA-Leu-CAG-1-3	97	549	61.03412698412708	0.0
tRNA-Leu-CAG-1-2	97	549	61.03412698412708	0.0
tRNA-Leu-CAG-1-1	97	549	61.03412698412708	0.0
tRNA-Leu-AAG-1-3	74	545	60.388636363636415	0.0
tRNA-Leu-AAG-1-1	74	545	60.388636363636415	0.0
tRNA-Leu-AAG-1-2	74	545	60.388636363636415	0.0
tRNA-Thr-TGT-3-1	47	95	58.91666666666667	0.0
tRNA-Arg-CCT-4-1	76	118	51.40952380952385	0.0
tRNA-Gly-TCC-2-6	159	329	48.50714285714285	0.0
tRNA-Gly-TCC-2-5	159	329	48.50714285714285	0.0
tRNA-Gly-TCC-2-4	159	329	48.50714285714285	0.0
tRNA-Gly-TCC-2-3	159	329	48.50714285714285	0.0
tRNA-Gly-TCC-2-2	159	329	48.50714285714285	0.0
tRNA-Gly-TCC-2-1	159	329	48.50714285714285	0.0
tRNA-Cys-ACA-1-1	72	345	44.722315592903826	0.0
tRNA-Glu-CTC-3-1	73	336	43.53747474747477	0.0
tRNA-Gln-CTG-6-1	80	174	42.008458208458215	0.0
tRNA-Arg-TCT-1-1	46	62	41.199999999999996	0.0
tRNA-Val-TAC-4-1	48	287	39.94321895424838	0.0
tRNA-Leu-TAA-1-1	28	45	38.845238095238095	0.0
tRNA-Und-NNN-4-1	52	240	37.38888888888891	0.0
tRNA-Thr-TGT-4-1	42	89	31.58333333333333	0.0
tRNA-Gly-GCC-6-1	26	81	30.166666666666664	0.0
tRNA-Arg-CCT-3-1	60	94	29.74285714285712	0.0
tRNA-Leu-CAA-1-2	57	104	29.730952380952367	0.0
tRNA-Leu-CAA-1-1	57	104	29.730952380952367	0.0
tRNA-Gln-TTG-4-1	42	137	29.62243589743589	0.0
tRNA-Lys-CTT-chr15-5	47	109	27.56666666666667	0.0
tRNA-Cys-GCA-17-1	74	359	27.43547326856151	0.0
tRNA-Met-CAT-1-1	28	46	27.333333333333332	0.0
tRNA-Thr-TGT-5-1	35	64	26.583333333333332	0.0
tRNA-Asn-GTT-6-1	75	165	26.440151515151516	0.0
tRNA-Cys-GCA-20-1	72	352	25.928771636859874	0.0
tRNA-Cys-GCA-chr11-21	73	364	25.619525327613566	0.0
tRNA-Cys-GCA-22-1	71	351	25.428771636859874	0.0
tRNA-Met-CAT-6-1	24	44	25.333333333333336	0.0
tRNA-Met-CAT-3-2	59	78	24.119047619047617	0.0
tRNA-Met-CAT-3-1	59	78	24.119047619047617	0.0
tRNA-Arg-CCT-1-1	57	89	23.742857142857126	0.0
tRNA-Arg-CCT-2-1	57	89	23.742857142857126	0.0
tRNA-Leu-TAG-3-1	19	35	21.924242424242422	0.0
tRNA-Trp-CCA-2-1	18	22	21.166666666666664	0.0
tRNA-Lys-CTT-5-1	59	115	20.780340492840494	0.0
tRNA-Val-CAC-6-1	54	213	19.68654295051354	0.0
tRNA-Thr-TGT-6-1	22	47	19.666666666666664	0.0
tRNA-Lys-TTT-15-1	6	49	18.75	0.0
tRNA-Lys-TTT-2-1	70	146	17.96998177261335	0.0
tRNA-Lys-TTT-1-1	70	146	17.96998177261335	0.0
tRNA-Asn-GTT-3-1	81	174	17.639185331576623	0.0
tRNA-Asn-GTT-3-2	81	174	17.639185331576623	0.0
tRNA-Asn-GTT-2-1	83	176	17.43085199824329	0.0
tRNA-Asn-GTT-2-2	83	176	17.43085199824329	0.0
tRNA-Asn-GTT-2-3	83	176	17.43085199824329	0.0
tRNA-Asn-GTT-2-4	83	176	17.43085199824329	0.0
tRNA-Asn-GTT-2-5	83	176	17.43085199824329	0.0
tRNA-Asn-GTT-2-6	83	176	17.43085199824329	0.0
tRNA-Asn-GTT-1-1	70	161	17.022518664909956	0.0
tRNA-Cys-GCA-3-1	40	156	16.62632783882784	0.0
tRNA-Cys-GCA-16-1	39	155	16.52632783882784	0.0
tRNA-Arg-TCT-3-1	41	55	15.126190476190477	0.0
tRNA-Arg-TCT-3-2	41	55	15.126190476190477	0.0
tRNA-Leu-CAA-3-1	37	76	14.73095238095238	0.0
tRNA-Leu-CAA-2-1	37	76	14.73095238095238	0.0
tRNA-Gly-TCC-4-1	44	89	14.523809523809515	0.0
tRNA-Thr-TGT-2-1	20	39	14.25	0.0
tRNA-Tyr-GTA-1-1	27	47	13.565219867851448	0.0
tRNA-Leu-AAG-4-1	25	45	13.067532467532468	0.0
tRNA-Tyr-GTA-2-1	41	63	12.910457963089534	0.0
tRNA-Glu-TTC-7-1	34	118	12.872727272727273	0.0
tRNA-Arg-CCT-5-1	36	61	12.333333333333329	0.0
tRNA-Ile-TAT-2-1	26	42	12.266666666666667	0.0
tRNA-Gln-CTG-4-2	59	143	12.097347097347104	0.0
tRNA-Gln-CTG-4-1	59	143	12.097347097347104	0.0
tRNA-Arg-TCT-2-1	31	46	11.983333333333333	0.0
tRNA-Gln-CTG-3-1	58	142	11.76401376401377	0.0
tRNA-Gln-CTG-3-2	58	142	11.76401376401377	0.0
tRNA-Lys-CTT-10-1	28	49	11.414487718164184	0.0
tRNA-Thr-AGT-3-1	14	14	11.250000000000002	0.0
tRNA-Ile-AAT-5-5	63	142	11.246836496836499	0.0
tRNA-Ile-AAT-5-4	63	142	11.246836496836499	0.0
tRNA-Ile-AAT-5-3	63	142	11.246836496836499	0.0
tRNA-Ile-AAT-5-2	63	142	11.246836496836499	0.0
tRNA-Ile-AAT-5-1	63	142	11.246836496836499	0.0
tRNA-Arg-TCG-1-1	10	11	11.0	0.0
tRNA-Ile-AAT-1-1	60	139	10.964296814296818	0.0
tRNA-Ile-AAT-7-2	55	132	10.71754356754357	0.0
tRNA-Ile-AAT-7-1	55	132	10.71754356754357	0.0
tRNA-Cys-GCA-7-1	21	37	10.70541958041958	0.0
tRNA-Tyr-GTA-3-1	23	41	10.565219867851447	0.0
tRNA-Ile-AAT-2-1	54	126	10.557947607947614	0.0
tRNA-Trp-CCA-4-1	9	12	10.45	0.0
tRNA-Tyr-GTA-5-3	40	69	10.352813852813851	0.0
tRNA-Arg-TCG-3-1	27	36	10.285714285714285	0.0
tRNA-Lys-TTT-8-1	48	112	10.225829725829726	0.0
tRNA-Gln-CTG-7-1	35	102	9.994749694749695	0.0
tRNA-Ile-TAT-3-1	15	27	9.933333333333332	0.0
tRNA-Lys-CTT-chr7-30	58	89	9.553825341325338	0.0
tRNA-Ile-AAT-4-1	39	106	9.444311244311246	0.0
tRNA-Tyr-GTA-5-5	39	68	9.352813852813853	0.0
tRNA-Tyr-GTA-5-4	39	68	9.352813852813853	0.0
tRNA-Tyr-GTA-5-2	39	68	9.352813852813853	0.0
tRNA-Tyr-GTA-5-1	39	68	9.352813852813853	0.0
tRNA-Ile-AAT-8-1	43	58	9.128654678654678	0.0
tRNA-Ile-TAT-1-1	17	32	8.933333333333332	0.0
tRNA-Tyr-GTA-8-1	21	33	8.898553201184779	0.0
tRNA-Arg-TCT-5-1	26	40	8.650000000000002	0.0
tRNA-Arg-CCG-1-3	27	35	8.619047619047619	0.0
tRNA-Arg-CCG-1-2	27	35	8.619047619047619	0.0
tRNA-Arg-CCG-1-1	27	35	8.619047619047619	0.0
tRNA-Gln-CTG-chr19-4	29	95	7.963003663003663	0.0
tRNA-Lys-TTT-14-1	32	78	7.795093795093792	0.0
tRNA-Phe-GAA-1-6	40	52	7.650000000000002	0.0
tRNA-Phe-GAA-1-1	40	52	7.650000000000002	0.0
tRNA-Phe-GAA-1-2	40	52	7.650000000000002	0.0
tRNA-Phe-GAA-1-3	40	52	7.650000000000002	0.0
tRNA-Phe-GAA-1-4	40	52	7.650000000000002	0.0
tRNA-Phe-GAA-1-5	40	52	7.650000000000002	0.0
tRNA-Arg-ACG-1-3	18	28	7.601190476190475	0.0
tRNA-Arg-ACG-1-1	18	28	7.601190476190475	0.0
tRNA-Arg-ACG-1-2	18	28	7.601190476190475	0.0
tRNA-Ile-AAT-6-1	28	94	7.361771561771562	0.0
tRNA-Arg-ACG-2-3	26	33	7.267857142857143	0.0
tRNA-Arg-ACG-2-2	26	33	7.267857142857143	0.0
tRNA-Arg-ACG-2-4	26	33	7.267857142857143	0.0
tRNA-Arg-ACG-2-1	26	33	7.267857142857143	0.0
tRNA-Lys-TTT-11-1	18	28	7.111111111111112	0.0
tRNA-Tyr-GTA-6-1	21	46	7.007575757575757	0.0
tRNA-Ile-TAT-2-3	18	26	6.933333333333333	0.0
tRNA-Ile-TAT-2-2	18	26	6.933333333333333	0.0
tRNA-SeC-TCA-2-1	13	13	6.5	0.0
tRNA-Sup-TTA-1-1	15	27	6.337301587301589	0.0
tRNA-Ser-ACT-1-1	23	90	6.318181818181819	0.0
tRNA-Tyr-GTA-4-1	20	45	6.186147186147187	0.0
tRNA-Met-CAT-4-3	26	42	6.1190476190476195	0.0
tRNA-Met-CAT-4-1	26	42	6.1190476190476195	0.0
tRNA-Met-CAT-4-2	26	42	6.1190476190476195	0.0
tRNA-Met-CAT-2-1	26	42	6.1190476190476195	0.0
tRNA-Tyr-GTA-7-1	15	40	5.666666666666666	0.0
tRNA-Lys-CTT-chr16-1	32	48	5.535751748251745	0.0
tRNA-Thr-CGT-4-1	5	6	5.5	0.0
tRNA-Cys-GCA-25-1	8	11	5.432692307692308	0.0
tRNA-Asn-GTT-8-1	6	7	5.3768115942028984	0.0
tRNA-Ile-AAT-3-1	40	48	5.357947607947605	0.0
tRNA-Ile-GAT-1-1	16	80	5.338095238095239	0.0
tRNA-Ile-GAT-1-3	16	80	5.338095238095239	0.0
tRNA-Ile-GAT-1-2	16	80	5.338095238095239	0.0
tRNA-Pro-AGG-3-1	26	31	5.327694235588971	0.0
tRNA-Asp-GTC-4-1	16	32	5.237179487179486	0.0
tRNA-Cys-GCA-18-1	14	77	4.9546568627450975	0.0
tRNA-Val-CAC-10-1	7	13	4.888888888888889	0.0
tRNA-Met-CAT-5-1	20	33	4.6190476190476195	0.0
tRNA-Lys-CTT-8-1	24	25	4.582468919968918	0.0
tRNA-Thr-CGT-2-1	5	5	4.5	0.0
tRNA-Thr-TGT-1-1	9	9	4.45	0.0
tRNA-Glu-CTC-5-1	10	14	4.438888888888889	0.0
tRNA-Arg-TCG-5-1	10	11	4.285714285714285	0.0
tRNA-Lys-TTT-13-1	11	12	4.259803921568627	0.0
tRNA-Ser-CGA-4-1	5	5	4.2	0.0
tRNA-Leu-TAA-3-1	7	8	4.178571428571429	0.0
tRNA-Cys-GCA-12-1	8	51	4.1213235294117645	0.0
tRNA-Ala-AGC-23-1	2	5	4.076923076923077	0.0
tRNA-Ile-AAT-10-1	2	4	4.0	0.0
tRNA-Lys-CTT-12-1	28	41	3.7996406371406377	0.0
tRNA-Phe-GAA-5-1	19	27	3.5904761904761893	0.0
tRNA-Arg-TCG-4-1	9	10	3.285714285714285	0.0
tRNA-Lys-CTT-9-1	4	4	3.2	0.0
tRNA-Ile-AAT-9-1	4	5	3.1833333333333336	0.0
tRNA-Trp-CCA-3-2	10	15	3.016666666666667	0.0
tRNA-Trp-CCA-3-1	10	15	3.016666666666667	0.0
tRNA-Trp-CCA-3-3	10	15	3.016666666666667	0.0
tRNA-Sup-CTA-chr5-1	2	3	3.0	0.0
tRNA-Phe-GAA-2-1	12	15	2.9595238095238097	0.0
tRNA-Trp-CCA-1-1	9	14	2.766666666666667	0.0
tRNA-Phe-GAA-10-1	17	21	2.743463203463203	0.0
tRNA-Thr-CGT-3-1	14	15	2.6861111111111113	0.0
tRNA-Thr-AGT-6-1	14	15	2.6861111111111113	0.0
tRNA-Thr-AGT-2-2	14	15	2.6861111111111113	0.0
tRNA-Thr-AGT-2-1	14	15	2.6861111111111113	0.0
tRNA-Ala-AGC-22-1	5	9	2.6666666666666665	0.0
tRNA-Ser-TGA-1-1	6	7	2.590909090909091	0.0
tRNA-Phe-GAA-3-1	9	12	2.566666666666667	0.0
tRNA-Trp-CCA-5-1	8	13	2.566666666666667	0.0
tRNA-Ala-AGC-13-2	3	7	2.333333333333333	0.0
tRNA-Ala-AGC-13-1	3	7	2.333333333333333	0.0
tRNA-Arg-TCG-2-1	7	8	2.2857142857142856	0.0
tRNA-Thr-AGT-1-1	13	13	2.1861111111111113	0.0
tRNA-Thr-AGT-1-3	13	13	2.1861111111111113	0.0
tRNA-Thr-AGT-1-2	13	13	2.1861111111111113	0.0
tRNA-Thr-AGT-5-1	13	13	2.1861111111111113	0.0
tRNA-Cys-GCA-chr12-14	2	3	2.111111111111111	0.0
tRNA-Leu-AAG-7-1	3	3	2.090909090909091	0.0
tRNA-Gln-CTG-8-2	5	5	1.8888888888888888	0.0
tRNA-Gln-CTG-8-1	5	5	1.8888888888888888	0.0
tRNA-Lys-CTT-16-1	10	10	1.8	0.0
tRNA-Lys-TTT-7-1	6	7	1.7301587301587298	0.0
tRNA-Asn-GTT-5-1	14	19	1.6157004830917878	0.0
tRNA-Phe-GAA-4-1	6	6	1.583333333333333	0.0
tRNA-Thr-AGT-4-1	7	7	1.5611111111111111	0.0
tRNA-Ser-GCT-6-1	8	10	1.4966791979949872	0.0
tRNA-Lys-CTT-14-1	13	16	1.35270979020979	0.0
tRNA-Asn-GTT-7-1	4	4	1.2575757575757576	0.0
tRNA-Leu-TAA-4-1	2	3	1.25	0.0
tRNA-Cys-GCA-11-1	11	16	1.2217594497006263	0.0
tRNA-Ala-CGC-5-1	3	3	1.2142857142857142	0.0
tRNA-Asn-GTT-21-1	2	2	1.0666666666666667	0.0
tRNA-Thr-CGT-5-1	1	1	1.0	0.0
tRNA-Tyr-ATA-1-1	2	2	1.0	0.0
tRNA-Ala-TGC-9-1	1	1	1.0	0.0
tRNA-Asn-GTT-4-1	8	12	0.8066095740008783	0.0
tRNA-Leu-TAA-2-1	4	5	0.8035714285714286	0.0
tRNA-Ser-CGA-3-1	3	4	0.6285714285714286	0.0
tRNA-Cys-GCA-21-1	6	8	0.6145104895104896	0.0
tRNA-Cys-GCA-23-1	6	8	0.6145104895104896	0.0
tRNA-Ser-CGA-2-1	4	5	0.5909090909090909	0.0
tRNA-Ser-CGA-1-1	4	5	0.5909090909090909	0.0
tRNA-Tyr-GTA-11-1	5	5	0.5583333333333333	0.0
tRNA-Asn-GTT-16-1	4	8	0.5490338164251207	0.0
tRNA-Asn-GTT-16-2	4	8	0.5490338164251207	0.0
tRNA-Asn-GTT-16-3	4	8	0.5490338164251207	0.0
tRNA-Asn-GTT-16-4	4	8	0.5490338164251207	0.0
tRNA-Asn-GTT-16-5	4	8	0.5490338164251207	0.0
tRNA-Tyr-GTA-chr14-8	2	2	0.5333333333333333	0.0
tRNA-Tyr-GTA-chr1-127	2	2	0.5333333333333333	0.0
tRNA-Tyr-GTA-chr21-2	2	2	0.5333333333333333	0.0
tRNA-Asn-GTT-17-1	1	1	0.5	0.0
tRNA-Leu-TAA-chr11-12	1	1	0.5	0.0
tRNA-Cys-GCA-24-1	6	7	0.4951923076923077	0.0
tRNA-Lys-TTT-chr3-2	2	5	0.4545454545454546	0.0
tRNA-Asn-GTT-9-2	4	8	0.4157004830917874	0.0
tRNA-Asn-GTT-9-1	4	8	0.4157004830917874	0.0
tRNA-Phe-GAA-6-1	3	4	0.4	0.0
tRNA-Leu-CAG-chr9-3	2	2	0.38888888888888884	0.0
tRNA-Gln-CTG-10-1	2	2	0.38888888888888884	0.0
tRNA-Lys-CTT-15-1	5	5	0.3841783216783217	0.0
tRNA-Asn-GTT-12-1	2	2	0.37681159420289856	0.0
tRNA-Asn-GTT-10-1	2	2	0.37681159420289856	0.0
tRNA-Cys-GCA-chrX-3	2	3	0.3333333333333333	0.0
tRNA-Tyr-GTA-9-1	2	3	0.3333333333333333	0.0
tRNA-Leu-TAG-4-1	1	1	0.3333333333333333	0.0
tRNA-Ala-AGC-9-1	2	2	0.3333333333333333	0.0
tRNA-Ala-AGC-9-2	2	2	0.3333333333333333	0.0
tRNA-Asn-ATT-1-2	2	6	0.2934782608695652	0.0
tRNA-Asn-ATT-1-1	2	6	0.2934782608695652	0.0
tRNA-Thr-CGT-1-1	3	3	0.25	0.0
tRNA-Glu-TTC-11-1	2	2	0.25	0.0
tRNA-Gln-CTG-12-1	3	3	0.2333333333333333	0.0
tRNA-Tyr-GTA-chr10-3	1	1	0.2	0.0
tRNA-Arg-TCT-4-1	1	1	0.2	0.0
tRNA-Tyr-GTA-chr9-10	1	1	0.2	0.0
tRNA-Lys-TTT-10-1	2	2	0.19444444444444442	0.0
tRNA-Gln-CTG-9-1	2	2	0.17777777777777776	0.0
tRNA-Ala-AGC-15-1	1	1	0.16666666666666666	0.0
tRNA-Ala-AGC-10-1	1	1	0.16666666666666666	0.0
tRNA-Ala-AGC-12-3	1	1	0.16666666666666666	0.0
tRNA-Ala-AGC-12-1	1	1	0.16666666666666666	0.0
tRNA-Ala-AGC-12-2	1	1	0.16666666666666666	0.0
tRNA-Ala-AGC-14-1	1	1	0.16666666666666666	0.0
tRNA-Ser-AGA-5-1	2	2	0.1625	0.0
tRNA-Leu-AAG-5-1	1	1	0.125	0.0
tRNA-Leu-AAG-6-1	1	1	0.09090909090909091	0.0
tRNA-Ala-AGC-20-1	1	1	0.07142857142857142	0.0
tRNA-Lys-TTT-9-1	1	1	0.07142857142857142	0.0
tRNA-Asn-GTT-13-1	1	1	0.06666666666666667	0.0
tRNA-Asn-GTT-18-1	1	1	0.06666666666666667	0.0
tRNA-Lys-CTT-13-1	1	1	0.0625	0.0
tRNA-Val-AAC-7-1	1	1	0.05555555555555555	0.0
tRNA-Gln-CTG-11-1	1	1	0.05555555555555555	0.0
tRNA-Leu-CAG-chr9-7	1	1	0.05	0.0
tRNA-Leu-CAA-6-1	1	1	0.05	0.0
