ReferenceID	uniqueReadCount	totalReadCount	multimapAdjustedReadCount	multimapAdjustedBarcodeCount
tRNA-Gly-GCC-1-5	2984	80716	13165.095605629871	0.0
tRNA-Gly-GCC-1-3	2984	80716	13165.095605629871	0.0
tRNA-Gly-GCC-1-4	2984	80716	13165.095605629871	0.0
tRNA-Gly-GCC-1-1	2984	80716	13165.095605629871	0.0
tRNA-Gly-GCC-1-2	2984	80716	13165.095605629871	0.0
tRNA-Gly-CCC-1-2	2562	66000	8866.71911545316	0.0
tRNA-Gly-CCC-1-1	2562	66000	8866.71911545316	0.0
tRNA-Gly-GCC-2-1	3192	81827	7772.596385405372	0.0
tRNA-Gly-GCC-2-5	3192	81827	7772.596385405372	0.0
tRNA-Gly-GCC-2-4	3192	81827	7772.596385405372	0.0
tRNA-Gly-GCC-2-3	3192	81827	7772.596385405372	0.0
tRNA-Gly-GCC-2-2	3192	81827	7772.596385405372	0.0
tRNA-Gly-GCC-2-6	3192	81827	7772.596385405372	0.0
tRNA-Gly-GCC-3-1	3165	81779	7765.581233890217	0.0
tRNA-Gly-GCC-5-1	2800	76562	7359.862616645791	0.0
tRNA-Glu-CTC-1-7	2169	51243	6372.775949050948	0.0
tRNA-Glu-CTC-1-6	2169	51243	6372.775949050948	0.0
tRNA-Glu-CTC-1-5	2169	51243	6372.775949050948	0.0
tRNA-Glu-CTC-1-4	2169	51243	6372.775949050948	0.0
tRNA-Glu-CTC-1-3	2169	51243	6372.775949050948	0.0
tRNA-Glu-CTC-1-2	2169	51243	6372.775949050948	0.0
tRNA-Glu-CTC-1-1	2169	51243	6372.775949050948	0.0
tRNA-Glu-CTC-2-1	1971	50242	6262.515054390054	0.0
tRNA-Lys-CTT-2-1	1746	24367	3932.2875590912445	0.0
tRNA-Lys-CTT-2-3	1746	24367	3932.2875590912445	0.0
tRNA-Lys-CTT-2-2	1746	24367	3932.2875590912445	0.0
tRNA-Lys-CTT-2-5	1746	24367	3932.2875590912445	0.0
tRNA-Lys-CTT-2-4	1746	24367	3932.2875590912445	0.0
tRNA-His-GTG-1-4	1946	33450	3695.4555555556203	0.0
tRNA-His-GTG-1-5	1946	33450	3695.4555555556203	0.0
tRNA-His-GTG-1-2	1946	33450	3695.4555555556203	0.0
tRNA-His-GTG-1-3	1946	33450	3695.4555555556203	0.0
tRNA-His-GTG-1-1	1946	33450	3695.4555555556203	0.0
tRNA-His-GTG-1-9	1946	33450	3695.4555555556203	0.0
tRNA-His-GTG-1-8	1946	33450	3695.4555555556203	0.0
tRNA-His-GTG-1-7	1946	33450	3695.4555555556203	0.0
tRNA-His-GTG-1-6	1946	33450	3695.4555555556203	0.0
tRNA-Lys-TTT-3-4	1723	17441	2627.036732140391	0.0
tRNA-Lys-TTT-3-5	1723	17441	2627.036732140391	0.0
tRNA-Lys-TTT-3-2	1723	17441	2627.036732140391	0.0
tRNA-Lys-TTT-3-3	1723	17441	2627.036732140391	0.0
tRNA-Lys-TTT-3-1	1723	17441	2627.036732140391	0.0
tRNA-Glu-TTC-2-2	691	5668	2617.25	0.0
tRNA-Glu-TTC-2-1	691	5668	2617.25	0.0
tRNA-Lys-TTT-5-1	1530	16742	2558.141663320328	0.0
tRNA-Lys-CTT-3-1	1000	16312	2529.7190886727676	0.0
tRNA-Val-CAC-2-1	424	2604	2259.393761364192	0.0
tRNA-Lys-CTT-4-1	923	7610	1822.9724012098973	0.0
tRNA-Lys-CTT-1-1	931	7722	1806.549446386943	0.0
tRNA-Lys-CTT-1-2	931	7722	1806.549446386943	0.0
tRNA-Gly-CCC-6-1	947	14504	1723.8133699730859	0.0
tRNA-Val-AAC-2-1	259	1514	1336.2361462668737	0.0
tRNA-Gln-CTG-5-1	600	4749	1330.8666361416274	0.0
tRNA-Val-CAC-8-1	879	12861	1203.4005051461268	0.0
tRNA-Val-TAC-1-1	391	2665	1177.423976608188	0.0
tRNA-Val-TAC-1-2	391	2665	1177.423976608188	0.0
tRNA-Lys-TTT-4-1	847	6952	956.8956246368009	0.0
tRNA-Glu-TTC-9-1	757	11654	881.5198201448545	0.0
tRNA-Arg-CCT-2-1	227	2932	744.0500000000019	0.0
tRNA-Arg-CCT-1-1	226	2931	743.0500000000019	0.0
tRNA-Gln-TTG-2-1	557	3624	731.2568736818766	0.0
tRNA-Glu-TTC-4-1	613	3839	685.9632506382515	0.0
tRNA-Glu-TTC-4-2	613	3839	685.9632506382515	0.0
tRNA-Glu-TTC-1-2	403	1762	664.25	0.0
tRNA-Glu-TTC-1-1	403	1762	664.25	0.0
tRNA-Gln-TTG-1-1	514	3509	629.0783022533036	0.0
tRNA-Ala-TGC-2-1	126	3281	617.6385281385286	0.0
tRNA-Gly-CCC-2-2	320	1233	616.5	0.0
tRNA-Gly-CCC-2-1	320	1233	616.5	0.0
tRNA-Ala-CGC-1-1	122	3276	616.1266233766238	0.0
tRNA-Ala-TGC-3-2	121	3281	614.1385281385286	0.0
tRNA-Ala-TGC-3-1	121	3281	614.1385281385286	0.0
tRNA-Ala-CGC-2-1	119	3278	614.1266233766238	0.0
tRNA-Arg-CCT-4-1	260	2643	608.0500000000005	0.0
tRNA-Val-TAC-2-1	235	1168	598.3333333333335	0.0
tRNA-Arg-CCT-3-1	251	2632	597.0500000000005	0.0
tRNA-Gln-CTG-2-1	761	4879	596.5163253413265	0.0
tRNA-Lys-CTT-7-1	571	4265	585.4076237488005	0.0
tRNA-Glu-TTC-3-1	408	2833	577.0309274059282	0.0
tRNA-Lys-CTT-11-1	556	4242	572.5321908483675	0.0
tRNA-Lys-TTT-6-1	561	4688	569.6573309860075	0.0
tRNA-Glu-TTC-8-1	387	2792	567.8733516483526	0.0
tRNA-Gln-CTG-1-4	770	4931	566.916325341327	0.0
tRNA-Gln-CTG-1-3	770	4931	566.916325341327	0.0
tRNA-Gln-CTG-1-5	770	4931	566.916325341327	0.0
tRNA-Gln-CTG-1-1	770	4931	566.916325341327	0.0
tRNA-Gln-CTG-1-2	770	4931	566.916325341327	0.0
tRNA-Val-CAC-1-5	746	7463	520.0992802046601	0.0
tRNA-Val-CAC-1-4	746	7463	520.0992802046601	0.0
tRNA-Val-CAC-1-6	746	7463	520.0992802046601	0.0
tRNA-Val-CAC-1-1	746	7463	520.0992802046601	0.0
tRNA-Val-CAC-1-3	746	7463	520.0992802046601	0.0
tRNA-Val-CAC-1-2	746	7463	520.0992802046601	0.0
tRNA-Val-CAC-4-1	729	7429	517.5525769079567	0.0
tRNA-Val-CAC-5-1	684	7311	508.00507532972637	0.0
tRNA-Val-AAC-3-1	595	6761	494.26829266794374	0.0
tRNA-Gln-TTG-3-1	487	3087	488.20052447552257	0.0
tRNA-Gln-TTG-3-2	487	3087	488.20052447552257	0.0
tRNA-Gln-TTG-3-3	487	3087	488.20052447552257	0.0
tRNA-Arg-CCT-5-1	172	2400	480.39999999999947	0.0
tRNA-Val-AAC-1-1	610	6809	441.23261353799205	0.0
tRNA-Val-AAC-1-2	610	6809	441.23261353799205	0.0
tRNA-Val-AAC-1-3	610	6809	441.23261353799205	0.0
tRNA-Val-AAC-1-4	610	6809	441.23261353799205	0.0
tRNA-Val-AAC-1-5	610	6809	441.23261353799205	0.0
tRNA-Tyr-GTA-chr1-127	411	1364	436.0727272727261	0.0
tRNA-Tyr-GTA-chr21-2	411	1364	436.0727272727261	0.0
tRNA-Val-AAC-4-1	582	6723	435.7971147230814	0.0
tRNA-Tyr-GTA-chr14-8	406	1359	434.0727272727261	0.0
tRNA-Lys-CTT-6-1	342	1694	394.85382950382933	0.0
tRNA-Glu-TTC-10-1	255	1731	328.8648046398047	0.0
tRNA-Ala-AGC-1-1	48	375	323.6825396825397	0.0
tRNA-Leu-CAA-1-2	133	981	304.43869047619063	0.0
tRNA-Leu-CAA-4-1	135	782	299.4386904761904	0.0
tRNA-Leu-CAA-1-1	120	967	290.43869047619063	0.0
tRNA-Met-CAT-3-2	190	1935	282.0277777777781	0.0
tRNA-Met-CAT-3-1	190	1935	282.0277777777781	0.0
tRNA-Met-CAT-4-3	176	1917	273.2777777777781	0.0
tRNA-Met-CAT-4-1	176	1917	273.2777777777781	0.0
tRNA-Met-CAT-4-2	176	1917	273.2777777777781	0.0
tRNA-Met-CAT-2-1	176	1917	273.2777777777781	0.0
tRNA-Pro-AGG-1-1	653	3691	272.6373851294901	0.0
tRNA-Met-CAT-5-1	171	1910	272.0277777777781	0.0
tRNA-Gln-TTG-4-1	164	1012	267.4108058608056	0.0
tRNA-His-GTG-2-1	308	1976	257.89999999999964	0.0
tRNA-Pro-CGG-2-1	664	3674	255.36787802840416	0.0
tRNA-Pro-TGG-3-5	743	4011	253.57548036758573	0.0
tRNA-Pro-TGG-3-3	743	4011	253.57548036758573	0.0
tRNA-Pro-TGG-3-4	743	4011	253.57548036758573	0.0
tRNA-Pro-TGG-3-1	743	4011	253.57548036758573	0.0
tRNA-Pro-TGG-3-2	743	4011	253.57548036758573	0.0
tRNA-Gly-CCC-chr1-16	217	2559	232.4852769274966	0.0
tRNA-Gly-CCC-chr1-19	217	2559	232.4852769274966	0.0
tRNA-Ala-TGC-4-1	115	811	231.60519480519477	0.0
tRNA-Pro-CGG-1-1	702	3808	229.33738512949043	0.0
tRNA-Pro-CGG-1-2	702	3808	229.33738512949043	0.0
tRNA-Pro-CGG-1-3	702	3808	229.33738512949043	0.0
tRNA-Val-CAC-3-1	126	382	228.78751719986235	0.0
tRNA-Pro-TGG-2-1	355	1219	227.54498746867228	0.0
tRNA-Gly-CCC-5-1	133	2018	209.0981370635766	0.0
tRNA-Met-CAT-1-1	116	389	207.77777777777783	0.0
tRNA-Gly-TCC-1-1	191	818	206.98611111111114	0.0
tRNA-Pro-AGG-2-4	677	3738	205.0123851294905	0.0
tRNA-Pro-AGG-2-3	677	3738	205.0123851294905	0.0
tRNA-Pro-AGG-2-6	677	3738	205.0123851294905	0.0
tRNA-Pro-AGG-2-5	677	3738	205.0123851294905	0.0
tRNA-Pro-AGG-2-8	677	3738	205.0123851294905	0.0
tRNA-Pro-AGG-2-7	677	3738	205.0123851294905	0.0
tRNA-Pro-AGG-2-1	677	3738	205.0123851294905	0.0
tRNA-Pro-AGG-2-2	677	3738	205.0123851294905	0.0
tRNA-Gly-TCC-3-1	174	802	189.98611111111114	0.0
tRNA-Gly-CCC-4-1	125	1499	189.52986757077153	0.0
tRNA-Met-CAT-6-1	104	367	182.02777777777783	0.0
tRNA-Lys-TTT-2-1	230	1156	180.32339604839623	0.0
tRNA-Lys-TTT-1-1	230	1156	179.9900627150629	0.0
tRNA-Ala-TGC-6-1	83	554	172.54109224109231	0.0
tRNA-Thr-TGT-4-1	135	577	162.08333333333331	0.0
tRNA-Gly-CCC-3-1	89	1135	158.29525383569333	0.0
tRNA-Leu-TAA-1-1	101	227	156.95000000000002	0.0
tRNA-Thr-TGT-5-1	133	549	155.5833333333333	0.0
tRNA-Pro-TGG-1-1	156	573	150.63980785296587	0.0
tRNA-Val-TAC-3-1	87	224	146.53508771929822	0.0
tRNA-Ala-TGC-1-1	83	599	142.77940392940403	0.0
tRNA-Thr-CGT-4-1	31	133	132.5	0.0
tRNA-Gln-CTG-6-1	188	1228	127.81592296592308	0.0
tRNA-Thr-TGT-3-1	89	464	126.58333333333334	0.0
tRNA-Leu-TAG-3-1	68	157	126.51515151515153	0.0
tRNA-Thr-TGT-2-1	91	465	124.58333333333334	0.0
tRNA-Lys-TTT-7-1	54	318	124.09206349206349	0.0
tRNA-Ala-AGC-2-1	107	645	123.95278055278062	0.0
tRNA-Ala-AGC-2-2	107	645	123.95278055278062	0.0
tRNA-Ala-AGC-3-1	101	637	122.28611388611395	0.0
tRNA-Ala-CGC-3-1	69	680	122.1095238095238	0.0
tRNA-Cys-GCA-6-1	157	559	119.91022816264203	0.0
tRNA-Gly-TCC-2-6	214	894	118.20039682539692	0.0
tRNA-Gly-TCC-2-5	214	894	118.20039682539692	0.0
tRNA-Gly-TCC-2-4	214	894	118.20039682539692	0.0
tRNA-Gly-TCC-2-3	214	894	118.20039682539692	0.0
tRNA-Gly-TCC-2-2	214	894	118.20039682539692	0.0
tRNA-Gly-TCC-2-1	214	894	118.20039682539692	0.0
tRNA-Tyr-GTA-1-1	76	247	118.0623126873127	0.0
tRNA-Leu-CAG-2-2	135	933	115.87202380952385	0.0
tRNA-Leu-CAG-2-1	135	933	115.87202380952385	0.0
tRNA-Arg-TCT-1-1	112	227	113.70000000000006	0.0
tRNA-Asn-GTT-1-1	155	1105	112.38424558888104	0.0
tRNA-Asn-GTT-2-1	175	1126	112.19813447776991	0.0
tRNA-Asn-GTT-2-2	175	1126	112.19813447776991	0.0
tRNA-Asn-GTT-2-3	175	1126	112.19813447776991	0.0
tRNA-Asn-GTT-2-4	175	1126	112.19813447776991	0.0
tRNA-Asn-GTT-2-5	175	1126	112.19813447776991	0.0
tRNA-Asn-GTT-2-6	175	1126	112.19813447776991	0.0
tRNA-Val-AAC-5-1	150	1775	109.76214740282083	0.0
tRNA-Asn-GTT-6-1	130	1071	106.96913250148532	0.0
tRNA-Asn-GTT-3-1	134	1062	106.9457949055774	0.0
tRNA-Asn-GTT-3-2	134	1062	106.9457949055774	0.0
tRNA-iMet-CAT-1-8	164	934	101.24166666666683	0.0
tRNA-iMet-CAT-1-7	164	934	101.24166666666683	0.0
tRNA-iMet-CAT-1-6	164	934	101.24166666666683	0.0
tRNA-iMet-CAT-1-5	164	934	101.24166666666683	0.0
tRNA-iMet-CAT-1-4	164	934	101.24166666666683	0.0
tRNA-iMet-CAT-1-3	164	934	101.24166666666683	0.0
tRNA-iMet-CAT-1-2	164	934	101.24166666666683	0.0
tRNA-iMet-CAT-1-1	164	934	101.24166666666683	0.0
tRNA-Ala-AGC-4-1	75	527	98.8790043290043	0.0
tRNA-Leu-CAA-2-1	96	579	96.43869047619052	0.0
tRNA-Thr-TGT-1-1	70	253	94.1228937728938	0.0
tRNA-Leu-CAA-3-1	95	576	93.4386904761905	0.0
tRNA-Gln-CTG-3-1	163	1180	92.8741341991343	0.0
tRNA-Gln-CTG-3-2	163	1180	92.8741341991343	0.0
tRNA-Gln-CTG-4-2	163	1176	92.24913419913426	0.0
tRNA-Gln-CTG-4-1	163	1176	92.24913419913426	0.0
tRNA-iMet-CAT-2-1	152	843	89.86666666666683	0.0
tRNA-Arg-CCG-2-1	60	88	86.4	0.0
tRNA-Arg-TCT-2-1	122	258	85.61666666666669	0.0
tRNA-Cys-GCA-4-1	164	596	83.16953274694659	0.0
tRNA-Lys-TTT-8-1	170	831	82.72895160395174	0.0
tRNA-Tyr-GTA-2-1	99	378	81.13374125874131	0.0
tRNA-Cys-GCA-2-3	167	590	80.69201720693106	0.0
tRNA-Cys-GCA-2-4	167	590	80.69201720693106	0.0
tRNA-Cys-GCA-2-1	167	590	80.69201720693106	0.0
tRNA-Cys-GCA-2-2	167	590	80.69201720693106	0.0
tRNA-Arg-TCT-3-1	134	265	78.1166666666667	0.0
tRNA-Arg-ACG-2-3	99	533	77.69642857142861	0.0
tRNA-Arg-ACG-2-2	99	533	77.69642857142861	0.0
tRNA-Arg-ACG-2-4	99	533	77.69642857142861	0.0
tRNA-Arg-ACG-2-1	99	533	77.69642857142861	0.0
tRNA-Gln-CTG-7-1	83	1018	77.56428571428573	0.0
tRNA-Gly-GCC-4-1	137	792	77.10073705534238	0.0
tRNA-Arg-ACG-1-3	95	525	76.27976190476195	0.0
tRNA-Arg-ACG-1-1	95	525	76.27976190476195	0.0
tRNA-Arg-ACG-1-2	95	525	76.27976190476195	0.0
tRNA-Thr-AGT-3-1	70	236	76.07844932844931	0.0
tRNA-Cys-GCA-5-1	69	148	75.40102747770598	0.0
tRNA-Gln-CTG-chr19-4	73	996	75.31108058608062	0.0
tRNA-Leu-CAG-1-7	116	632	72.87202380952387	0.0
tRNA-Leu-CAG-1-6	116	632	72.87202380952387	0.0
tRNA-Leu-CAG-1-5	116	632	72.87202380952387	0.0
tRNA-Leu-CAG-1-4	116	632	72.87202380952387	0.0
tRNA-Leu-CAG-1-3	116	632	72.87202380952387	0.0
tRNA-Leu-CAG-1-2	116	632	72.87202380952387	0.0
tRNA-Leu-CAG-1-1	116	632	72.87202380952387	0.0
tRNA-Ser-GCT-3-1	108	326	69.47048872180456	0.0
tRNA-Tyr-GTA-5-5	101	413	69.0385031635032	0.0
tRNA-Arg-TCT-3-2	130	258	68.61666666666669	0.0
tRNA-Asp-GTC-2-4	268	799	68.24067599067602	0.0
tRNA-Asp-GTC-2-3	268	799	68.24067599067602	0.0
tRNA-Asp-GTC-2-2	268	799	68.24067599067602	0.0
tRNA-Asp-GTC-2-1	268	799	68.24067599067602	0.0
tRNA-Asp-GTC-2-9	268	799	68.24067599067602	0.0
tRNA-Asp-GTC-2-8	268	799	68.24067599067602	0.0
tRNA-Asp-GTC-2-7	268	799	68.24067599067602	0.0
tRNA-Asp-GTC-2-6	268	799	68.24067599067602	0.0
tRNA-Asp-GTC-2-5	268	799	68.24067599067602	0.0
tRNA-Asp-GTC-2-10	268	799	68.24067599067602	0.0
tRNA-Asp-GTC-2-11	268	799	68.24067599067602	0.0
tRNA-Val-CAC-7-1	58	1045	67.91299019607847	0.0
tRNA-Lys-TTT-14-1	127	714	67.66395826395838	0.0
tRNA-Lys-CTT-5-1	128	376	67.26685814185822	0.0
tRNA-Tyr-GTA-5-1	100	411	67.03850316350318	0.0
tRNA-Asp-GTC-1-1	67	109	65.5769230769231	0.0
tRNA-Cys-GCA-chr5-2	114	467	65.57448002189383	0.0
tRNA-Tyr-GTA-5-4	98	409	64.53850316350315	0.0
tRNA-Tyr-GTA-5-3	96	408	64.03850316350315	0.0
tRNA-Tyr-GTA-5-2	96	406	62.03850316350316	0.0
tRNA-Tyr-GTA-8-1	44	142	58.395646020646026	0.0
tRNA-Ser-GCT-5-1	100	313	49.28477443609027	0.0
tRNA-Thr-TGT-6-1	53	125	49.16666666666669	0.0
tRNA-Ser-GCT-4-3	113	326	49.13715538847122	0.0
tRNA-Ser-GCT-4-2	113	326	49.13715538847122	0.0
tRNA-Ser-GCT-4-1	113	326	49.13715538847122	0.0
tRNA-Lys-CTT-chr15-5	86	203	47.833333333333336	0.0
tRNA-Arg-TCT-5-1	95	216	46.949999999999996	0.0
tRNA-Ser-AGA-1-1	100	464	46.098843700159506	0.0
tRNA-Ser-TGA-2-1	93	447	45.723843700159506	0.0
tRNA-Leu-TAG-1-1	101	207	43.610101010101026	0.0
tRNA-Tyr-GTA-3-1	46	134	43.10397935397935	0.0
tRNA-Leu-TAG-2-1	69	108	42.56406926406929	0.0
tRNA-Cys-GCA-1-1	112	327	42.126636754050566	0.0
tRNA-Ile-TAT-2-1	31	131	42.08333333333333	0.0
tRNA-Leu-TAA-3-1	49	109	40.78333333333334	0.0
tRNA-Ser-GCT-2-1	99	276	40.73715538847121	0.0
tRNA-Ser-AGA-3-1	84	441	40.3670255183413	0.0
tRNA-Ser-AGA-4-1	72	412	39.37727272727274	0.0
tRNA-Ser-TGA-4-1	77	395	38.88748006379586	0.0
tRNA-Ser-GCT-1-1	97	274	38.7371553884712	0.0
tRNA-Ser-AGA-2-6	89	440	38.12308612440192	0.0
tRNA-Ser-AGA-2-1	89	440	38.12308612440192	0.0
tRNA-Ser-AGA-2-3	89	440	38.12308612440192	0.0
tRNA-Ser-AGA-2-2	89	440	38.12308612440192	0.0
tRNA-Ser-AGA-2-5	89	440	38.12308612440192	0.0
tRNA-Ser-AGA-2-4	89	440	38.12308612440192	0.0
tRNA-Ile-TAT-3-1	19	114	38.0	0.0
tRNA-Ile-TAT-1-1	23	122	37.75	0.0
tRNA-Ala-AGC-6-1	25	38	37.0	0.0
tRNA-Ser-TGA-3-1	79	420	36.24808612440193	0.0
tRNA-Thr-CGT-6-1	20	344	36.2	0.0
tRNA-Trp-CCA-2-1	24	36	35.16666666666667	0.0
tRNA-SeC-TCA-1-1	20	36	34.5	0.0
tRNA-Thr-CGT-3-1	59	186	33.71217948717949	0.0
tRNA-Lys-CTT-chr7-30	98	251	33.18273115773115	0.0
tRNA-Lys-TTT-11-1	72	329	32.842612942612924	0.0
tRNA-Ala-CGC-4-1	81	328	32.75278055278055	0.0
tRNA-Thr-CGT-1-1	66	206	32.52289377289378	0.0
tRNA-Gly-CCC-7-1	40	84	32.411111111111104	0.0
tRNA-Ala-AGC-7-1	81	328	31.586113886113885	0.0
tRNA-Ala-AGC-5-1	80	327	30.752780552780553	0.0
tRNA-Arg-CCG-1-3	65	115	30.388095238095236	0.0
tRNA-Arg-CCG-1-2	65	115	30.388095238095236	0.0
tRNA-Arg-CCG-1-1	65	115	30.388095238095236	0.0
tRNA-Tyr-GTA-6-1	50	169	30.342074592074592	0.0
tRNA-Tyr-GTA-chr9-10	54	145	29.40606060606059	0.0
tRNA-Asp-GTC-5-1	99	311	28.564102564102548	0.0
tRNA-Tyr-GTA-chr10-3	53	144	28.406060606060592	0.0
tRNA-Ala-TGC-5-1	65	303	27.662737262737252	0.0
tRNA-Val-AAC-6-1	55	285	27.534923409923397	0.0
tRNA-Leu-AAG-2-1	112	235	27.369624819624807	0.0
tRNA-Leu-AAG-2-3	112	235	27.369624819624807	0.0
tRNA-Leu-AAG-2-2	112	235	27.369624819624807	0.0
tRNA-Leu-AAG-2-4	112	235	27.369624819624807	0.0
tRNA-Ala-TGC-7-1	64	302	26.662737262737252	0.0
tRNA-Thr-AGT-1-1	73	213	25.970115995115993	0.0
tRNA-Thr-AGT-1-3	73	213	25.970115995115993	0.0
tRNA-Thr-AGT-1-2	73	213	25.970115995115993	0.0
tRNA-Gly-TCC-4-1	56	121	24.8253968253968	0.0
tRNA-Leu-AAG-3-1	107	210	24.502958152958144	0.0
tRNA-Lys-CTT-16-1	49	125	24.1388888888889	0.0
tRNA-Leu-AAG-1-3	97	206	24.026767676767665	0.0
tRNA-Leu-AAG-1-1	97	206	24.026767676767665	0.0
tRNA-Leu-AAG-1-2	97	206	24.026767676767665	0.0
tRNA-Val-CAC-6-1	94	296	23.772554548135034	0.0
tRNA-Leu-TAA-4-1	34	89	23.45	0.0
tRNA-Cys-GCA-9-4	123	293	23.422418994685735	0.0
tRNA-Cys-GCA-9-2	123	293	23.422418994685735	0.0
tRNA-Cys-GCA-9-3	123	293	23.422418994685735	0.0
tRNA-Cys-GCA-9-1	123	293	23.422418994685735	0.0
tRNA-Cys-GCA-10-1	122	281	23.339085661352403	0.0
tRNA-Leu-TAA-2-1	36	92	22.78333333333333	0.0
tRNA-Tyr-GTA-4-1	50	157	22.580169830169826	0.0
tRNA-Ala-TGC-8-1	49	279	22.409923409923397	0.0
tRNA-Phe-GAA-1-6	99	170	22.3401875901876	0.0
tRNA-Phe-GAA-1-1	99	170	22.3401875901876	0.0
tRNA-Phe-GAA-1-2	99	170	22.3401875901876	0.0
tRNA-Phe-GAA-1-3	99	170	22.3401875901876	0.0
tRNA-Phe-GAA-1-4	99	170	22.3401875901876	0.0
tRNA-Phe-GAA-1-5	99	170	22.3401875901876	0.0
tRNA-Cys-GCA-8-1	127	284	21.645661030427764	0.0
tRNA-Ser-TGA-1-1	21	34	21.54090909090909	0.0
tRNA-Thr-CGT-2-1	8	22	21.5	0.0
tRNA-Lys-TTT-15-1	10	29	20.749999999999996	0.0
tRNA-Arg-TCG-3-1	59	93	20.504761904761903	0.0
tRNA-Asp-GTC-3-1	92	207	19.858974358974372	0.0
tRNA-Ile-AAT-8-1	60	175	19.48542568542569	0.0
tRNA-Cys-GCA-13-1	107	241	19.16648465125139	0.0
tRNA-Thr-AGT-5-1	50	170	19.101068376068376	0.0
tRNA-Glu-TTC-6-1	40	85	18.87420634920635	0.0
tRNA-Cys-GCA-15-1	100	243	18.618600035866766	0.0
tRNA-Cys-GCA-14-1	102	241	18.544357611624346	0.0
tRNA-Cys-GCA-19-1	96	238	18.448402991531793	0.0
tRNA-Ile-AAT-2-1	71	202	18.207395382395394	0.0
tRNA-Phe-GAA-2-1	72	127	18.173520923520922	0.0
tRNA-Cys-ACA-1-1	38	110	17.933426704014934	0.0
tRNA-Und-NNN-3-1	36	104	17.828785103785098	0.0
tRNA-Tyr-GTA-7-1	36	140	17.326923076923077	0.0
tRNA-Thr-AGT-2-2	47	160	16.851068376068376	0.0
tRNA-Thr-AGT-2-1	47	160	16.851068376068376	0.0
tRNA-Arg-TCG-1-1	30	43	16.808333333333334	0.0
tRNA-Ser-ACT-1-1	27	44	16.581818181818182	0.0
tRNA-Ile-AAT-5-5	76	203	16.49628427128427	0.0
tRNA-Ile-AAT-5-4	76	203	16.49628427128427	0.0
tRNA-Ile-AAT-5-3	76	203	16.49628427128427	0.0
tRNA-Ile-AAT-5-2	76	203	16.49628427128427	0.0
tRNA-Ile-AAT-5-1	76	203	16.49628427128427	0.0
nmt-tRNA-Val-TAC-1-1	7	16	16.0	0.0
tRNA-Ile-AAT-3-1	58	176	15.97128427128427	0.0
tRNA-Lys-TTT-9-1	15	25	15.83015873015873	0.0
tRNA-Thr-AGT-6-1	44	157	15.767735042735044	0.0
tRNA-Ala-AGC-11-1	21	27	15.583333333333332	0.0
tRNA-Phe-GAA-3-1	48	67	15.328282828282823	0.0
tRNA-Lys-CTT-10-1	53	93	15.314297630474096	0.0
tRNA-Ile-AAT-4-1	63	187	14.911940836940838	0.0
tRNA-Cys-GCA-17-1	94	205	14.476319261085983	0.0
tRNA-Ile-AAT-7-2	59	181	14.285425685425684	0.0
tRNA-Ile-AAT-7-1	59	181	14.285425685425684	0.0
tRNA-Glu-CTC-3-1	28	63	14.154545454545453	0.0
tRNA-Thr-AGT-4-1	38	144	14.142735042735042	0.0
tRNA-Ile-TAT-2-2	25	40	14.083333333333334	0.0
tRNA-Arg-TCG-2-1	32	48	13.854761904761903	0.0
tRNA-Cys-GCA-7-1	52	124	13.038445778359568	0.0
tRNA-Cys-GCA-22-1	77	167	12.348943858710584	0.0
tRNA-Cys-GCA-20-1	77	167	12.348943858710584	0.0
tRNA-Lys-CTT-9-1	14	40	12.26309523809524	0.0
tRNA-Trp-CCA-4-1	17	31	11.416666666666666	0.0
tRNA-Val-TAC-4-1	22	48	11.25892242862057	0.0
tRNA-Cys-GCA-chr11-21	73	161	11.131770199036925	0.0
tRNA-Arg-TCG-5-1	32	47	9.854761904761903	0.0
tRNA-Arg-TCG-4-1	32	47	9.854761904761903	0.0
tRNA-Asn-GTT-4-1	45	65	9.301669831305379	0.0
tRNA-Ile-TAT-2-3	22	35	9.083333333333334	0.0
tRNA-Ala-AGC-8-1	19	25	9.083333333333332	0.0
tRNA-Ala-AGC-8-2	19	25	9.083333333333332	0.0
tRNA-Ser-GCT-6-1	49	63	8.780012531328321	0.0
tRNA-Sup-TTA-1-1	23	38	8.769419469419468	0.0
tRNA-Lys-CTT-8-1	30	74	8.718842268842268	0.0
tRNA-Ser-CGA-4-1	11	15	8.416666666666666	0.0
tRNA-Ile-GAT-1-1	16	100	8.39047619047619	0.0
tRNA-Ile-GAT-1-3	16	100	8.39047619047619	0.0
tRNA-Ile-GAT-1-2	16	100	8.39047619047619	0.0
tRNA-Ile-AAT-1-1	47	95	8.210606060606057	0.0
tRNA-Ala-AGC-19-1	6	8	8.0	0.0
tRNA-Leu-AAG-4-1	27	44	7.976190476190478	0.0
tRNA-Phe-GAA-5-1	43	68	7.828282828282824	0.0
tRNA-Cys-GCA-18-1	45	95	7.699108971375704	0.0
tRNA-Asp-ATC-chr6-103	19	52	7.682539682539682	0.0
tRNA-Lys-CTT-chr16-1	34	80	7.332731157731157	0.0
tRNA-Pro-AGG-3-1	34	142	6.8213032581453605	0.0
tRNA-Trp-CCA-1-1	11	19	6.166666666666668	0.0
tRNA-Lys-CTT-14-1	26	63	6.1632867132867135	0.0
tRNA-Cys-GCA-25-1	29	49	6.125906593406591	0.0
tRNA-Und-NNN-4-1	14	47	6.088888888888888	0.0
tRNA-Lys-CTT-12-1	31	71	6.071367521367521	0.0
tRNA-Thr-CGT-chr1-118	20	40	5.785714285714287	0.0
tRNA-Asn-GTT-8-1	8	11	5.586956521739131	0.0
tRNA-Ile-AAT-6-1	24	41	5.566414141414141	0.0
tRNA-Glu-TTC-7-1	12	24	5.5212121212121215	0.0
tRNA-Cys-GCA-12-1	17	30	5.4762423935091284	0.0
tRNA-Trp-CCA-3-2	11	25	5.416666666666668	0.0
tRNA-Trp-CCA-3-1	11	25	5.416666666666668	0.0
tRNA-Trp-CCA-3-3	11	25	5.416666666666668	0.0
tRNA-Gly-GCC-6-1	9	12	5.333333333333334	0.0
tRNA-Gln-CTG-12-1	12	21	5.2961843711843715	0.0
tRNA-Cys-GCA-21-1	34	53	5.22935486926866	0.0
tRNA-Cys-GCA-23-1	34	53	5.22935486926866	0.0
tRNA-Cys-GCA-3-1	21	55	4.810955710955711	0.0
tRNA-Phe-GAA-6-1	33	45	4.644949494949494	0.0
tRNA-Lys-TTT-10-1	13	22	4.57051282051282	0.0
tRNA-Cys-GCA-11-1	36	62	4.449556889470683	0.0
tRNA-Asn-GTT-7-1	17	20	4.378349673202615	0.0
tRNA-Asn-GTT-9-2	32	52	4.003184982820533	0.0
tRNA-Asn-GTT-9-1	32	52	4.003184982820533	0.0
tRNA-Asn-GTT-5-1	38	47	3.8420738717094216	0.0
tRNA-Arg-TCG-6-1	14	24	3.833333333333333	0.0
tRNA-Asn-GTT-10-1	6	9	3.5869565217391304	0.0
nmt-tRNA-Gln-TTG-9-1	4	5	3.5	0.0
tRNA-Phe-GAA-4-1	16	26	3.368686868686869	0.0
tRNA-Asp-GTC-4-1	16	32	3.352564102564103	0.0
tRNA-Cys-GCA-24-1	28	47	3.160389352027283	0.0
tRNA-Leu-AAG-6-1	3	3	3.0	0.0
tRNA-Gln-CTG-8-2	5	7	2.944444444444444	0.0
tRNA-Gln-CTG-8-1	5	7	2.944444444444444	0.0
tRNA-Ala-AGC-15-1	6	7	2.75	0.0
tRNA-Ser-AGA-5-1	7	20	2.6045454545454545	0.0
tRNA-Tyr-GTA-9-1	5	6	2.4102564102564106	0.0
tRNA-Cys-GCA-16-1	7	26	2.141025641025641	0.0
tRNA-Lys-TTT-13-1	4	14	2.0454545454545454	0.0
tRNA-Glu-TTC-5-1	2	2	2.0	0.0
nmt-tRNA-Gln-TTG-3-1	1	2	2.0	0.0
nmt-tRNA-Leu-TAA-4-1	1	2	2.0	0.0
tRNA-Ser-CGA-1-1	10	13	1.8727272727272726	0.0
tRNA-Leu-CAG-chr9-3	6	7	1.7205128205128204	0.0
tRNA-Ala-CGC-5-1	3	3	1.6666666666666665	0.0
tRNA-Glu-CTC-5-1	3	3	1.6111111111111112	0.0
tRNA-Tyr-GTA-chr7-6	7	8	1.5227272727272727	0.0
tRNA-Tyr-GTA-chr7-1	7	8	1.5227272727272727	0.0
tRNA-Gln-CTG-9-1	3	8	1.511111111111111	0.0
tRNA-Ser-CGA-2-1	6	9	1.5075757575757576	0.0
tRNA-Phe-GAA-8-1	5	6	1.5040404040404043	0.0
tRNA-SeC-TCA-2-1	3	3	1.5	0.0
nmt-tRNA-Gln-TTG-7-1	3	3	1.5	0.0
tRNA-Leu-AAG-5-1	4	4	1.375	0.0
nmt-tRNA-Tyr-GTA-chr17-33	3	4	1.2727272727272727	0.0
tRNA-Undet-NNN-chr2-20	5	5	1.25	0.0
tRNA-Undet-NNN-chr2-8	5	5	1.25	0.0
tRNA-Glu-TTC-11-1	3	3	1.225	0.0
tRNA-Ala-AGC-22-1	6	7	1.1666666666666667	0.0
tRNA-Val-CAC-10-1	2	5	1.1666666666666667	0.0
tRNA-Ala-AGC-9-1	6	7	1.1666666666666667	0.0
tRNA-Ala-AGC-9-2	6	7	1.1666666666666667	0.0
tRNA-Leu-CAA-6-1	2	2	1.0625	0.0
tRNA-Thr-CGT-5-1	1	1	1.0	0.0
tRNA-Met-CAT-7-1	1	1	1.0	0.0
tRNA-Ser-CGA-3-1	1	1	1.0	0.0
tRNA-Gln-CTG-11-1	1	1	1.0	0.0
tRNA-Lys-CTT-15-1	1	1	1.0	0.0
tRNA-Asn-GTT-13-1	11	11	0.7227941176470588	0.0
tRNA-Asn-GTT-18-1	11	11	0.7227941176470588	0.0
tRNA-Leu-TAG-4-1	2	2	0.6666666666666666	0.0
tRNA-Ile-AAT-9-1	7	7	0.6595959595959597	0.0
tRNA-Phe-GAA-10-1	2	2	0.6428571428571428	0.0
tRNA-Asn-GTT-16-1	8	11	0.642512077294686	0.0
tRNA-Asn-GTT-16-2	8	11	0.642512077294686	0.0
tRNA-Asn-GTT-16-3	8	11	0.642512077294686	0.0
tRNA-Asn-GTT-16-4	8	11	0.642512077294686	0.0
tRNA-Asn-GTT-16-5	8	11	0.642512077294686	0.0
tRNA-Ala-AGC-20-1	1	1	0.5	0.0
tRNA-Val-TAC-chr17-24	1	1	0.5	0.0
tRNA-Val-CAC-11-1	1	1	0.5	0.0
tRNA-Val-CAC-11-2	1	1	0.5	0.0
tRNA-Asn-GTT-15-1	7	7	0.4512032085561497	0.0
nmt-tRNA-Tyr-GTA-chr2-10	3	4	0.4393939393939394	0.0
tRNA-Asn-GTT-21-1	7	7	0.4311274509803921	0.0
tRNA-Tyr-ATA-chr1-52	1	1	0.3333333333333333	0.0
tRNA-Gln-CTG-10-1	1	1	0.3333333333333333	0.0
tRNA-Tyr-ATA-chr9-2	1	1	0.3333333333333333	0.0
tRNA-Tyr-ATA-chr11-9	1	1	0.3333333333333333	0.0
tRNA-Tyr-GTA-chr2-12	2	3	0.2727272727272727	0.0
nmt-tRNA-Tyr-GTA-chr4-1	2	3	0.2727272727272727	0.0
tRNA-Leu-AAG-7-1	2	3	0.2727272727272727	0.0
tRNA-Tyr-GTA-11-1	2	2	0.225	0.0
tRNA-Ile-AAT-10-1	2	2	0.18181818181818182	0.0
tRNA-Tyr-GTA-chr9-4	1	1	0.16666666666666666	0.0
tRNA-Lys-TTT-chr3-2	2	2	0.16025641025641024	0.0
tRNA-Thr-AGT-7-1	1	2	0.15384615384615385	0.0
tRNA-SeC-TCA-3-1	1	1	0.125	0.0
tRNA-Val-AAC-7-1	1	1	0.1111111111111111	0.0
tRNA-Phe-GAA-7-1	1	1	0.1111111111111111	0.0
tRNA-Asn-GTT-12-1	2	2	0.08695652173913043	0.0
tRNA-Asn-ATT-1-2	2	2	0.08695652173913043	0.0
tRNA-Asn-ATT-1-1	2	2	0.08695652173913043	0.0
tRNA-Leu-CAG-chr9-7	1	1	0.0625	0.0
tRNA-Asn-GTT-17-1	1	1	0.0625	0.0
